2.489897948556636098e-01 1.900000000000000022e-01
2.489897948556636098e-01 1.900000000000000022e-01
2.539376169189581089e-01 1.900000000000000022e-01
2.539376169189581089e-01 1.900000000000000022e-01
2.588505685529426947e-01 1.900000000000000022e-01
2.588505685529426947e-01 1.900000000000000022e-01
2.637288934327571832e-01 1.900000000000000022e-01
2.637288934327571832e-01 1.900000000000000022e-01
2.685728343944850938e-01 1.900000000000000022e-01
2.685728343944850938e-01 1.900000000000000022e-01
2.733826367753345865e-01 1.900000000000000022e-01
2.733826367753345865e-01 1.900000000000000022e-01
2.781585396450669267e-01 1.900000000000000022e-01
2.781585396450669267e-01 1.900000000000000022e-01
2.829007822581284248e-01 1.900000000000000022e-01
2.829007822581284248e-01 1.900000000000000022e-01
2.876096013882560865e-01 1.900000000000000022e-01
2.876096013882560865e-01 1.900000000000000022e-01
2.922852332648493978e-01 1.900000000000000022e-01
2.922852332648493978e-01 1.900000000000000022e-01
2.969279107426209263e-01 1.900000000000000022e-01
2.969279107426209263e-01 1.900000000000000022e-01
3.015378675856312252e-01 1.900000000000000022e-01
3.015378675856312252e-01 1.900000000000000022e-01
3.061153326228848170e-01 1.900000000000000022e-01
3.061153326228848170e-01 1.900000000000000022e-01
3.106605363167371237e-01 1.900000000000000022e-01
3.106605363167371237e-01 1.900000000000000022e-01
3.151737055475845040e-01 1.900000000000000022e-01
3.151737055475845040e-01 1.900000000000000022e-01
3.196550658487455898e-01 1.900000000000000022e-01
3.196550658487455898e-01 1.900000000000000022e-01
3.241048417088823186e-01 1.900000000000000022e-01
3.241048417088823186e-01 1.900000000000000022e-01
3.285232566995526238e-01 1.900000000000000022e-01
3.285232566995526238e-01 1.900000000000000022e-01
3.329105291083295781e-01 1.900000000000000022e-01
3.329105291083295781e-01 1.900000000000000022e-01
3.372668814271612137e-01 1.900000000000000022e-01
3.372668814271612137e-01 1.900000000000000022e-01
3.415925288929548831e-01 1.900000000000000022e-01
3.415925288929548831e-01 1.900000000000000022e-01
3.458876903277269266e-01 1.900000000000000022e-01
3.458876903277269266e-01 1.900000000000000022e-01
3.501525790469878219e-01 1.900000000000000022e-01
3.501525790469878219e-01 1.900000000000000022e-01
3.543874102192953734e-01 1.900000000000000022e-01
3.543874102192953734e-01 1.900000000000000022e-01
3.585923937889233803e-01 1.900000000000000022e-01
3.585923937889233803e-01 1.900000000000000022e-01
3.627677392132683809e-01 1.900000000000000022e-01
3.627677392132683809e-01 1.900000000000000022e-01
3.669136589400857074e-01 1.900000000000000022e-01
3.669136589400857074e-01 1.900000000000000022e-01
3.710303572381326020e-01 1.900000000000000022e-01
3.710303572381326020e-01 1.900000000000000022e-01
3.751180410079977268e-01 1.900000000000000022e-01
3.751180410079977268e-01 1.900000000000000022e-01
3.791769152511503260e-01 1.900000000000000022e-01
3.791769152511503260e-01 1.900000000000000022e-01
3.832071824826913109e-01 1.900000000000000022e-01
3.832071824826913109e-01 1.900000000000000022e-01
3.872090451102727093e-01 1.900000000000000022e-01
3.872090451102727093e-01 1.900000000000000022e-01
3.911827014663911140e-01 1.900000000000000022e-01
3.911827014663911140e-01 1.900000000000000022e-01
3.951283522020976879e-01 1.900000000000000022e-01
3.951283522020976879e-01 1.900000000000000022e-01
3.990461954157332181e-01 1.900000000000000022e-01
3.990461954157332181e-01 1.900000000000000022e-01
4.029364231451507128e-01 1.900000000000000022e-01
4.029364231451507128e-01 1.900000000000000022e-01
4.067992340083296243e-01 1.900000000000000022e-01
4.067992340083296243e-01 1.900000000000000022e-01
4.106348202815607862e-01 1.900000000000000022e-01
4.106348202815607862e-01 1.900000000000000022e-01
4.144433729754076201e-01 1.900000000000000022e-01
4.144433729754076201e-01 1.900000000000000022e-01
4.182250836509175951e-01 1.900000000000000022e-01
4.182250836509175951e-01 1.900000000000000022e-01
4.219801398224132805e-01 1.900000000000000022e-01
4.219801398224132805e-01 1.900000000000000022e-01
4.257087316772075747e-01 1.900000000000000022e-01
4.257087316772075747e-01 1.900000000000000022e-01
4.294110432259863885e-01 1.900000000000000022e-01
4.294110432259863885e-01 1.900000000000000022e-01
4.330872618945285080e-01 1.900000000000000022e-01
4.330872618945285080e-01 1.900000000000000022e-01
4.367375709448010901e-01 1.900000000000000022e-01
4.367375709448010901e-01 1.900000000000000022e-01
4.403621520677158951e-01 1.900000000000000022e-01
4.403621520677158951e-01 1.900000000000000022e-01
4.439611873387546148e-01 1.900000000000000022e-01
4.439611873387546148e-01 1.900000000000000022e-01
4.475348567502634989e-01 1.900000000000000022e-01
4.475348567502634989e-01 1.900000000000000022e-01
4.510833384263229218e-01 1.900000000000000022e-01
4.510833384263229218e-01 1.900000000000000022e-01
4.546068107102461120e-01 1.900000000000000022e-01
4.546068107102461120e-01 1.900000000000000022e-01
4.581054504767941848e-01 1.900000000000000022e-01
4.581054504767941848e-01 1.900000000000000022e-01
4.615794312007093780e-01 1.900000000000000022e-01
4.615794312007093780e-01 1.900000000000000022e-01
4.650289289988218111e-01 1.900000000000000022e-01
4.650289289988218111e-01 1.900000000000000022e-01
4.684541131888387278e-01 1.900000000000000022e-01
4.684541131888387278e-01 1.900000000000000022e-01
4.718551554938212877e-01 1.900000000000000022e-01
4.718551554938212877e-01 1.900000000000000022e-01
4.752322300938101041e-01 1.900000000000000022e-01
4.752322300938101041e-01 1.900000000000000022e-01
4.785855011303535855e-01 1.900000000000000022e-01
4.785855011303535855e-01 1.900000000000000022e-01
4.819151400015103115e-01 1.900000000000000022e-01
4.819151400015103115e-01 1.900000000000000022e-01
4.852213093108855846e-01 1.900000000000000022e-01
4.852213093108855846e-01 1.900000000000000022e-01
4.885041796650669843e-01 1.900000000000000022e-01
4.885041796650669843e-01 1.900000000000000022e-01
4.917639113476657275e-01 1.900000000000000022e-01
4.917639113476657275e-01 1.900000000000000022e-01
4.950006669152419159e-01 1.900000000000000022e-01
4.950006669152419159e-01 1.900000000000000022e-01
4.982146112459955867e-01 1.900000000000000022e-01
4.982146112459955867e-01 1.900000000000000022e-01
5.014059032284299278e-01 1.900000000000000022e-01
5.014059032284299278e-01 1.900000000000000022e-01
5.045747035781941170e-01 1.900000000000000022e-01
5.045747035781941170e-01 1.900000000000000022e-01
5.077211718812477681e-01 1.900000000000000022e-01
5.077211718812477681e-01 1.900000000000000022e-01
5.108454624585475612e-01 1.900000000000000022e-01
5.108454624585475612e-01 1.900000000000000022e-01
5.139477330164976543e-01 1.900000000000000022e-01
5.139477330164976543e-01 1.900000000000000022e-01
5.170281388187599747e-01 1.900000000000000022e-01
5.170281388187599747e-01 1.900000000000000022e-01
5.200868344881230954e-01 1.900000000000000022e-01
5.200868344881230954e-01 1.900000000000000022e-01
5.231239719109446185e-01 1.900000000000000022e-01
5.231239719109446185e-01 1.900000000000000022e-01
5.261397037778570152e-01 1.900000000000000022e-01
5.261397037778570152e-01 1.900000000000000022e-01
5.291341810864758077e-01 1.900000000000000022e-01
5.291341810864758077e-01 1.900000000000000022e-01
5.321075528911971553e-01 1.900000000000000022e-01
5.321075528911971553e-01 1.900000000000000022e-01
5.350599687926396175e-01 1.900000000000000022e-01
5.350599687926396175e-01 1.900000000000000022e-01
5.379915763344160773e-01 1.900000000000000022e-01
5.379915763344160773e-01 1.900000000000000022e-01
5.409025216796801150e-01 1.900000000000000022e-01
5.409025216796801150e-01 1.900000000000000022e-01
5.437929508553420721e-01 1.900000000000000022e-01
5.437929508553420721e-01 1.900000000000000022e-01
5.466630083567938225e-01 1.900000000000000022e-01
5.466630083567938225e-01 1.900000000000000022e-01
5.495128376398317194e-01 1.900000000000000022e-01
5.495128376398317194e-01 1.900000000000000022e-01
5.523425815361715507e-01 1.900000000000000022e-01
5.523425815361715507e-01 1.900000000000000022e-01
5.551523813375103256e-01 1.900000000000000022e-01
5.551523813375103256e-01 1.900000000000000022e-01
5.579423777591460132e-01 1.900000000000000022e-01
5.579423777591460132e-01 1.900000000000000022e-01
5.607127107817455602e-01 1.900000000000000022e-01
5.607127107817455602e-01 1.900000000000000022e-01
5.634635179141003203e-01 1.900000000000000022e-01
5.634635179141003203e-01 1.900000000000000022e-01
5.661949380995485726e-01 1.900000000000000022e-01
5.661949380995485726e-01 1.900000000000000022e-01
5.689071064731803240e-01 1.900000000000000022e-01
5.689071064731803240e-01 1.900000000000000022e-01
5.716001601458468029e-01 1.900000000000000022e-01
5.716001601458468029e-01 1.900000000000000022e-01
5.742742328750343184e-01 1.900000000000000022e-01
5.742742328750343184e-01 1.900000000000000022e-01
5.769294589885946012e-01 1.900000000000000022e-01
5.769294589885946012e-01 1.900000000000000022e-01
5.795659715210128571e-01 1.900000000000000022e-01
5.795659715210128571e-01 1.900000000000000022e-01
5.821839014354586173e-01 1.900000000000000022e-01
5.821839014354586173e-01 1.900000000000000022e-01
5.847833805281533737e-01 1.900000000000000022e-01
5.847833805281533737e-01 1.900000000000000022e-01
5.873645384789660806e-01 1.900000000000000022e-01
5.873645384789660806e-01 1.900000000000000022e-01
5.899275045189409372e-01 1.900000000000000022e-01
5.899275045189409372e-01 1.900000000000000022e-01
5.924724063894610815e-01 1.900000000000000022e-01
5.924724063894610815e-01 1.900000000000000022e-01
5.949993722487678660e-01 1.900000000000000022e-01
5.949993722487678660e-01 1.900000000000000022e-01
5.975085283017320670e-01 1.900000000000000022e-01
5.975085283017320670e-01 1.900000000000000022e-01
5.999999999999999778e-01 1.900000000000000022e-01
5.999999999999999778e-01 1.900000000000000022e-01
5.999999999999999778e-01 1.924999999999892075e-01
5.999999999999999778e-01 1.924999999999892075e-01
5.999999999999999778e-01 1.949999999999783018e-01
5.999999999999999778e-01 1.949999999999783018e-01
5.999999999999999778e-01 1.974999999999675071e-01
5.999999999999999778e-01 1.974999999999675071e-01
5.999999999999999778e-01 1.999999999999567124e-01
5.999999999999999778e-01 1.999999999999567124e-01
5.999999999999999778e-01 2.024999999999675115e-01
5.999999999999999778e-01 2.024999999999675115e-01
5.999999999999999778e-01 2.049999999999783107e-01
5.999999999999999778e-01 2.049999999999783107e-01
5.999999999999999778e-01 2.074999999999891931e-01
5.999999999999999778e-01 2.074999999999891931e-01
5.999999999999999778e-01 2.099999999999999922e-01
5.999999999999999778e-01 2.099999999999999922e-01
5.975085283017403937e-01 2.099999999999999922e-01
5.975085283017403937e-01 2.099999999999999922e-01
5.949993722487855186e-01 2.099999999999999922e-01
5.949993722487855186e-01 2.099999999999999922e-01
5.924724063894882820e-01 2.099999999999999922e-01
5.924724063894882820e-01 2.099999999999999922e-01
5.899275045189770195e-01 2.099999999999999922e-01
5.899275045189770195e-01 2.099999999999999922e-01
5.873645384790137092e-01 2.099999999999999922e-01
5.873645384790137092e-01 2.099999999999999922e-01
5.847833805282116604e-01 2.099999999999999922e-01
5.847833805282116604e-01 2.099999999999999922e-01
5.821839014355280062e-01 2.099999999999999922e-01
5.821839014355280062e-01 2.099999999999999922e-01
5.795659715210926821e-01 2.099999999999999922e-01
5.795659715210926821e-01 2.099999999999999922e-01
5.769294589886851954e-01 2.099999999999999922e-01
5.769294589886851954e-01 2.099999999999999922e-01
5.742742328751364589e-01 2.099999999999999922e-01
5.742742328751364589e-01 2.099999999999999922e-01
5.716001601459577142e-01 2.099999999999999922e-01
5.716001601459577142e-01 2.099999999999999922e-01
5.689071064732994509e-01 2.099999999999999922e-01
5.689071064732994509e-01 2.099999999999999922e-01
5.661949380996794678e-01 2.099999999999999922e-01
5.661949380996794678e-01 2.099999999999999922e-01
5.634635179142407635e-01 2.099999999999999922e-01
5.634635179142407635e-01 2.099999999999999922e-01
5.607127107818946632e-01 2.099999999999999922e-01
5.607127107818946632e-01 2.099999999999999922e-01
5.579423777593064404e-01 2.099999999999999922e-01
5.579423777593064404e-01 2.099999999999999922e-01
5.551523813376803007e-01 2.099999999999999922e-01
5.551523813376803007e-01 2.099999999999999922e-01
5.523425815363552926e-01 2.099999999999999922e-01
5.523425815363552926e-01 2.099999999999999922e-01
5.495128376400318926e-01 2.099999999999999922e-01
5.495128376400318926e-01 2.099999999999999922e-01
5.466630083570078735e-01 2.099999999999999922e-01
5.466630083570078735e-01 2.099999999999999922e-01
5.437929508555723324e-01 2.099999999999999922e-01
5.437929508555723324e-01 2.099999999999999922e-01
5.409025216799243641e-01 2.099999999999999922e-01
5.409025216799243641e-01 2.099999999999999922e-01
5.379915763346780899e-01 2.099999999999999922e-01
5.379915763346780899e-01 2.099999999999999922e-01
5.350599687929153969e-01 2.099999999999999922e-01
5.350599687929153969e-01 2.099999999999999922e-01
5.321075528914884778e-01 2.099999999999999922e-01
5.321075528914884778e-01 2.099999999999999922e-01
5.291341810867827844e-01 2.099999999999999922e-01
5.291341810867827844e-01 2.099999999999999922e-01
5.261397037781813113e-01 2.099999999999999922e-01
5.261397037781813113e-01 2.099999999999999922e-01
5.231239719112847908e-01 2.099999999999999922e-01
5.231239719112847908e-01 2.099999999999999922e-01
5.200868344884808092e-01 2.099999999999999922e-01
5.200868344884808092e-01 2.099999999999999922e-01
5.170281388191337868e-01 2.099999999999999922e-01
5.170281388191337868e-01 2.099999999999999922e-01
5.139477330168876756e-01 2.099999999999999922e-01
5.139477330168876756e-01 2.099999999999999922e-01
5.108454624589562343e-01 2.099999999999999922e-01
5.108454624589562343e-01 2.099999999999999922e-01
5.077211718816744268e-01 2.099999999999999922e-01
5.077211718816744268e-01 2.099999999999999922e-01
5.045747035786382062e-01 2.099999999999999922e-01
5.045747035786382062e-01 2.099999999999999922e-01
5.014059032288914475e-01 2.099999999999999922e-01
5.014059032288914475e-01 2.099999999999999922e-01
4.982146112464794774e-01 2.099999999999999922e-01
4.982146112464794774e-01 2.099999999999999922e-01
4.950006669157446804e-01 2.099999999999999922e-01
4.950006669157446804e-01 2.099999999999999922e-01
4.917639113481854785e-01 2.099999999999999922e-01
4.917639113481854785e-01 2.099999999999999922e-01
4.885041796656047208e-01 2.099999999999999922e-01
4.885041796656047208e-01 2.099999999999999922e-01
4.852213093114440823e-01 2.099999999999999922e-01
4.852213093114440823e-01 2.099999999999999922e-01
4.819151400020890152e-01 2.099999999999999922e-01
4.819151400020890152e-01 2.099999999999999922e-01
4.785855011309508855e-01 2.099999999999999922e-01
4.785855011309508855e-01 2.099999999999999922e-01
4.752322300944256117e-01 2.099999999999999922e-01
4.752322300944256117e-01 2.099999999999999922e-01
4.718551554944583892e-01 2.099999999999999922e-01
4.718551554944583892e-01 2.099999999999999922e-01
4.684541131894975896e-01 2.099999999999999922e-01
4.684541131894975896e-01 2.099999999999999922e-01
4.650289289995013231e-01 2.099999999999999922e-01
4.650289289995013231e-01 2.099999999999999922e-01
4.615794312014080969e-01 2.099999999999999922e-01
4.615794312014080969e-01 2.099999999999999922e-01
4.581054504775138869e-01 2.099999999999999922e-01
4.581054504775138869e-01 2.099999999999999922e-01
4.546068107109896839e-01 2.099999999999999922e-01
4.546068107109896839e-01 2.099999999999999922e-01
4.510833384270884761e-01 2.099999999999999922e-01
4.510833384270884761e-01 2.099999999999999922e-01
4.475348567510492037e-01 2.099999999999999922e-01
4.475348567510492037e-01 2.099999999999999922e-01
4.439611873395626906e-01 2.099999999999999922e-01
4.439611873395626906e-01 2.099999999999999922e-01
4.403621520685486179e-01 2.099999999999999922e-01
4.403621520685486179e-01 2.099999999999999922e-01
4.367375709456554067e-01 2.099999999999999922e-01
4.367375709456554067e-01 2.099999999999999922e-01
4.330872618954048070e-01 2.099999999999999922e-01
4.330872618954048070e-01 2.099999999999999922e-01
4.294110432268867794e-01 2.099999999999999922e-01
4.294110432268867794e-01 2.099999999999999922e-01
4.257087316781331121e-01 2.099999999999999922e-01
4.257087316781331121e-01 2.099999999999999922e-01
4.219801398233352097e-01 2.099999999999999922e-01
4.219801398233352097e-01 2.099999999999999922e-01
4.182250836518225934e-01 2.099999999999999922e-01
4.182250836518225934e-01 2.099999999999999922e-01
4.144433729762945773e-01 2.099999999999999922e-01
4.144433729762945773e-01 2.099999999999999922e-01
4.106348202824274818e-01 2.099999999999999922e-01
4.106348202824274818e-01 2.099999999999999922e-01
4.067992340091788894e-01 2.099999999999999922e-01
4.067992340091788894e-01 2.099999999999999922e-01
4.029364231459827139e-01 2.099999999999999922e-01
4.029364231459827139e-01 2.099999999999999922e-01
3.990461954165442915e-01 2.099999999999999922e-01
3.990461954165442915e-01 2.099999999999999922e-01
3.951283522028882778e-01 2.099999999999999922e-01
3.951283522028882778e-01 2.099999999999999922e-01
3.911827014671641067e-01 2.099999999999999922e-01
3.911827014671641067e-01 2.099999999999999922e-01
3.872090451110263842e-01 2.099999999999999922e-01
3.872090451110263842e-01 2.099999999999999922e-01
3.832071824834231144e-01 2.099999999999999922e-01
3.832071824834231144e-01 2.099999999999999922e-01
3.791769152518609798e-01 2.099999999999999922e-01
3.791769152518609798e-01 2.099999999999999922e-01
3.751180410086891182e-01 2.099999999999999922e-01
3.751180410086891182e-01 2.099999999999999922e-01
3.710303572388027882e-01 2.099999999999999922e-01
3.710303572388027882e-01 2.099999999999999922e-01
3.669136589407310245e-01 2.099999999999999922e-01
3.669136589407310245e-01 2.099999999999999922e-01
3.627677392138943802e-01 2.099999999999999922e-01
3.627677392138943802e-01 2.099999999999999922e-01
3.585923937895266755e-01 2.099999999999999922e-01
3.585923937895266755e-01 2.099999999999999922e-01
3.543874102198735776e-01 2.099999999999999922e-01
3.543874102198735776e-01 2.099999999999999922e-01
3.501525790475444877e-01 2.099999999999999922e-01
3.501525790475444877e-01 2.099999999999999922e-01
3.458876903282578907e-01 2.099999999999999922e-01
3.458876903282578907e-01 2.099999999999999922e-01
3.415925288934650861e-01 2.099999999999999922e-01
3.415925288934650861e-01 2.099999999999999922e-01
3.372668814276438276e-01 2.099999999999999922e-01
3.372668814276438276e-01 2.099999999999999922e-01
3.329105291087894880e-01 2.099999999999999922e-01
3.329105291087894880e-01 2.099999999999999922e-01
3.285232566999896076e-01 2.099999999999999922e-01
3.285232566999896076e-01 2.099999999999999922e-01
3.241048417092899925e-01 2.099999999999999922e-01
3.241048417092899925e-01 2.099999999999999922e-01
3.196550658491286723e-01 2.099999999999999922e-01
3.196550658491286723e-01 2.099999999999999922e-01
3.151737055479448268e-01 2.099999999999999922e-01
3.151737055479448268e-01 2.099999999999999922e-01
3.106605363170689138e-01 2.099999999999999922e-01
3.106605363170689138e-01 2.099999999999999922e-01
3.061153326231865202e-01 2.099999999999999922e-01
3.061153326231865202e-01 2.099999999999999922e-01
3.015378675859052837e-01 2.099999999999999922e-01
3.015378675859052837e-01 2.099999999999999922e-01
2.969279107428712261e-01 2.099999999999999922e-01
2.969279107428712261e-01 2.099999999999999922e-01
2.922852332650716090e-01 2.099999999999999922e-01
2.922852332650716090e-01 2.099999999999999922e-01
2.876096013884545943e-01 2.099999999999999922e-01
2.876096013884545943e-01 2.099999999999999922e-01
2.829007822583045062e-01 2.099999999999999922e-01
2.829007822583045062e-01 2.099999999999999922e-01
2.781585396452198045e-01 2.099999999999999922e-01
2.781585396452198045e-01 2.099999999999999922e-01
2.733826367754639830e-01 2.099999999999999922e-01
2.733826367754639830e-01 2.099999999999999922e-01
2.685728343945911201e-01 2.099999999999999922e-01
2.685728343945911201e-01 2.099999999999999922e-01
2.637288934328361756e-01 2.099999999999999922e-01
2.637288934328361756e-01 2.099999999999999922e-01
2.588505685529940981e-01 2.099999999999999922e-01
2.588505685529940981e-01 2.099999999999999922e-01
2.539376169189849208e-01 2.099999999999999922e-01
2.539376169189849208e-01 2.099999999999999922e-01
2.489897948556636098e-01 2.099999999999999922e-01
2.489897948556636098e-01 2.099999999999999922e-01
