4.716351131171199995e+02
4.717483593460816564e+02
4.717927339721088629e+02
4.715272523591447680e+02
4.712945408132938496e+02
4.717801401881243919e+02
4.716435002194478443e+02
4.720283835080656445e+02
4.720142407042760624e+02
4.716721598190225109e+02
4.711852523995672755e+02
4.707281888964459426e+02
4.715988997341781328e+02
4.719402228542365947e+02
4.725183751235388740e+02
4.725042410829177015e+02
4.719048512117595919e+02
4.714183872408430602e+02
4.704467138228165481e+02
4.699753370105296426e+02
4.713252656971620240e+02
4.712967642527934231e+02
4.715454205894859570e+02
4.721692626628415610e+02
4.726589674823198948e+02
4.730601465907482748e+02
4.730578503995852202e+02
4.729265511566925397e+02
4.723994724431277064e+02
4.718948140245310583e+02
4.713429584839125823e+02
4.705474125326752528e+02
4.697440595111760899e+02
4.695591850180190931e+02
4.690068673806395623e+02
4.711257609666529333e+02
4.707845270097965908e+02
4.708471628599986047e+02
4.705124754720236524e+02
4.700383604145690697e+02
4.713862998367411592e+02
4.719807323346078078e+02
4.732688867280876934e+02
4.732327878863670207e+02
4.740189108766397226e+02
4.737866486036144806e+02
4.731618532200146205e+02
4.723553607511562973e+02
4.715393411110909483e+02
4.703163995204355388e+02
4.693174587505769182e+02
4.686771432172785694e+02
4.678594451753183421e+02
4.698532691798481551e+02
4.704733844892230650e+02
4.705096163943395595e+02
4.718084221004633037e+02
4.731947486589394316e+02
4.745941137962335574e+02
4.756144658996172438e+02
4.750819759614350914e+02
4.743758690626857515e+02
4.733827319027449789e+02
4.728807736409748941e+02
4.715757774628838774e+02
4.705559798489176728e+02
4.691075318909103657e+02
4.681817408737900337e+02
4.671391107229373461e+02
4.665553776156717731e+02
4.696336845320244038e+02
4.690862333271815601e+02
4.743725083401746474e+02
4.689782483748647337e+02
4.686234685260549782e+02
4.679584273461107955e+02
4.693885277672592338e+02
4.688987114796895526e+02
4.705843319246183114e+02
4.721507619723310540e+02
4.737237749025356948e+02
4.748119884941276609e+02
4.762965953423678229e+02
4.779597408526602749e+02
4.767924189659523790e+02
4.758426988529681125e+02
4.756625893969004437e+02
4.741004213246577024e+02
4.743033355345318682e+02
4.729513804244728021e+02
4.717038744033587250e+02
4.702491464023994467e+02
4.688573126978234313e+02
4.675191060087056485e+02
4.678126754154486093e+02
4.670506235115921072e+02
4.659706886032770399e+02
4.658432042135680717e+02
4.650673169055961580e+02
4.674801533789392920e+02
4.678309835747470515e+02
4.673701961936001226e+02
4.691097475215803456e+02
4.710479677534083294e+02
4.728562233930001071e+02
4.756200883926006213e+02
4.761824606825741171e+02
4.778067022335696379e+02
4.794267391582229152e+02
4.808825530722832013e+02
4.788515965384727338e+02
4.772656580628351435e+02
4.778210136156088765e+02
4.758125747502863305e+02
4.737208499961877806e+02
4.728490062075234164e+02
4.710239508379225981e+02
4.698825689306860340e+02
4.682129472215094097e+02
4.672542323168573262e+02
4.657209646593553884e+02
4.663317000507163925e+02
4.649591179288274816e+02
4.644626097544736467e+02
4.634572024612708105e+02
4.673461300110425327e+02
4.666466243104323439e+02
4.660382478314774062e+02
4.659382795835607567e+02
4.651888997471329503e+02
4.665065223886069248e+02
4.649725545119151775e+02
4.662383686198222676e+02
4.677334795751365846e+02
4.686139137249419946e+02
4.700499515175754937e+02
4.717644303696224028e+02
4.743907051161025947e+02
4.783065187311608497e+02
4.783724389444088843e+02
4.810602047324208002e+02
4.829700558492546065e+02
4.829753405547764373e+02
4.813148877928442175e+02
4.806796927263455927e+02
4.783496537954746941e+02
4.763842078910094529e+02
4.744340135642131600e+02
4.744964336651900112e+02
4.791888290345588075e+02
4.721908304097518680e+02
4.696590986680083120e+02
4.692361911354844324e+02
4.674300598885769205e+02
4.661669388834530423e+02
4.646575783020356880e+02
4.635571837004282543e+02
4.645280458802641306e+02
4.631782318932089311e+02
4.626458271660728201e+02
4.617168413628219810e+02
4.646372171044821471e+02
4.644172110625601135e+02
4.644139790910910506e+02
4.635715435618629385e+02
4.635486964619725541e+02
4.649530196830149293e+02
4.666215331336790086e+02
4.668650318214027948e+02
4.691024279996724999e+02
4.723621414418974496e+02
4.754163500701808971e+02
4.789210120354812830e+02
4.805849877122399789e+02
4.820879268004001119e+02
4.809237168412475398e+02
4.830155109177916870e+02
4.845983599534351924e+02
4.852044407987033878e+02
4.843976573256474580e+02
4.828913759275601478e+02
4.827852918362099786e+02
4.809358394001319539e+02
4.784243429422148779e+02
4.766315505390132330e+02
4.740109165184342146e+02
4.715420665487017686e+02
4.692690863710227518e+02
4.668814192733839832e+02
4.647373048044268558e+02
4.639748147738282569e+02
4.628062966914982326e+02
4.612076671179288496e+02
4.613070294628716397e+02
4.628172733718037648e+02
4.631941998274010643e+02
4.616852398640864976e+02
4.608201413682392626e+02
4.598628147267504573e+02
4.629349220718420952e+02
4.627632755020700301e+02
4.618409019910271809e+02
4.616044339833605932e+02
4.627947338008066254e+02
4.643084481395662237e+02
4.641421389045345336e+02
4.653514468383474991e+02
4.671774212745181671e+02
4.701917461266778560e+02
4.722122665848995098e+02
4.746820055037525208e+02
4.772313998758124853e+02
4.804147929541526878e+02
4.823980029725582312e+02
4.837860337331796927e+02
4.855837494296210366e+02
4.885132734536120438e+02
4.874573824820709547e+02
4.857278520625599754e+02
4.839002403370175784e+02
4.810347617036678116e+02
4.790407837626845549e+02
4.763957625917194605e+02
4.737907087109323925e+02
4.705993354711753796e+02
4.676732037145292793e+02
4.649729666670634174e+02
4.643266962290755941e+02
4.622129987458087044e+02
4.616940109273305666e+02
4.596297647370101913e+02
4.589418263637256814e+02
4.591683301742044137e+02
4.601624647263013230e+02
4.587528031557300778e+02
4.579384468638968997e+02
4.613323797873475769e+02
4.611719262679660005e+02
4.609586585797889029e+02
4.599902997407679663e+02
4.593396569212479790e+02
4.590737293391505318e+02
4.609555744156462538e+02
4.619374623214701501e+02
4.622178959451345577e+02
4.642251438715559857e+02
4.662724437305420224e+02
4.689858650911381801e+02
4.702652612248820105e+02
4.731814367239228432e+02
4.767371210381672881e+02
4.819458793197442219e+02
4.839166358379086432e+02
4.867127535791486252e+02
4.899299612000038451e+02
4.926084357660911337e+02
4.916263174829874174e+02
4.907784521623167393e+02
4.902993633549260721e+02
4.878413637563153316e+02
4.860817861645629137e+02
4.830133051999798681e+02
4.803556299760554680e+02
4.768885069601730606e+02
4.743466107067573034e+02
4.717096466027821862e+02
4.688504315758984262e+02
4.657343212792962959e+02
4.621001898228125242e+02
4.604901369075699904e+02
4.593090143855368410e+02
4.575584960424034193e+02
4.569885160680298668e+02
4.569725091810705067e+02
4.568983971478374428e+02
4.569527381245445099e+02
4.559211392417830098e+02
4.628153230799309199e+02
4.583837398200148527e+02
4.594017818861035494e+02
4.591537966382259697e+02
4.571882514346977473e+02
4.572929476187635487e+02
4.569958264570224742e+02
4.577474352986206441e+02
4.597832300337249194e+02
4.596158921529263353e+02
4.618277448403867993e+02
4.636761213129877319e+02
4.675724455143694627e+02
4.705901431856811996e+02
4.741339660842047579e+02
4.787214835250198917e+02
4.825487932163091500e+02
4.853101364472649948e+02
4.865122052559011649e+02
4.888710937368468308e+02
4.916558922370882669e+02
4.944667915286551647e+02
4.969294433082778824e+02
4.956282548537406569e+02
4.944600281347592272e+02
4.924223130323786108e+02
4.892158117345223332e+02
4.868631634130871930e+02
4.840288460800311441e+02
4.834176251578059009e+02
4.808459698201086212e+02
4.778353381193128371e+02
4.757973133900933931e+02
4.714126759171435879e+02
4.672767513291550472e+02
4.640480311290169766e+02
4.610862537599909388e+02
4.592479436173411500e+02
4.586132898701628733e+02
4.581589070255959655e+02
4.567056696666570588e+02
4.560760809608345880e+02
4.558452587510168996e+02
4.552043346578860792e+02
4.549500456313846257e+02
4.552351203647016860e+02
4.538656571672454447e+02
4.580694111068536358e+02
4.599392016544398984e+02
4.571043699684384478e+02
4.560571756447293978e+02
4.551137631462510740e+02
4.551496172164345921e+02
4.553123373077556835e+02
4.555201662962516025e+02
4.556036201310660658e+02
4.572784913827250080e+02
4.569553065052167540e+02
4.601437007732551479e+02
4.616813466329440985e+02
4.642523775101519163e+02
4.680123786778195836e+02
4.706356824305337341e+02
4.724927476935353639e+02
4.763283615777274917e+02
4.796604362581572900e+02
4.839351821070503092e+02
4.863971669071522115e+02
4.884191610019489076e+02
4.922332743796073942e+02
4.955093611919230625e+02
5.000050299445182418e+02
5.007767694340666935e+02
5.009856211954601122e+02
4.963970675838436932e+02
4.949978568135836667e+02
4.905561418027031095e+02
4.875538594011603664e+02
4.848336837450314079e+02
4.817561059684365432e+02
4.779440469918340568e+02
4.787706001319635334e+02
4.747815956464432361e+02
4.716124757921340915e+02
4.675609463388467475e+02
4.636017359680305390e+02
4.600506953589293175e+02
4.574718322676993125e+02
4.564977885641016542e+02
4.556543488984594887e+02
4.540325121510322219e+02
4.536243702226962569e+02
4.537479004809198955e+02
4.526934969642616124e+02
4.528282028747480581e+02
4.518059999452130455e+02
4.695794214701433020e+02
4.540181769189492229e+02
4.527932642349512093e+02
4.534552780806455416e+02
4.527720751971806976e+02
4.538382744534099515e+02
4.533724076834643597e+02
4.543782750856113921e+02
4.535890406520384772e+02
4.562376054333204252e+02
4.588979404345745934e+02
4.605764184189332582e+02
4.644134258283796157e+02
4.683860802077840049e+02
4.700880682667888664e+02
4.751304674271791555e+02
4.783809048901809433e+02
4.834781886231771750e+02
4.875873294181868118e+02
4.908671645893803088e+02
4.959595942966410007e+02
4.982300295406607802e+02
5.000156709382462168e+02
4.984305951038305125e+02
4.929033904123109551e+02
4.900176978211246137e+02
4.855179583684488307e+02
4.826298920240401458e+02
4.801358000840477871e+02
4.771238641614308449e+02
4.747321912358115696e+02
4.709474368749222322e+02
4.669176338244648150e+02
4.629179865439551804e+02
4.605396090413591992e+02
4.567874318704435836e+02
4.543123165348218890e+02
4.545085112456134198e+02
4.536093334778120152e+02
4.521636216467022678e+02
4.507422866240063399e+02
4.507391893721733140e+02
4.520896137768178278e+02
4.507536300645109009e+02
4.507519781008328437e+02
4.507533349935693536e+02
4.507532597875812144e+02
4.497010009388948220e+02
4.519456936927419974e+02
4.508870711313662696e+02
4.508957627121510541e+02
4.508971933729153534e+02
4.519304442193358113e+02
4.505515956741599553e+02
4.511369331375926777e+02
4.501961535611927729e+02
4.517066791855006045e+02
4.536443253998414775e+02
4.567952403878849736e+02
4.577034075844875360e+02
4.609183764062515252e+02
4.627645971741159769e+02
4.660839286076404164e+02
4.672758879914255203e+02
4.714327453320690324e+02
4.746015427410468988e+02
4.758015246743081548e+02
4.789508432204229962e+02
4.814219410760807705e+02
4.847917437191093768e+02
4.900641700635259781e+02
4.931388080949328128e+02
4.521418263918403682e+02
4.960899041418380193e+02
4.933013397366190134e+02
4.891447762658684155e+02
4.858118001772476759e+02
4.823364804169355011e+02
4.785951279030593355e+02
4.742810057867263254e+02
4.713908991973005982e+02
4.674034576182393153e+02
4.633821826771963970e+02
4.590094366181095324e+02
4.584752559507777505e+02
4.549539239855104142e+02
4.527470463678989745e+02
4.512379950500455834e+02
4.507292961879159634e+02
4.491595217410165333e+02
4.469188368513370619e+02
4.478466826666044653e+02
4.478228116667132781e+02
4.488074031316866126e+02
4.486848754831530641e+02
4.476488726606908131e+02
4.494091840999950591e+02
4.498536263664822741e+02
4.490301092177501232e+02
4.480481752926824583e+02
4.488867537246557617e+02
4.480323417747560484e+02
4.481636634412357125e+02
4.484456701017768978e+02
4.483173797740656141e+02
4.482346995288939411e+02
4.485814783947986371e+02
4.498696882491589122e+02
4.540653018648516763e+02
4.555198550866254550e+02
4.591300419109876998e+02
4.581660421682738615e+02
4.633610088420306852e+02
4.683523893510942457e+02
4.724497893953526955e+02
4.746757614188094294e+02
4.786746757244879973e+02
4.817439876873031039e+02
4.827307524910253846e+02
4.869703902614198228e+02
4.499149696943410959e+02
4.509289534140181672e+02
4.902224425513102233e+02
4.872534427163712394e+02
4.843620955654168370e+02
4.817889043238881754e+02
4.804862974896092283e+02
4.788624225493606446e+02
4.754472681417644253e+02
4.748627990961794580e+02
4.702127947766974216e+02
4.650703379251449974e+02
4.595247017562849692e+02
4.548195960449853033e+02
4.510454489524522614e+02
4.491298615762707982e+02
4.477041853828168314e+02
4.478541278187932448e+02
4.478195644161181121e+02
4.461975118660672024e+02
4.443759311406339521e+02
4.442950871060461395e+02
4.454873566120982673e+02
4.460065980240874524e+02
4.463301942571908967e+02
4.465167404676569163e+02
4.462671619312645817e+02
4.456015013280164681e+02
4.477857097741738812e+02
4.465669887715187656e+02
4.460960990175097436e+02
4.465735729884488592e+02
4.459329793532970143e+02
4.459021834286082822e+02
4.463249406617327963e+02
4.460245897968179634e+02
4.458991839569399644e+02
4.458092442064548209e+02
4.453912518969279404e+02
4.470379031800093799e+02
4.512476482494641914e+02
4.527792614476528570e+02
4.549230732710525444e+02
4.594444547090824926e+02
4.649399695896382241e+02
4.700582344240324915e+02
4.833977402651614170e+02
4.844546626094813178e+02
4.846730987236561532e+02
4.828867820544847405e+02
4.819707027434434963e+02
4.536866511084964486e+02
4.507755089954171694e+02
4.467101759490493009e+02
4.473909188102857115e+02
4.449467303206425868e+02
4.448041866761344636e+02
4.451838977003765763e+02
4.430015495770514917e+02
4.415436756964649589e+02
4.422901283036263749e+02
4.439362381308983458e+02
4.445615512366098869e+02
4.442354601342323122e+02
4.445766599258489578e+02
4.445542948153110956e+02
4.435913274975812897e+02
4.457452620701776027e+02
4.446784771361431012e+02
4.446315423619830085e+02
4.443878387923809328e+02
4.442802738898785151e+02
4.443535817066577351e+02
4.433593601994149935e+02
4.435947123521823983e+02
4.439431289660132052e+02
4.429210564140900033e+02
4.431937141116601424e+02
4.406862376570102811e+02
4.424980986852333444e+02
4.444906300302177442e+02
4.488873644136188545e+02
4.504977676923907097e+02
4.536857876296643894e+02
4.835315036127312851e+02
4.476301490926420570e+02
4.414533930543986457e+02
4.408119640709609257e+02
4.437332086384492413e+02
4.399871969276783261e+02
4.411380725050891556e+02
4.417356201553641881e+02
4.394639125230303307e+02
4.386531894046536308e+02
4.391498203261646722e+02
4.396981736254253974e+02
4.419856841776327769e+02
4.427113567948155719e+02
4.421359929357669216e+02
4.429579440424379868e+02
4.427564872021844167e+02
4.416727140866007062e+02
4.437437578121865158e+02
4.427449411151434902e+02
4.423891174725871451e+02
4.425896480966970330e+02
4.423042677961897198e+02
4.403044168021454539e+02
4.413144507552558480e+02
4.412663998018413736e+02
4.399860131368727139e+02
4.403001293924556876e+02
4.379221936043491610e+02
4.365618925539715178e+02
4.377174128418419627e+02
4.393753739975317671e+02
4.431213164393416832e+02
4.477022955502652621e+02
4.468160403127507720e+02
4.361006993628157602e+02
4.352485178118489557e+02
4.371281215670686606e+02
4.345810071517590814e+02
4.369726063996986340e+02
4.392269591916681293e+02
4.382572158849206403e+02
4.361033499991540339e+02
4.366996134410369450e+02
4.358748044927795036e+02
4.368671486233092764e+02
4.370955607818113435e+02
4.390831870916175603e+02
4.400316694582203922e+02
4.410200962595650935e+02
4.412543770831455845e+02
4.406574122209552229e+02
4.398294395719383942e+02
4.418277282558374850e+02
4.408717453627012901e+02
4.410243822765139043e+02
4.403889867194724843e+02
4.407655841109580024e+02
4.402127975562550546e+02
4.385321531110985802e+02
4.373519404032375064e+02
4.390797067619879499e+02
4.385772035875882580e+02
4.370830309736630852e+02
4.347315315172756982e+02
4.328185169035664330e+02
4.334457578031208413e+02
4.354236367444725602e+02
4.349334498531378017e+02
4.387143785371764579e+02
4.415987955831375302e+02
4.316760012093679961e+02
4.290764000451281959e+02
4.331790159099242032e+02
4.308170586569080456e+02
4.303473002714797531e+02
4.330992041890471000e+02
4.335951122872536416e+02
4.332223040218574397e+02
4.336726007577523774e+02
4.348596817568786719e+02
4.352972977328703337e+02
4.369277700258405730e+02
4.382947213627623455e+02
4.381544825673353216e+02
4.390246171289882113e+02
4.389520064691618586e+02
4.380949760866595284e+02
4.358635294696138089e+02
4.399877703235048330e+02
4.391136543622116051e+02
4.390613418751584049e+02
4.387049502446559472e+02
4.391462165741692161e+02
4.374428029271036849e+02
4.362304861542057210e+02
4.350031305080873381e+02
4.354246938478045763e+02
4.364265316004926945e+02
4.360303401924653599e+02
4.332496262396148268e+02
4.313419246453708524e+02
4.296780438557232742e+02
4.306334921996009939e+02
4.286622251148963869e+02
4.316544764339046196e+02
4.304853874933759812e+02
4.354563430997018827e+02
4.269429932612977723e+02
4.229641963874761927e+02
4.287637244058063288e+02
4.264748334605664013e+02
4.262183939260982584e+02
4.288351836118665688e+02
4.308780586212704975e+02
4.303894152103131319e+02
4.297843000553606316e+02
4.309463509435714172e+02
4.315371345579528679e+02
4.324371668678849687e+02
4.336803282724182509e+02
4.335064985209461952e+02
4.346844367054969780e+02
4.364065247528517375e+02
4.370963240487792518e+02
4.372488570452336489e+02
4.365041134767982953e+02
4.382590803722408168e+02
4.374623019151230210e+02
4.370260940325090360e+02
4.358665282540866883e+02
4.372578147681826408e+02
4.351425850793582981e+02
4.336892600655264687e+02
4.323970791611741333e+02
4.332995252019310328e+02
4.341150365389268018e+02
4.320178532020444777e+02
4.305396329525059969e+02
4.300760751998789715e+02
4.275079008838504251e+02
4.258785463186192715e+02
4.226908061526648339e+02
4.267105720977140777e+02
4.248620049185146854e+02
4.293226474135672106e+02
4.246514771514252402e+02
4.212069586872162290e+02
4.169055922693390244e+02
4.218715829545371889e+02
4.248468921561946559e+02
4.277340579240930651e+02
4.269304583576882237e+02
4.277993587870794272e+02
4.297317538558909860e+02
4.301230074545763955e+02
4.303613321596636752e+02
4.320256196816476972e+02
4.320797408136779723e+02
4.332988303365948468e+02
4.339601975793510178e+02
4.355424311358694354e+02
4.355317462354968825e+02
4.350345333086391406e+02
4.230360037988078261e+02
4.366665750628955038e+02
4.361296319080668127e+02
4.358121920218216019e+02
4.351395038401317947e+02
4.342522281037658445e+02
4.334483352767506972e+02
4.319988934255085837e+02
4.316249251536403904e+02
4.301343303259272943e+02
4.298735981414150160e+02
4.308276339500297354e+02
4.293559555312336897e+02
4.282367085483109577e+02
4.277757474223551526e+02
4.245642849823283314e+02
4.231898523967261667e+02
4.204833246169806102e+02
4.178929382753918276e+02
4.180762514796876417e+02
4.215864883394311846e+02
4.189599121047770041e+02
4.232259986724401983e+02
4.194162952283455184e+02
4.158188630488577928e+02
4.116068988225379712e+02
4.108806450833309896e+02
4.179030291028940383e+02
4.176420930949786339e+02
4.210402233716276896e+02
4.219855441674493477e+02
4.249733931136701699e+02
4.233842865230409416e+02
4.250641965830865843e+02
4.251342490852257470e+02
4.260372385560757493e+02
4.280419548034491299e+02
4.285237147536689690e+02
4.289041895343638657e+02
4.296726100567418598e+02
4.308234942641176417e+02
4.313329879331921575e+02
4.324353710460840716e+02
4.334537708534009539e+02
4.342429362971046771e+02
4.337222782268466972e+02
4.310001120668914041e+02
4.345244547875326475e+02
4.351991835895709642e+02
4.350568298040640798e+02
4.343231120888788723e+02
4.335883210720316470e+02
4.324068894376778758e+02
4.308120635063829695e+02
4.302702750024497504e+02
4.287081497289273671e+02
4.280803044368248038e+02
4.280322553917855544e+02
4.268552748847300791e+02
4.257359667311990847e+02
4.227666628384563410e+02
4.211143033864319705e+02
4.181745225950999156e+02
4.152553294174482517e+02
4.131693016965688230e+02
4.150549380721195121e+02
4.171688236018057978e+02
4.141972966965877845e+02
4.119495456301933700e+02
4.081843919464631654e+02
4.063940607720976459e+02
4.048827740526523939e+02
4.146882514335740666e+02
4.186010211283751232e+02
4.207212923863187370e+02
4.225042080628340386e+02
4.240860360453445423e+02
4.248890309005046788e+02
4.268284524607248613e+02
4.275296153028428421e+02
4.281632440830587143e+02
4.285989925623975410e+02
4.299255747461693886e+02
4.309452611977704919e+02
4.316192505071691130e+02
4.325447434082797713e+02
4.330952280472283746e+02
4.325930806326759921e+02
4.145936541935842570e+02
4.341911870567518577e+02
4.338848406407016114e+02
4.337719073547755784e+02
4.328415945107318521e+02
4.318796634531607879e+02
4.310890685408512581e+02
4.297861585323432223e+02
4.289752085206335437e+02
4.277659901711808743e+02
4.268751186128667996e+02
4.263879281145786990e+02
4.263173827730512926e+02
4.255041536940022979e+02
4.243009009914122203e+02
4.218698827873394634e+02
4.202022519530202658e+02
4.179420451729776005e+02
4.152898435251255478e+02
4.139184760134739918e+02
4.111866940147917262e+02
4.087481700528442161e+02
4.080033425504696538e+02
4.110425202508794200e+02
4.111440952556061461e+02
4.109950634368566398e+02
4.121107947335689801e+02
4.106819441777166730e+02
4.128388273266606916e+02
4.158777368726857162e+02
4.179740217621827014e+02
4.198551935708247242e+02
4.205615323567770361e+02
4.220909656425048411e+02
4.226851521691946800e+02
4.234853209559353786e+02
4.246136317567166429e+02
4.259199995026886540e+02
4.267095770240218826e+02
4.276636824409467863e+02
4.276314340575699475e+02
4.286431699163284748e+02
4.299029181261579993e+02
4.305949259651910097e+02
4.310466750112081513e+02
4.319659032281971918e+02
4.316528308160783922e+02
4.093600064916743122e+02
4.038849955654115433e+02
4.026414170364247411e+02
3.988941127314702157e+02
4.331199639591521304e+02
4.327581896305208033e+02
4.328092303199811113e+02
4.320822901637778841e+02
4.313002491557317626e+02
4.299438147600454272e+02
4.287476649511245341e+02
4.281814660272096944e+02
4.276038256386278817e+02
4.263361450556983527e+02
4.251963366438641856e+02
4.255043711376119404e+02
4.247948518626331520e+02
4.242841389918283994e+02
4.231892764271977967e+02
4.211339088046979100e+02
4.196279415344510539e+02
4.181130453416942601e+02
4.157342585040162817e+02
4.133738817192502779e+02
4.124599927709797385e+02
4.112146449624941624e+02
4.076259397374072933e+02
4.058187101533980012e+02
4.048662986544671298e+02
4.032666452301177173e+02
4.051350598318359175e+02
4.077192774284880556e+02
4.307449993940085164e+02
4.083452671569758650e+02
4.067218003488991940e+02
4.085902619583021078e+02
4.070034062208060277e+02
4.094859975928096674e+02
4.110260839704215527e+02
4.130784224527727133e+02
4.152863760238045074e+02
4.173170811379764586e+02
4.187197393866363200e+02
4.203670969025619684e+02
4.210317924793615134e+02
4.223468776876698598e+02
4.234524045942980592e+02
4.249625973805914327e+02
4.257820304074775777e+02
4.264491910874733094e+02
4.268173966660573910e+02
4.270416597798026146e+02
4.277905609573752486e+02
4.282736986915807051e+02
4.290611907005092007e+02
4.296659466998208927e+02
4.302382835751300263e+02
4.305931053569195797e+02
4.309153607043164129e+02
4.312209927283101933e+02
3.994359872491300507e+02
3.981520042412570319e+02
3.946810607490951384e+02
3.928964568403121120e+02
4.028863476427101205e+02
4.321260831739028845e+02
4.321836006224464768e+02
4.312353418955748339e+02
4.305224767134950525e+02
4.294853258619518783e+02
4.287020700375837805e+02
4.279712093591808753e+02
4.274009432372851052e+02
4.266126758086489872e+02
4.255526890264385997e+02
4.246410653818952596e+02
4.237215669997009400e+02
4.242673855165523946e+02
4.232933744976225512e+02
4.223783512600393806e+02
4.206007468792723785e+02
4.189757292807296949e+02
4.171159878618532275e+02
4.148563955709867628e+02
4.135161620874741857e+02
4.112726802610848154e+02
4.114016529386333332e+02
4.097812732014999710e+02
4.073736583873136965e+02
4.048854898690740356e+02
4.034281737139943402e+02
4.022900871259314499e+02
4.008393836995652464e+02
3.985156410831575045e+02
3.991317629296379437e+02
4.318100954523472979e+02
4.041811230388325384e+02
4.001827860997274797e+02
3.966670244812978581e+02
3.953443172373848142e+02
3.935562507758319839e+02
3.899170538243129727e+02
3.868908995922586769e+02
4.070927059212407926e+02
4.051959892472617639e+02
4.034965715203820764e+02
4.085650511341610240e+02
4.111478607582424161e+02
4.131164472452946370e+02
4.153122385442545692e+02
4.169524964116484398e+02
4.177675990607760355e+02
4.191561693460060383e+02
4.205827481323573238e+02
4.216472820282780845e+02
4.227285681628039242e+02
4.243778649030700763e+02
4.253773095234417951e+02
4.261295891192135059e+02
4.273423628513849621e+02
4.276121837763733424e+02
4.284809088287726127e+02
4.291912186389333215e+02
4.289347559188325363e+02
4.296926351061063087e+02
4.297070430594627624e+02
4.301306653000924030e+02
4.301999135707699793e+02
4.304188815658048384e+02
4.313184551297907774e+02
4.314379227536363715e+02
4.310804001681116802e+02
4.303174795164620150e+02
4.306509799195060850e+02
4.296302851479629226e+02
4.288646999174490588e+02
4.283955916579497512e+02
4.277265990826374491e+02
4.270933741307122204e+02
4.263004925006530357e+02
4.256019888217056177e+02
4.247018649522772193e+02
4.236982623708237838e+02
4.228774216689674290e+02
4.223876364422389429e+02
4.216652556414676383e+02
4.201241035637788741e+02
4.185593618821283144e+02
4.172858462451779360e+02
4.157726214763457051e+02
4.138969215801571409e+02
4.125139639635577851e+02
4.101457601516386831e+02
4.084149276945513520e+02
4.063276391178813469e+02
4.033024438821716444e+02
4.016603002239428406e+02
4.001143696552192637e+02
3.986660907343172084e+02
3.967449900643661067e+02
3.944033968572031768e+02
3.931230633199965041e+02
4.092020807705753782e+02
4.009055923006168882e+02
3.970239279519650495e+02
3.932418818612974860e+02
3.901912693797755196e+02
3.852920333532613881e+02
3.848050940581264854e+02
3.808708862624517337e+02
4.052355846396653192e+02
4.064695613106061387e+02
4.082504358927523640e+02
4.096609051579724792e+02
4.114375474901192433e+02
4.127359164680771642e+02
4.141040023103895464e+02
4.157626294983284652e+02
4.158866948193010558e+02
4.173713718643680295e+02
4.174948364011791000e+02
4.188298258838436823e+02
4.198312261335847779e+02
4.207975982101066847e+02
4.217316315363324293e+02
4.223025665571877880e+02
4.234059635923463816e+02
4.242642031035070431e+02
4.250203774359248428e+02
4.251192927563340049e+02
4.259032213538517340e+02
4.267590094867004495e+02
4.268359168075572256e+02
4.274324237375121811e+02
4.279697579917116173e+02
4.284520441953063141e+02
4.289095879810828364e+02
4.293780826888888100e+02
4.298621705327827840e+02
4.300072543855818026e+02
4.302024504126533202e+02
4.030493911547676475e+02
4.006211559242486828e+02
4.308364338771766597e+02
4.305902966451844236e+02
4.299957360207010311e+02
4.293372492793263859e+02
4.284792687608187407e+02
4.278777391792087315e+02
4.276306396914932861e+02
4.268509944959461677e+02
4.263414441898304403e+02
4.255556091396834972e+02
4.248883886496257674e+02
4.237091055840653553e+02
4.226559391685983087e+02
4.217213572625332745e+02
4.211223720919111884e+02
4.203062922485452191e+02
4.189405847067234845e+02
4.173769712944203434e+02
4.160032706813059349e+02
4.137206537122021359e+02
4.111508848954607629e+02
4.094483173050962250e+02
4.079339797955190079e+02
4.054983041254476461e+02
4.021415363148005326e+02
3.997126091310132097e+02
3.983936501357981115e+02
3.967851857674098142e+02
3.951381789978308348e+02
3.928878424100325901e+02
3.898831766250514193e+02
3.871020176487239723e+02
4.303004892492438671e+02
3.981507588225189238e+02
3.978300833921848607e+02
3.993665074063592897e+02
4.014061672072716078e+02
4.029362143036736938e+02
4.048480396302011854e+02
4.052179271171257824e+02
4.069410935243623726e+02
4.093074358126056609e+02
4.115203958614429780e+02
4.136954118897069748e+02
4.146262831921366683e+02
4.160963119647570920e+02
4.160954728573653938e+02
4.179561043718042015e+02
4.193638047198454615e+02
4.208886317669139316e+02
4.215893706286131533e+02
4.225801660787539049e+02
4.233693554560935013e+02
4.242029412642694979e+02
4.242185923283951752e+02
4.250948992245773752e+02
4.254501504792989977e+02
4.262594228676157400e+02
4.270409070831952931e+02
4.277774748382404937e+02
3.944458323112766607e+02
3.907953170886042358e+02
3.881824371220433250e+02
3.857574276722780837e+02
3.822375902246134274e+02
3.814496279357240951e+02
3.782081344153344844e+02
3.748355880976149592e+02
4.290756123676198399e+02
4.296015755186674028e+02
4.303760466606017872e+02
4.303759671585588649e+02
4.297413306418429784e+02
4.290795578331801039e+02
4.286336717830324687e+02
4.279518963645589338e+02
4.277292927070098472e+02
4.271048733677134237e+02
4.261385890793915223e+02
4.259797112623159592e+02
4.252163079839976376e+02
4.244619068504917436e+02
4.236519234841024399e+02
4.226487689855778171e+02
4.214838811074573641e+02
4.205179910515595907e+02
4.192561666423545148e+02
4.183294994112795848e+02
4.165893404665910680e+02
4.154517508242445274e+02
4.138951474891356384e+02
4.120906950981916452e+02
4.104574386541013951e+02
4.085620644242670210e+02
4.059591415518548843e+02
4.036334476763715884e+02
4.014165728530655315e+02
3.997660704393188666e+02
3.972614846204802461e+02
3.967626841124275643e+02
3.947905174142803162e+02
3.933520121865396959e+02
3.914066459029781981e+02
3.882803406575229133e+02
3.847683343321165239e+02
3.810668996081936939e+02
4.300736697829735249e+02
3.961537321923939317e+02
3.953870129794125887e+02
3.934311443125592405e+02
3.915938583027443656e+02
3.877909152104631971e+02
3.853779263184324577e+02
3.833701747343297370e+02
3.796023833849705511e+02
3.780435988669610197e+02
3.749806526739224068e+02
3.712885230743909801e+02
3.687881435816174758e+02
3.978512538023934439e+02
4.005108897092151778e+02
4.015384791367779940e+02
4.039137328232560549e+02
4.029390119201619882e+02
4.036241507225878422e+02
4.052284268163676302e+02
4.067626179593854658e+02
4.078829118742615947e+02
4.091019704492085225e+02
4.104698233447828102e+02
4.119774498413341917e+02
4.128118751197313827e+02
4.146392349055133764e+02
4.147550948770846730e+02
4.155345590997127943e+02
4.166931517417013424e+02
4.178163869425791290e+02
4.187194291354945221e+02
4.197426743401865110e+02
4.206295267044505977e+02
4.214787454764340850e+02
4.224435359969633623e+02
4.233283024283684313e+02
4.237494487723400312e+02
4.246110758757845360e+02
4.233668514812053445e+02
4.301802353108092234e+02
4.297766239271335280e+02
4.292460730508893789e+02
4.272180962380186315e+02
4.264403031062258833e+02
4.256319429989943046e+02
4.253509140025096258e+02
4.243879703869482682e+02
4.235888283910066434e+02
4.226428452445669564e+02
4.217130251833555121e+02
4.209327390680259100e+02
4.202937513229630895e+02
4.192871295488876058e+02
4.181878141550007513e+02
4.173324664462787155e+02
4.161189692399244109e+02
4.151185576344324772e+02
4.135973828870049260e+02
4.125576442911110462e+02
4.111369438122168845e+02
4.093806467756513712e+02
4.077431439931747263e+02
4.065625158766642357e+02
4.050230327847231706e+02
4.036461135907437097e+02
4.019576460674563805e+02
3.997460205770121320e+02
3.990538437477498519e+02
3.974800833770403301e+02
3.952667053482188066e+02
3.945225376872234051e+02
3.922228448522100166e+02
3.919710437787813930e+02
3.899857995131789608e+02
3.881297705799975688e+02
3.845656049531339704e+02
3.828925530148965777e+02
3.794220329641121907e+02
3.750170452567613211e+02
3.924519978014652111e+02
3.939244904038541222e+02
3.957859662747835046e+02
3.969662122221449749e+02
3.991081102087870249e+02
3.998356450147920782e+02
4.016527283881822541e+02
4.020060918989925653e+02
4.035047409023674732e+02
4.048494302475021414e+02
4.061091001168514367e+02
4.076515712590884846e+02
4.094851565930733841e+02
4.108056485977022589e+02
4.109508348391593131e+02
4.121009487316639479e+02
4.134028564483277250e+02
4.142704381232971969e+02
4.154509368456197649e+02
4.165354004928343556e+02
4.176641166240269740e+02
4.183534948922380750e+02
4.190447909590437803e+02
4.196897588843610833e+02
4.201322305451797661e+02
4.210558320803324364e+02
4.219685927175264624e+02
4.228667693578109379e+02
3.895522550511120699e+02
3.861154862856208183e+02
3.844038966074695622e+02
3.818121873105329769e+02
3.781899405438617805e+02
3.757445611733617170e+02
3.745243400797878621e+02
3.710296147360670602e+02
3.668024222542537132e+02
3.627297677123277140e+02
3.807437252711820292e+02
4.247927321072621680e+02
4.239320388087686524e+02
4.235171143190953558e+02
4.226320824805156917e+02
4.217435368651799195e+02
4.208323293285751561e+02
4.200663852483953633e+02
4.193333497373077421e+02
4.181128969460557983e+02
4.170740776938616250e+02
4.159286518892180311e+02
4.147319057913323945e+02
4.130932355192076102e+02
4.116659901299829016e+02
4.101953363151720851e+02
4.085736459474047138e+02
4.066782686001695879e+02
4.056446419613748162e+02
4.035434226935274751e+02
4.019546223869659229e+02
4.007141708432184259e+02
3.990975694500413624e+02
3.969055420974372055e+02
3.974734684414654566e+02
3.958346655344248575e+02
3.940981772075303979e+02
3.921745002122373762e+02
3.899369492235759367e+02
3.896703902464981297e+02
3.881300412000359188e+02
3.862284113578354550e+02
3.827826872394901443e+02
3.803643860962731651e+02
3.808237512839977512e+02
3.780619602909359855e+02
3.743601522288251431e+02
3.718008268341901612e+02
3.689536720115386288e+02
3.900236385895063904e+02
3.918738290762383372e+02
3.922624658144326872e+02
3.945991641875882578e+02
3.962628716439303389e+02
3.981371934191913056e+02
3.984076573459182100e+02
4.001482247304456905e+02
4.002934383146128425e+02
4.018703969723351292e+02
4.032259686549094226e+02
4.044055121290163584e+02
4.055045595544885373e+02
4.067212335649477950e+02
4.081356568637149280e+02
4.090704904976437888e+02
4.101469973918134428e+02
4.112166755149255550e+02
4.121936178365060073e+02
4.130515996897364630e+02
4.131950630482481301e+02
4.139743937801377456e+02
4.148358595364248913e+02
4.156545856254722366e+02
4.168737196576615816e+02
4.176090106660254264e+02
4.187194998397610561e+02
4.191978360393872549e+02
3.877851613185466704e+02
3.847008576066774594e+02
3.826364236275331336e+02
3.795767279837222645e+02
3.763095403247334616e+02
3.741271180654934483e+02
3.714507467478717331e+02
3.679749130927543206e+02
3.643256341836420802e+02
3.625227053836782147e+02
3.587044646894792095e+02
3.566578961110420209e+02
4.230497101378777529e+02
4.221520029687871443e+02
4.217162874175509160e+02
4.208113115164016449e+02
4.197920399314300539e+02
4.190868365253062962e+02
4.180512301724736517e+02
4.170219186163232052e+02
4.168827711484884730e+02
4.160050610623021612e+02
4.149988338164166066e+02
4.137950839957118205e+02
4.127779382228540044e+02
4.120404272692510403e+02
4.109694166330268672e+02
4.098257347224471800e+02
4.084653206891046011e+02
4.073637303749828789e+02
4.061751997443205369e+02
4.051572538131031820e+02
4.039616772778940117e+02
4.024213149172046542e+02
4.008149231509378865e+02
3.998141045652553771e+02
3.982458098123212267e+02
3.972772208417209185e+02
3.953955024485953800e+02
3.945828270330707142e+02
3.948541640251334002e+02
3.921689494057787329e+02
3.897585592808558204e+02
3.877098592804712212e+02
3.880860705890776217e+02
3.865757200992046023e+02
3.846465310418697641e+02
3.813111038298909534e+02
3.796854062336286120e+02
3.768303244544607082e+02
3.749010776115169961e+02
3.727189179129882746e+02
3.688725229098727709e+02
3.654041913235687389e+02
3.628757127332494861e+02
3.781970905083875323e+02
3.899040423466408924e+02
3.882380458966208039e+02
3.864151108198090583e+02
3.848227732402135075e+02
3.829905826492894789e+02
3.820456298520239216e+02
3.797224503568604632e+02
3.773659348345035482e+02
3.747502184863992056e+02
3.735658908390336137e+02
3.711086770243362025e+02
3.683624699268596601e+02
3.650085407495430445e+02
3.611750660146017253e+02
3.600275068229146314e+02
3.553615081641191296e+02
3.530860052057714142e+02
3.505675972297054841e+02
3.902888903286158211e+02
3.908137310681814824e+02
3.928023822827123581e+02
3.945256541173679352e+02
3.958293836381243409e+02
3.971883603029700112e+02
3.987399721160526269e+02
3.992607109417616016e+02
4.004899820818068292e+02
4.016697465599024781e+02
4.028758581506481278e+02
4.039540451287533074e+02
4.051187752750762456e+02
4.060910927997747990e+02
4.071181582942322166e+02
4.078174093622453142e+02
4.086906053759418000e+02
4.099342296024521488e+02
4.110977139211582312e+02
4.123292904771219582e+02
4.120820381390703915e+02
4.130997896107513156e+02
4.139244006357052967e+02
4.146983530009433707e+02
4.153812401115312127e+02
4.164046509711691897e+02
4.173039097888359947e+02
4.182537041333886236e+02
4.212393955536714429e+02
4.203161534217735493e+02
4.198690887660530393e+02
4.190300855859887292e+02
4.185595300816959821e+02
4.174623312177932348e+02
4.162091756964402407e+02
4.150628656769706595e+02
4.138066624998750740e+02
4.127236556228930908e+02
4.114937978122376308e+02
4.100654235254804121e+02
4.088163634971369902e+02
4.073273317707191268e+02
4.060342471563000686e+02
4.051004144464956198e+02
4.038722854153247113e+02
4.027932998191546403e+02
4.014587288261950562e+02
4.008925330938127445e+02
3.996379444036783752e+02
3.986112774825568295e+02
3.972342330152520731e+02
3.964692405947888005e+02
3.950559860079337682e+02
3.939565445410401594e+02
3.931459753411643305e+02
3.926125919880785773e+02
3.899680650241007243e+02
3.874133030086243252e+02
3.855550032677980425e+02
3.857709468686690002e+02
3.831671494334132717e+02
3.804695677031289733e+02
3.776629821806733958e+02
3.745246760060229576e+02
3.728594948592538572e+02
3.710694822899989163e+02
3.690801661929425563e+02
3.650511933136104403e+02
3.630192857883223496e+02
3.608534301142862546e+02
3.567873233972746903e+02
3.886417086394828289e+02
3.896391386476549883e+02
3.914790670061545370e+02
3.930394465731631612e+02
3.938895834676229697e+02
3.951542992813287469e+02
3.962987216576487413e+02
3.977103008666717301e+02
3.991330385033247694e+02
4.000855314469133077e+02
4.010492124781732741e+02
4.020463225684031272e+02
4.026905181144628614e+02
4.035374524067568700e+02
4.041441202471983729e+02
4.050977736706275323e+02
4.059763477773944373e+02
4.069471070904367593e+02
4.078540786954980035e+02
4.089607132880879021e+02
4.101681340058791534e+02
4.111198980362445923e+02
4.119935706623469400e+02
4.124671550115025980e+02
4.134430378458291671e+02
4.144161121934976677e+02
3.865288336093884141e+02
3.848622285273297621e+02
3.832159377396986883e+02
3.813446560907698313e+02
3.804893203215885933e+02
3.780733963700913591e+02
3.774150540212840497e+02
3.757125297668517305e+02
3.731109576584053116e+02
3.723941728657767385e+02
3.697892362435555356e+02
3.685781172190270354e+02
3.657292044100317980e+02
3.620852728032265873e+02
3.577582526769137417e+02
3.573473273168570472e+02
3.527547457751700222e+02
3.497608680522854456e+02
3.483712522027503269e+02
3.444533877571133189e+02
4.163472599580913993e+02
4.193813358679212797e+02
4.184378301972731720e+02
4.179910503389088490e+02
4.169357007290334991e+02
4.160632595166754299e+02
4.150828453372906779e+02
4.139594814614966367e+02
4.132453246630336707e+02
4.121607910945731419e+02
4.111824784468547023e+02
4.102502533638865430e+02
4.093637938197501853e+02
4.084342702452874505e+02
4.072814892044321482e+02
4.063102960332840325e+02
4.052206945462560839e+02
4.041851767540186415e+02
4.029881653026693584e+02
4.024210779227213948e+02
4.017020517299017683e+02
4.004200834915472456e+02
3.994011370650715662e+02
3.986892272018517929e+02
3.973778676477239742e+02
3.960573736759067174e+02
3.959677495959890621e+02
3.950219611777749833e+02
3.937420802860300455e+02
3.925708543150629453e+02
3.914932711626938726e+02
3.910447949459525603e+02
3.890457063895034366e+02
3.874160269993151360e+02
3.849391532662463646e+02
3.839187889354265621e+02
3.835333086168398040e+02
3.809300292483458179e+02
3.779919221339226851e+02
3.756818476482108622e+02
3.733284789503486536e+02
3.711844056579739117e+02
3.694210469661695697e+02
3.671094326452632686e+02
3.627092308843282922e+02
3.604194630065283604e+02
3.575312200630196457e+02
3.535453160464404618e+02
3.506774906632637681e+02
3.882239671218200101e+02
3.890146553555380251e+02
3.903179919322201954e+02
3.913260260103630799e+02
3.925013709297517721e+02
3.931953242679763889e+02
3.946937879698334086e+02
3.961969265549888632e+02
3.979223057947937150e+02
3.989988841873441743e+02
3.999100978977767795e+02
4.009287658847045464e+02
4.019845304014210114e+02
4.030712801267968644e+02
4.040973183310903210e+02
4.051611026502098980e+02
4.060199947147279431e+02
4.068752473605450177e+02
4.080491873080985101e+02
4.077682526854614480e+02
3.868576702765764139e+02
3.852628454650348431e+02
3.842781372468691643e+02
3.826877824309561333e+02
3.811065542749253723e+02
3.794243639202945246e+02
3.775683918257886376e+02
3.759513213484576113e+02
3.753295641714028079e+02
3.730504732756081694e+02
3.708678577582265916e+02
3.683490158643151062e+02
3.670366854488536319e+02
3.646074223722868624e+02
3.618400204908456317e+02
3.582157567593883982e+02
3.547266553810684968e+02
3.525924868961719199e+02
3.548954414939278195e+02
4.090432088739088954e+02
4.099608059368985664e+02
4.105043479450773134e+02
4.114870932460866584e+02
3.793323007569944707e+02
3.597654135224286165e+02
3.492417346142391352e+02
3.461251700356949073e+02
3.439866135749005025e+02
3.389166215614088173e+02
3.383035053169179491e+02
4.174877924263158775e+02
4.165310883939601467e+02
4.155664066119308018e+02
4.145989735255463984e+02
4.140813599593236063e+02
4.131661385254780043e+02
4.129062075933046003e+02
4.121030290161432958e+02
4.111396922222858166e+02
4.102117756752016362e+02
4.091174633159216683e+02
4.078550484062294572e+02
4.066614640908451861e+02
4.053800203147021648e+02
4.043146924822950723e+02
4.032307872790097463e+02
4.022939031980448021e+02
4.013303778891087745e+02
4.001918985856584641e+02
3.991897083243417796e+02
3.984557602353110042e+02
3.972803387280841321e+02
3.961580927347652619e+02
3.951318132092510496e+02
3.940839211317959325e+02
3.928358873870266166e+02
3.921062527808469440e+02
3.906088765984053452e+02
3.888245037565077951e+02
3.869248398067985022e+02
3.858461607796197654e+02
3.838249113650753657e+02
3.826713293837668175e+02
3.803629442226144306e+02
3.822673581124954012e+02
3.901727294585238610e+02
3.786783426207657612e+02
3.766005494544102703e+02
3.747459943024010158e+02
3.717254471630737953e+02
3.706546464268238879e+02
3.682016755942202622e+02
3.676888564617108841e+02
3.654421776946305158e+02
3.628012685756630162e+02
3.599610428459670857e+02
3.584698745754663491e+02
3.546413046027589644e+02
3.517977817398153206e+02
3.490722837403324093e+02
3.445453581468044604e+02
3.875216067699353175e+02
3.869172405056168031e+02
3.856875736853791636e+02
3.847362725560002445e+02
3.834772188017830103e+02
3.823930942455936588e+02
3.815150391787682906e+02
3.800997233868069429e+02
3.794711140565967753e+02
3.775253985755202280e+02
3.753492294288618041e+02
3.734649790488211352e+02
3.709025562801443243e+02
3.692855750424554913e+02
3.674927146286797779e+02
3.654487358466162732e+02
3.629784736079079721e+02
3.597187003236565488e+02
3.566135507558958011e+02
3.537974377273157529e+02
3.513485719517863686e+02
3.487781360704555595e+02
3.454207457533836418e+02
3.421551591673997450e+02
3.376461376823888259e+02
3.335875696639546959e+02
3.321110396408504926e+02
3.897069054643642971e+02
3.908445618059496383e+02
3.920787101978822307e+02
3.934421867151797869e+02
3.940909026121671559e+02
3.952134183854584535e+02
3.960731720790153076e+02
3.970441583628460194e+02
3.979562365444626266e+02
3.989860731059231398e+02
4.000279515356358502e+02
4.005582326827244515e+02
4.015585326649924696e+02
4.025574855794048972e+02
4.035568709542754391e+02
4.045530699985443448e+02
4.055499030800891660e+02
4.065457618571962257e+02
4.075380419436425541e+02
4.085303739342513154e+02
4.095195393641760688e+02
3.886017925043714172e+02
3.651588972385317220e+02
4.136251855008101757e+02
4.126462910659107024e+02
4.116660648230568427e+02
4.106809818145067084e+02
4.096947016337512650e+02
4.092133844289650710e+02
4.083267467060047693e+02
4.072391143949438401e+02
4.061166533016751146e+02
4.052982304008692722e+02
4.043373348596228425e+02
4.035400491120082620e+02
4.022432349787744670e+02
4.008293740655724946e+02
4.000391847424158414e+02
3.991729874043023756e+02
3.983761289404491777e+02
3.979175950380598010e+02
3.966823859932226810e+02
3.953641725623779166e+02
3.941689482729191241e+02
3.928646067323458624e+02
3.917980215135194726e+02
3.910354211120053378e+02
3.899220265978456723e+02
3.889182932739459488e+02
3.875071709121741037e+02
3.855576787520846551e+02
3.845140077387922020e+02
3.824325172516389557e+02
3.808053337717459499e+02
3.785963906083843540e+02
3.761613504781543611e+02
3.746550628198658615e+02
3.723762551816724908e+02
3.699676548845658317e+02
3.689973841297679087e+02
3.660064786066426450e+02
3.648181400156302061e+02
3.610652899566382530e+02
3.583055947169773958e+02
3.555965043553261467e+02
3.500989964969361381e+02
3.490679301157757664e+02
3.451718015818069034e+02
3.397984858644933297e+02
3.383782281401113892e+02
3.880468739009735373e+02
3.868968706439918606e+02
3.860789949628005502e+02
3.846973673480543425e+02
3.832844005481688896e+02
3.822173278782065040e+02
3.813147207750655525e+02
3.800406470023497150e+02
3.787826305554137889e+02
3.787169899493248408e+02
3.777067117620505314e+02
3.765650030270864477e+02
3.757062075920380266e+02
3.740717079883491465e+02
3.731848467543653669e+02
3.710018147502082684e+02
3.691830270257706843e+02
3.674447176482803457e+02
3.655862185583780501e+02
3.637170105838678182e+02
3.616326931613328952e+02
3.595490711739881249e+02
3.566080342778198542e+02
3.523703469786996152e+02
3.504718018953010983e+02
3.477119856756492595e+02
3.448498542380701224e+02
3.412174172920655906e+02
3.371930089915181838e+02
3.327502332049457436e+02
3.278339831037178556e+02
3.289943142258367743e+02
3.258684611303046381e+02
3.860734572150268491e+02
3.909968955310733918e+02
3.897279090799182768e+02
3.889260706540914043e+02
3.925155110053624412e+02
3.934919221255948401e+02
3.948732911028541821e+02
3.960104666432487761e+02
3.970191554475367184e+02
3.979887194661004628e+02
3.985542842103034218e+02
3.995554697904996146e+02
4.087047144261903782e+02
4.077127151008335204e+02
4.067197952379284516e+02
4.057257322069692123e+02
4.047278007399869466e+02
4.037296439468113363e+02
4.032451401996236768e+02
4.027289556995062298e+02
4.017300839507965406e+02
4.012442650271740376e+02
4.007277203562887848e+02
3.997268246406780463e+02
3.987235352511218593e+02
3.977207623975729689e+02
3.972409297227616207e+02
3.961328021671001238e+02
3.952225124888692562e+02
3.942015565668227737e+02
3.930356125190614875e+02
3.922955870073990923e+02
3.917534539115474672e+02
3.904919404046469253e+02
3.890334284243457432e+02
3.875478560565322823e+02
3.862777480164680810e+02
3.851022124438585479e+02
3.840616390133602067e+02
3.828346481453186811e+02
3.812831755790789998e+02
3.808112866945494375e+02
3.795651517291715891e+02
3.779443071134789989e+02
3.762054224504339572e+02
3.744559985408723151e+02
3.733920120904985538e+02
3.707201361736867398e+02
3.681571690098811018e+02
3.671562267733080489e+02
3.639236848526206813e+02
3.617152460351121022e+02
3.592304167024042272e+02
3.563700968197786096e+02
3.552413873422047459e+02
3.523222213168309622e+02
3.485925124249181408e+02
3.461500980040133300e+02
3.449626876863574125e+02
3.398626631994955005e+02
3.343898482639325493e+02
3.321711232992119562e+02
3.633768628951033293e+02
3.872410396968066379e+02
3.885472329490570473e+02
3.892655027108508534e+02
3.900281194681152215e+02
3.910576997620092357e+02
3.920665993235740530e+02
3.928219355031700388e+02
3.935407527533064922e+02
3.941108817926865981e+02
3.945446524893359879e+02
3.955452630704403987e+02
3.965490726112942070e+02
3.975514098879003200e+02
3.860616687642031479e+02
3.850014169694080692e+02
3.838557101672239469e+02
3.830540596992889277e+02
3.819289434940229171e+02
3.811776889946603433e+02
3.800268840929986709e+02
3.787177621216110310e+02
3.772186345097237563e+02
3.758953290393560565e+02
3.750191099433812383e+02
3.735093953947536534e+02
3.725941998399707131e+02
3.712606092807222353e+02
3.694376427614561749e+02
3.675763970748419638e+02
3.657007521405913621e+02
3.638877291651267001e+02
3.619322676362950801e+02
3.604013182211336925e+02
3.585487279963032279e+02
3.574011345419723398e+02
3.553632602146566342e+02
3.539026988391013901e+02
3.513420278132911108e+02
3.489195961009469329e+02
3.487223358609876414e+02
3.462893253592862379e+02
3.438282048639047730e+02
3.407630587744362742e+02
3.352381053317161559e+02
3.305311688655572198e+02
3.273471521806948772e+02
3.237394840266476876e+02
3.208673652440233468e+02
3.237314392596375683e+02
3.195715360038799986e+02
3.967182225076714417e+02
3.957141917203458092e+02
3.947083649328519073e+02
3.937046925594602271e+02
3.931677629149909308e+02
3.922249176664328161e+02
3.919530541131999257e+02
3.911846566671395635e+02
3.901859705141982317e+02
3.892318181057615334e+02
3.882967293060474958e+02
3.873853424494696469e+02
3.861778188514679186e+02
3.849267572018238752e+02
3.839941740637335670e+02
3.827519453869515473e+02
3.816617406830169443e+02
3.803181349763397634e+02
3.786631103648123826e+02
3.770947828952041050e+02
3.761513150755338870e+02
3.743420602009420577e+02
3.721741999486395116e+02
3.699409531883999875e+02
3.685398536207077882e+02
3.664362365387111709e+02
3.656089306970692405e+02
3.634429032897956517e+02
3.609753932432203669e+02
3.579450136647999443e+02
3.549567883322077364e+02
3.520752680065010622e+02
3.470752593390555489e+02
3.436515797557422047e+02
3.424073184178097904e+02
3.379424537843916596e+02
3.343873584146498388e+02
3.293665231731010863e+02
3.283466468923194839e+02
3.259158928930552861e+02
3.796685709741005894e+02
3.875191430468914291e+02
3.865148805170661035e+02
3.860687863434320661e+02
3.850242974824434441e+02
3.840152016572930620e+02
3.830144549182813876e+02
3.820485555441312613e+02
3.811085984859720384e+02
3.799942872941410315e+02
3.808471552012672419e+02
3.880126533730339133e+02
3.885240587462168378e+02
3.895296198797475427e+02
3.905335624347074486e+02
3.915348533084306837e+02
3.925390127194552861e+02
3.792203512299799399e+02
3.782458187986823077e+02
3.772309201635615068e+02
3.760593202211326798e+02
3.746140009696449624e+02
3.729481658828627815e+02
3.725186826518231555e+02
3.721018077498094385e+02
3.707365484907414839e+02
3.694368578223647432e+02
3.681401593559168077e+02
3.666169576824305523e+02
3.657472896629157617e+02
3.640026541126580923e+02
3.622407502535862136e+02
3.609118075017311185e+02
3.591231320615333971e+02
3.568102134356057604e+02
3.555093668267985549e+02
3.528499485141596779e+02
3.506423816077632409e+02
3.485580318087850173e+02
3.458909560155951795e+02
3.459410624857356424e+02
3.430410106420508214e+02
3.398625885502374331e+02
3.357680026052434528e+02
3.308093667305423651e+02
3.266007787063973069e+02
3.224678570368584474e+02
3.191456766626810122e+02
3.155534487529345142e+02
3.144072315162501354e+02
3.132165493087783261e+02
3.183398443228765586e+02
3.926991524107058922e+02
3.916926467074018774e+02
3.911323391660590119e+02
3.901474080575554808e+02
3.891990746549266760e+02
3.880828840491166716e+02
3.867999043262530563e+02
3.862130469269654327e+02
3.850454125900868121e+02
3.841144349882092115e+02
3.830748146272346162e+02
3.818670834571446449e+02
3.812902260946902970e+02
3.797496920786996952e+02
3.784856102490153944e+02
3.774515386942798614e+02
3.761784247986045671e+02
3.753225955970566474e+02
3.738498113025060547e+02
3.727774642841393984e+02
3.711123429916828513e+02
3.692183751806502983e+02
3.679330772041242312e+02
3.666468135985117556e+02
3.649609343916852140e+02
3.644285761595809277e+02
3.622010388257464228e+02
3.594173185081270958e+02
3.563998523550860114e+02
3.526538393618006921e+02
3.490551630522579103e+02
3.438268066738500579e+02
3.398946085191810198e+02
3.393540318915956959e+02
3.347443695657156582e+02
3.287990687950742767e+02
3.232853566267411338e+02
3.254738004964329434e+02
3.231349765826745966e+02
3.196087368326772093e+02
3.855085600699270572e+02
3.845031404491771241e+02
3.840109134021525961e+02
3.834956538658021827e+02
3.824895933877724019e+02
3.814813984956816171e+02
3.804730036378350064e+02
3.794658610249297794e+02
3.789258065291703588e+02
3.780356872567879805e+02
3.771131310307102353e+02
3.763569479617323168e+02
3.749892601265741519e+02
3.738845005171600064e+02
3.729133743724139549e+02
3.720958049469543312e+02
3.715091664441297894e+02
3.697391789515792766e+02
3.685467954167631888e+02
3.670354523954028423e+02
3.654302886972375290e+02
3.648456923513339234e+02
3.634380286289586479e+02
3.620241031428180349e+02
3.599809096119966512e+02
3.578564141810166461e+02
3.572477391602449188e+02
3.560463904276896301e+02
3.542563678686109370e+02
3.518320870160331424e+02
3.491289755327599664e+02
3.463961254279420245e+02
3.432906362271195349e+02
3.428948502308183492e+02
3.396773618689495606e+02
3.361816267110648369e+02
3.312763067152137637e+02
3.267483173205531557e+02
3.216994789703762194e+02
3.173792746842926817e+02
3.127748180349512950e+02
3.093193439351209122e+02
3.089387262101425335e+02
3.068008849222403001e+02
3.624028602901922227e+02
3.906878087066712055e+02
3.896811066878656789e+02
3.886757790101692080e+02
3.881843802213298886e+02
3.872822799072806106e+02
3.861771088293859293e+02
3.855465221035723289e+02
3.842897584002350300e+02
3.832511901692214451e+02
3.821159966260884175e+02
3.811687934290318367e+02
3.805685334174073660e+02
3.792751268968075351e+02
3.782503080536883431e+02
3.775281648439379865e+02
3.761399978967360767e+02
3.748794132748195693e+02
3.738227121740067105e+02
3.725608909378639169e+02
3.708952311189455031e+02
3.693572557056318715e+02
3.675604094739106245e+02
3.657366846700793417e+02
3.640923210137983119e+02
3.632967274661687043e+02
3.611417005145491430e+02
3.589747351106967699e+02
3.569735556663491138e+02
3.545132152789542488e+02
3.522375357708324941e+02
3.491183265843433219e+02
3.463736344500338191e+02
3.431418870794230997e+02
3.400448800435243015e+02
3.355284625840168360e+02
3.311152654989405733e+02
3.252690541510162916e+02
3.230820752473248945e+02
3.184929798988775360e+02
3.167221640830475735e+02
3.211848550905422712e+02
3.181972386533557824e+02
3.132457100667132863e+02
3.362297946071402066e+02
3.784565043390603591e+02
3.774448334199246347e+02
3.764333857551060305e+02
3.761425139313272439e+02
3.753178686617113158e+02
3.739580984431439674e+02
3.729058526432765461e+02
3.719102288647110868e+02
3.709361147296868921e+02
3.698223632591283945e+02
3.686655265459644966e+02
3.677952794319954251e+02
3.665937004233516063e+02
3.653972434855791107e+02
3.644609661153993443e+02
3.637607848955849477e+02
3.625476684357936392e+02
3.613021005157488617e+02
3.599975957574080780e+02
3.585797640966106314e+02
3.574414737320067843e+02
3.561512873134299753e+02
3.536761713311586846e+02
3.521600391098838259e+02
3.500687691176759699e+02
3.471132795122498464e+02
3.442074312583588949e+02
3.403353759009104351e+02
3.398792535158617625e+02
3.359995325961223784e+02
3.327009063233105053e+02
3.270840770462019691e+02
3.223526930205775898e+02
3.169351518424243750e+02
3.136464629346205015e+02
3.090890770787496535e+02
3.050992572284118296e+02
3.042190904578807249e+02
3.030322483988021531e+02
3.003229014683194578e+02
3.876682645778896585e+02
3.866605858560860156e+02
3.856532803058993295e+02
3.850387262842793916e+02
3.842199102433809799e+02
3.833200990266445274e+02
3.825924335952091724e+02
3.811351347069386293e+02
3.801956016426449878e+02
3.790464099277320429e+02
3.780340788649173760e+02
3.771329785653051658e+02
3.761022057487886059e+02
3.750391990275794001e+02
3.747962900202172705e+02
3.739786168915946405e+02
3.730055127560032702e+02
3.719889877453056215e+02
3.712356897216646985e+02
3.703978934425203988e+02
3.694270366531189893e+02
3.679545116158277551e+02
3.659792353399815852e+02
3.639960664488220345e+02
3.624739661658393288e+02
3.604865445269660995e+02
3.586681444662411309e+02
3.564237218199015160e+02
3.543667720553528397e+02
3.510896892841336125e+02
3.461939589856954171e+02
3.484781009036988166e+02
3.442818527243186963e+02
3.405083561810690185e+02
3.427203585378175603e+02
3.396983127778829612e+02
3.364463855127341390e+02
3.305952475639248860e+02
3.240243407050527367e+02
3.207389359209415716e+02
3.178300741794662940e+02
3.120351540316442538e+02
3.056872050596023200e+02
3.013234698105946450e+02
2.990959005909609800e+02
2.994254510793788882e+02
2.971343154808123472e+02
2.937811664415174278e+02
3.356868087271860190e+02
3.302031928264511293e+02
3.268672944155179039e+02
3.225296316907669620e+02
3.195652465672679909e+02
3.137420555767117776e+02
3.119307350053713890e+02
3.091126548825960754e+02
3.138713151548514588e+02
3.089233426695330991e+02
3.068235612968475152e+02
3.754189287840069937e+02
3.744033624680068897e+02
3.733874641211652943e+02
3.723661733936520477e+02
3.713425025596707201e+02
3.708532284512082242e+02
3.698221275446870777e+02
3.687761184489168613e+02
3.677220415497787940e+02
3.674329620892634694e+02
3.664773616805445045e+02
3.654298032508071401e+02
3.643638563281306233e+02
3.633491183118099457e+02
3.620844365361904238e+02
3.609493618607353937e+02
3.602060084033569751e+02
3.590349814082905482e+02
3.582510496922562879e+02
3.573333741969016160e+02
3.562647923400196532e+02
3.537832359774275233e+02
3.511564579333546021e+02
3.549627687692212703e+02
3.846460798835850028e+02
3.836359100738542907e+02
3.826258402843507724e+02
3.821346333102170547e+02
3.816141040502756141e+02
3.806046335243167391e+02
3.801124081850551875e+02
3.796920245309995607e+02
3.788942005093319949e+02
3.780186428925712221e+02
3.772118767177623226e+02
3.766854255971701377e+02
3.755003103672215161e+02
3.741713780607655622e+02
3.730383566870235086e+02
3.719135498135064495e+02
3.708098568380379447e+02
3.700336873060600169e+02
3.688779457158537411e+02
3.677687316144782699e+02
3.662141736479980523e+02
3.645954651864111042e+02
3.632760170002194400e+02
3.623422110305258457e+02
3.607257907246216746e+02
3.593384040203604854e+02
3.579289191516219262e+02
3.556580373249146874e+02
3.574537644997105872e+02
3.722475410621495371e+02
3.530635931633759697e+02
3.319758683631422400e+02
3.268635989266389856e+02
3.237836507749827319e+02
3.169986260550331281e+02
3.100982588640010249e+02
3.079709493716580937e+02
3.049629894078631196e+02
3.036999670951005328e+02
3.025606245422545726e+02
3.003404676461615850e+02
3.177185601922780620e+02
3.146579158577981730e+02
3.096277314396440374e+02
3.064236147256866616e+02
3.007009329239414797e+02
2.964719969195206204e+02
2.933781736204912818e+02
2.936837341872124512e+02
2.921344507274365014e+02
2.872776858151611350e+02
2.871746978739478209e+02
3.206001357497793265e+02
3.703123237704896837e+02
3.692775505082362884e+02
3.682325872230215964e+02
3.671722059438989731e+02
3.660941627505091560e+02
3.649747733348505108e+02
3.637812264626222145e+02
3.631484706180699504e+02
3.622675564281767038e+02
3.611634341800311745e+02
3.605317666887618770e+02
3.597019742095868082e+02
3.588828524100971435e+02
3.580254002516908258e+02
3.795915682854470674e+02
3.785797494006257011e+02
3.775647878192879148e+02
3.765497211559054449e+02
3.760622855988141282e+02
3.749396437191257405e+02
3.740190687821456095e+02
3.730065437140524409e+02
3.719716423042149245e+02
3.710442860986714209e+02
3.697284168154179724e+02
3.683725769055420187e+02
3.668741684097223015e+02
3.655913969388605551e+02
3.644376572523051436e+02
3.632498961454460868e+02
3.622010075493161025e+02
3.610370051687181103e+02
3.595582837292733984e+02
3.590942639860251688e+02
3.599577041808564104e+02
3.606713641484114987e+02
3.610578724270565090e+02
3.614671012145691407e+02
3.647765230143870099e+02
3.110293619387883837e+02
3.143394845629157430e+02
3.099968253543057699e+02
3.040667874955373691e+02
2.975867875086926233e+02
2.940932072398352943e+02
2.904017090423459422e+02
2.859629431046215586e+02
2.883152141780732336e+02
2.838705127780222028e+02
2.822767643438717187e+02
2.805026012123437340e+02
3.051471773104341310e+02
3.021788281587213874e+02
2.981641168464016687e+02
2.965969908237514687e+02
2.937947187003370573e+02
3.058806033519301195e+02
3.755329386222642256e+02
3.745138779506689843e+02
3.734906454381309118e+02
3.724660335773247652e+02
3.714355210351071150e+02
3.703996090141700392e+02
3.693600713743590518e+02
3.687738057234166149e+02
3.677279356797046148e+02
3.667340696467733210e+02
3.656530379603875076e+02
3.643636420373418900e+02
3.632269981277538591e+02
3.622765390381225075e+02
3.614004270367611298e+02
3.613117342381780759e+02
3.601749698358613045e+02
3.607184853799943767e+02
3.611509462165493574e+02
3.612379445686681834e+02
3.074042190992233259e+02
3.009870009723727549e+02
2.934005458297642122e+02
2.904002570535021732e+02
2.881724648959996671e+02
2.839877433600859717e+02
2.784818788039472111e+02
2.818989975952238751e+02
2.793864864165660720e+02
2.771333843707410551e+02
2.737641264539250869e+02
2.998526161004858750e+02
2.969746700351294635e+02
2.928955039794639674e+02
2.912846924865292522e+02
2.915243030418260446e+02
2.901456760046198724e+02
2.871850832079021529e+02
3.021912597398588787e+02
3.683080815003989983e+02
3.672426463859923160e+02
3.661530546905688652e+02
3.650297433677293384e+02
3.638327665592414633e+02
3.623099158355311715e+02
3.614639491369476332e+02
2.975096827916699453e+02
2.938799580136872578e+02
2.902808779203606946e+02
2.869644118449582493e+02
2.862647881388712676e+02
2.842131397517238725e+02
2.839612914278588391e+02
2.805105713378050041e+02
2.855988204005358284e+02
2.829062001885682776e+02
2.784313467215512219e+02
2.724611874324241967e+02
2.719437164606191004e+02
2.743691224739469021e+02
2.718497539734631232e+02
2.669585226184119051e+02
2.884641455659709663e+02
2.860688030366178509e+02
2.828942408877646244e+02
2.813975498709202725e+02
2.788122730450399445e+02
2.774084344985799362e+02
2.737702111486103718e+02
2.783457314281528738e+02
2.804249607644799198e+02
2.838940767246623977e+02
2.756664900752439848e+02
2.703875581123158440e+02
2.665448515562662237e+02
2.656828281592958092e+02
2.675736617437276550e+02
2.670236439279958063e+02
2.622488640521766001e+02
2.600851332544009438e+02
2.786687941325371867e+02
2.777656420350416511e+02
2.741177990398188058e+02
2.718742091734098381e+02
2.669631745208283746e+02
2.714668783704535713e+02
2.654802986823392530e+02
2.633946892604103596e+02
2.607979901240638014e+02
2.579530466287826584e+02
2.585710712029035676e+02
2.625051880000854680e+02
2.639397443875396903e+02
2.753534642574033455e+02
2.562937147463854330e+02
2.531432661912799347e+02
2.720088426478500878e+02
2.707289093046611583e+02
2.647676593722741245e+02
2.601179238210146991e+02
2.585195867772333713e+02
2.541731697250735351e+02
2.511919489068839937e+02
2.526184046699593750e+02
2.494303134111031852e+02
2.496137577471386066e+02
2.461322495938450743e+02
2.719281291166087158e+02
2.670973038937681849e+02
2.671111947883381958e+02
2.621769983070776675e+02
2.600886420413488054e+02
2.543138397482393316e+02
2.664815192292476809e+02
2.610525760846667254e+02
2.612299115808678494e+02
2.585462925398659308e+02
2.541141422862027639e+02
2.490911058436997507e+02
2.467732294350738300e+02
2.435070342290052849e+02
2.473976586150888295e+02
2.475858358276645674e+02
2.429539032086733812e+02
2.390514036348252773e+02
2.662924639945732679e+02
2.636868634693529998e+02
2.585505719060962520e+02
2.561216555677800670e+02
2.531459148199892866e+02
2.561517285283428009e+02
2.538586703771191821e+02
2.535192407558417926e+02
2.495100355482740611e+02
2.496051547793663019e+02
2.461342464466748936e+02
2.547788349225340880e+02
2.514496768084220832e+02
2.465998134956541037e+02
2.426707771401019045e+02
2.387637886697236524e+02
2.382910083787174074e+02
2.422662720492029678e+02
2.350166395186571435e+02
2.341561354330803510e+02
2.319000442124303163e+02
2.504515559251555885e+02
2.486513803362209671e+02
2.435844587977075548e+02
2.391072668564754906e+02
2.367248541120261507e+02
2.312062297264526762e+02
2.336176709138637477e+02
2.325415370225074696e+02
2.279438285403530813e+02
2.268749918964026051e+02
2.278525522718449565e+02
2.246774704175320494e+02
2.471903309924078087e+02
2.474377061421500628e+02
2.429465201413067916e+02
2.390529097024576117e+02
2.444419662328610627e+02
2.390189248656900531e+02
2.388809683206189334e+02
2.350176158574055592e+02
2.341307355595961610e+02
2.319011679233482255e+02
2.358221601509592062e+02
2.318761942558611224e+02
2.261623027373399850e+02
2.239073040903075196e+02
2.265569227852763277e+02
2.229558560585376767e+02
2.193546425359086243e+02
2.216541154256688344e+02
2.173829864550247351e+02
2.422676933084859172e+02
2.338839589966219705e+02
2.294412713207696868e+02
2.255957923384185335e+02
2.205549052044345331e+02
2.162827524171232199e+02
2.213754700798599799e+02
2.187549026953127509e+02
2.126186049596029193e+02
2.133458360502023368e+02
2.100158949084274980e+02
2.327638755900604224e+02
2.276399729209515783e+02
2.275764844986632056e+02
2.280989236470782657e+02
2.246783184486858147e+02
2.275599246092845362e+02
2.222915190740775699e+02
2.216155429711106706e+02
2.196422850390006261e+02
2.218263043826178489e+02
2.173836341549320821e+02
2.192120346841100798e+02
2.145251046561800479e+02
2.102065262644292147e+02
2.076878700215307276e+02
2.123078128064854866e+02
2.079226664711010812e+02
2.027205526904598685e+02
2.068542930756398732e+02
2.062956893208219356e+02
2.025754724200981229e+02
2.167955252890847646e+02
2.155534664145880868e+02
2.128428683335009168e+02
2.076248987607006598e+02
2.049120021239936307e+02
2.002810308078278467e+02
1.989535959352892576e+02
2.042419607637130810e+02
2.153362310380870213e+02
2.120125300937859265e+02
2.133873752044020762e+02
2.100163838212278336e+02
2.001888390822747397e+02
1.950609943186746591e+02
1.952225974153687105e+02
2.111501715856392707e+02
2.077763481090924245e+02
2.025314830683139462e+02
2.068546924209439624e+02
2.063764336758839590e+02
2.025758408189123543e+02
2.082341491999733876e+02
2.019799159952507068e+02
1.992399330096882863e+02
1.925772528615075316e+02
1.942543253043470486e+02
1.932199262561872501e+02
1.877845332329821133e+02
1.879581274054087885e+02
1.931622921919941405e+02
1.874717249586878438e+02
2.047824474907655485e+02
1.995804015347623590e+02
1.996231702411833737e+02
1.952228588923347559e+02
2.001891663498093692e+02
1.950612712884781672e+02
1.964735171828596663e+02
1.918920535450333773e+02
1.853786555669519771e+02
1.875051783943681301e+02
1.796699274655449585e+02
1.812124858466741557e+02
1.824771311558327511e+02
1.798069309525780568e+02
1.942684975707472290e+02
1.912887801528897000e+02
1.856544863363344291e+02
1.806409457137657455e+02
1.767319152647690146e+02
1.822175802078922118e+02
1.932698681898773430e+02
1.881679596030446362e+02
1.878565211856921167e+02
1.931625437566303845e+02
1.874719350703278735e+02
1.727491043363703227e+02
1.728972613305682273e+02
1.759363945724604719e+02
1.720658531936116162e+02
1.881742841030081195e+02
1.830254945501268367e+02
1.822285427005206770e+02
1.806017786658173634e+02
1.823347692439390926e+02
1.798070833108236855e+02
1.798422547335183310e+02
1.748588985579366124e+02
1.700822675550063252e+02
1.677232345479487492e+02
1.676121298629080627e+02
1.642349408230361121e+02
1.682267439440981605e+02
1.642477396095814015e+02
1.774912818900834850e+02
1.763234937275366008e+02
1.726506797832083748e+02
1.678111098199566413e+02
1.632861740964182786e+02
1.591648287855963702e+02
1.601760229174633423e+02
1.560896377894283376e+02
1.605560081873903187e+02
1.563518183668038546e+02
1.761421174902075961e+02
1.724632892962090978e+02
1.759365183808733946e+02
1.720659563022738041e+02
1.720639149839809647e+02
1.683664707719001399e+02
1.638311276883728453e+02
1.682268277866827475e+02
1.642478121080696667e+02
1.698782709685598604e+02
1.653411548916091647e+02
1.597496481093275236e+02
1.572582349192682045e+02
1.526877472848114223e+02
1.548498085720968049e+02
1.542214679393094343e+02
1.484877644635406284e+02
1.485307753248066547e+02
1.483773159928933865e+02
1.542432271873593095e+02
1.654473810059910477e+02
1.601300694653891128e+02
1.524333928561526932e+02
1.523838283441697001e+02
1.459481662099988171e+02
1.480652243371947065e+02
1.402073211530021695e+02
1.415349797848348317e+02
1.429084044347000315e+02
1.403234544536079795e+02
1.601760571330328276e+02
1.560896776123867937e+02
1.605560659671589860e+02
1.563518694824009287e+02
1.550464763143301639e+02
1.487253737101175659e+02
1.436099597678907571e+02
1.462804635158392443e+02
1.415545339231200330e+02
1.373974552005428507e+02
1.427964418199410659e+02
1.330313245130069788e+02
1.334701662931223325e+02
1.357754919398398670e+02
1.321894429178773009e+02
1.540557620097549147e+02
1.487954666943477378e+02
1.484942112376175487e+02
1.483773557287202891e+02
1.542432745085957038e+02
1.426096974773473676e+02
1.409864480011588910e+02
1.423853620457193756e+02
1.403234896283062767e+02
1.404028616483369376e+02
1.372111706843896002e+02
1.356387251085926380e+02
1.313035012814002584e+02
1.286328659108273769e+02
1.280818634847882151e+02
1.242620321807460329e+02
1.282489627683618778e+02
1.239744934116127979e+02
1.356805198706830993e+02
1.314572581867734300e+02
1.295395826236889718e+02
1.339969572224795797e+02
1.287349460741842506e+02
1.261135134936658204e+02
1.206603596108357408e+02
1.207555360662787507e+02
1.164043614608940942e+02
1.207519660590829318e+02
1.156777984097885934e+02
1.357755187756407054e+02
1.321894686312324723e+02
1.324043740890217009e+02
1.289589003762922346e+02
1.244739505912149724e+02
1.282489855750292236e+02
1.239745117157129926e+02
1.258961274388188372e+02
1.209969303443391908e+02
1.217505155601699585e+02
1.207937724336912737e+02
1.133022293866743411e+02
1.147242806419593677e+02
1.104033129759542646e+02
1.087217213732882897e+02
1.072985324457257406e+02
1.140388198100988717e+02
1.200750911859771151e+02
1.164043740519693841e+02
1.207519844088990482e+02
1.156778124254493889e+02
1.133502075871190300e+02
1.139058289747568011e+02
1.054784668371619745e+02
1.084999405114996307e+02
1.011068712015191267e+02
1.019211407397112623e+02
1.025048248885475743e+02
9.883587679081006172e+01
1.147598436267543462e+02
1.106816311181132733e+02
1.086953574800342750e+02
1.041280810951868148e+02
1.011401485426997766e+02
9.661796335683995096e+01
9.722510635310860039e+01
1.030775965278817665e+02
1.087550330563887400e+02
1.072985530072083833e+02
1.140435917668084613e+02
1.076507318843996899e+02
9.333523163652591847e+01
9.402355587483764054e+01
9.574685298453448468e+01
9.028901433676998067e+01
1.021209393765861932e+02
1.027659358293045813e+02
9.551245479370581393e+01
9.457003912564144343e+01
8.957509305556862955e+01
9.125860202657003128e+01
8.862344493378725474e+01
8.890652599498875475e+01
8.558714512151135523e+01
8.630720102255509119e+01
8.165710312153620976e+01
1.025581249829572243e+02
9.883589907784120498e+01
9.457396961722606932e+01
8.967061357973595648e+01
8.639126445451321956e+01
9.000453466932410151e+01
8.162487538886615823e+01
8.346932958321694684e+01
8.101073208725620134e+01
8.127114434290511724e+01
7.811562586312372503e+01
7.729819484438988297e+01
7.293928916551632824e+01
9.578017161085928421e+01
9.028902331825165106e+01
8.630720637672565942e+01
8.165710293849829782e+01
8.562214163851074034e+01
8.093924114626472033e+01
8.132752181710907280e+01
7.356641390956741589e+01
7.454715722570666969e+01
7.476275763641443461e+01
7.543841965164931196e+01
7.107736534020480690e+01
6.943748393238232097e+01
6.413471572880634142e+01
7.740390487432929945e+01
7.811562220379866517e+01
7.152409681443009504e+01
7.534087155023749460e+01
6.934707351193488023e+01
6.429746529119735499e+01
6.826048096553097366e+01
6.607184948313170025e+01
6.907009825381030055e+01
6.158367404414859436e+01
6.200414359563468025e+01
6.070063043752065823e+01
5.524252492628734501e+01
7.293929185033488238e+01
6.950220864846191660e+01
6.413473885283171683e+01
6.262058581469665342e+01
6.380775255784755018e+01
5.745326708198356869e+01
6.165689208464764448e+01
5.643731636305530941e+01
5.777410564907315660e+01
5.504924238221218502e+01
5.564123214654383531e+01
5.429656314126358296e+01
4.626186795416233366e+01
6.362493209639190184e+01
6.071845756638968794e+01
5.524255327291616169e+01
5.389105119384913678e+01
5.015112912876853102e+01
4.875927061006886731e+01
5.471629107151180449e+01
4.927469311139579844e+01
4.911210219892294049e+01
4.973308611790319844e+01
4.636091496356313968e+01
3.982660521448767810e+01
3.719182914878426516e+01
5.758475689487278260e+01
4.626188719738294708e+01
4.527327176650362617e+01
4.245884721796258532e+01
4.026264165615575052e+01
4.198881089139638334e+01
4.171814867308115993e+01
3.976088803911996195e+01
4.271843413835510717e+01
3.684393908139034579e+01
3.296126989665510365e+01
2.803154884256844426e+01
3.974153628841092001e+01
3.681045517485117102e+01
3.475509846320581886e+01
3.321793496793790723e+01
3.340397069823306708e+01
3.284358623792505938e+01
3.449967316799932604e+01
2.976859590806500577e+01
2.562755931091881578e+01
1.827874443433644203e+01
1.878006840987464088e+01
3.719183859261217151e+01
3.287516100798308116e+01
2.803153680628537359e+01
2.993103874631081140e+01
2.665276827053514452e+01
2.434007311484880987e+01
2.522558476062657462e+01
2.581420465833251754e+01
2.286493362489172299e+01
1.523355986590035194e+01
8.887982401232651597e+00
9.436518896028099235e+00
2.557326583250117125e+01
1.834589491316286924e+01
1.878008493945666757e+01
2.291948652927404950e+01
1.968460598657604876e+01
1.585143205432756019e+01
1.700580256932594381e+01
1.834968383506225820e+01
1.700933670862691116e+01
8.231496827955337992e+00
5.799226261025826723e+00
0.000000000000000000e+00
4.626516514174523920e+00
0.000000000000000000e+00
1.512846412945083330e+01
1.264687703392067419e+01
6.947494326588603109e+00
8.534528793479509545e+00
1.264800336331975927e+01
1.223171027172826975e+01
6.222630966715736456e+00
0.000000000000000000e+00
9.436538860284588992e+00
8.804002470943173009e+00
7.411320303193666525e+00
0.000000000000000000e+00
0.000000000000000000e+00
0.000000000000000000e+00
0.000000000000000000e+00
6.712881677845523143e+00
6.268766700547078408e+00
0.000000000000000000e+00
4.560144110349871660e+00
0.000000000000000000e+00
0.000000000000000000e+00
