7.679626760109878602e-06
5.246299709469288192e-06
1.935179636134305489e-06
1.049259941893857656e-02
3.870359272268610734e-03
6.028930325379196099e-06
1.902771410111297658e-06
1.205786065075838999e-02
3.805542820222595005e-03
7.935262480211681497e-06
2.475492552573063039e-06
1.587052496042336280e-02
4.950985105146125075e-03
3.516150904242361636e-06
1.535925352021975596e-02
7.032301808484722229e-03
5.081599204164076899e-06
4.376686987488443534e-06
9.143654058593173162e-07
-1.764050473893981011e-07
1.016319840832815603e-02
8.753373974976887475e-03
1.828730811718634131e-03
-3.528100947787963073e-04
4.820633359707079861e-06
-3.306861710052197732e-07
9.641266719414159220e-03
-6.613723420104395236e-04
5.889838904539479955e-06
1.191764436971541202e-06
1.177967780907896063e-02
2.383528873943082174e-03
7.905569754493999287e-06
2.139654193026473368e-06
1.581113950898799594e-02
4.279308386052945584e-03
4.832497190096588939e-06
3.806522952703007842e-07
9.664994380193178691e-03
7.613045905406016362e-04
4.808510728030117689e-06
-4.076785474996607966e-07
9.617021456060232884e-03
-8.153570949993215128e-04
5.471641720403052142e-06
5.470208047764904442e-06
-2.620833218919727403e-06
-1.490625152288011681e-06
1.094041609552980944e-02
1.094328344080610325e-02
-5.241666437839454656e-03
-2.981250304576022782e-03
7.738127376083531707e-06
5.534268973851787024e-06
1.931514598855490008e-06
8.837009322132787647e-07
1.547625475216706480e-02
1.106853794770357342e-02
3.863029197710980429e-03
1.767401864426557069e-03
4.916024618415196248e-06
5.505010605562990669e-06
7.479756833932307728e-07
2.237502350355288902e-08
1.101002121112598132e-02
9.832049236830391059e-03
1.495951366786461368e-03
4.475004700710584618e-05
5.557943802998609538e-06
5.857397462862974456e-06
-1.218969147978635072e-06
1.171479492572594962e-02
-2.437938295957270581e-03
-8.977488554634774542e-07
1.111588760599721906e-02
-1.795497710926955174e-03
8.242327244028885508e-06
-2.762074417661448073e-06
1.648465448805777264e-02
-5.524148835322895482e-03
6.741075415485971601e-06
-2.779858579475561188e-06
1.348215083097194060e-02
-5.559717158951121840e-03
8.166604322244187832e-06
-4.235894880499959954e-06
1.633320864448837076e-02
-8.471789760999919733e-03
7.807477067012962281e-06
2.165708280182928878e-06
1.561495413402592264e-02
4.331416560365857274e-03
5.145136207703546233e-06
-1.136379070501479983e-07
1.029027241540709028e-02
-2.272758141002958381e-04
6.229873980461022574e-06
-1.287934109497724761e-06
1.245974796092204351e-02
-2.575868218995449634e-03
7.712765289144982243e-06
7.991779704838015795e-06
-2.412642554452421880e-06
-2.159161541675681303e-06
1.598355940967603750e-02
1.542553057828996606e-02
-4.825285108904842947e-03
-4.318323083351362050e-03
5.557232378346410485e-06
6.436917265752341859e-06
7.555630116750265896e-07
1.325288281986234542e-06
1.111446475669282050e-02
1.287383453150468295e-02
1.511126023350053233e-03
2.650576563972468960e-03
7.865542815774528940e-06
2.224125075431278286e-06
1.573108563154905840e-02
4.448250150862555902e-03
5.288503255617398831e-06
-2.239154782153043705e-08
1.057700651123479399e-02
-4.478309564306080115e-05
5.844191780632034096e-06
-1.029151739807560559e-06
1.168838356126406831e-02
-2.058303479615121532e-03
5.449029063946866705e-06
5.412670376119851749e-06
-5.409201177555863206e-07
3.154967559415487422e-08
1.089805812789373246e-02
1.082534075223970209e-02
-1.081840235511172775e-03
6.309935118830972917e-05
5.866560807507982281e-06
9.351801458945705905e-07
1.173312161501596611e-02
1.870360291789141408e-03
7.687007263165976140e-06
2.297022193808366871e-06
1.537401452633195033e-02
4.594044387616733234e-03
7.750989694981631650e-06
-2.190301720673256420e-06
1.550197938996326387e-02
-4.380603441346512562e-03
6.695597082848227374e-06
-1.588331591921162554e-06
1.339119416569645518e-02
-3.176663183842325187e-03
6.575912243760012650e-06
5.911285326829005519e-06
5.423398530511052239e-06
-1.198266818093433121e-08
1.084679706102210581e-02
-2.396533636186849844e-05
6.249514784114324353e-06
1.303508516000624337e-06
1.249902956822864647e-02
2.607017032001248541e-03
7.641828658467699222e-06
2.253793268724834955e-06
1.528365731693539717e-02
4.507586537449669896e-03
-1.517901141603002242e-06
-9.573409296537106505e-07
1.182257065365801066e-02
-1.914681859307421768e-03
1.315182448752002381e-02
-3.035802283206003992e-03
7.887073293099156903e-06
-2.340121790569001477e-06
1.577414658619831489e-02
-4.680243581138002901e-03
7.689462956399123312e-06
-2.385953754518402652e-06
1.537892591279824833e-02
-4.771907509036804607e-03
6.282835850644485807e-06
5.951170882079865805e-06
-1.088358077178706904e-06
-1.401126477821647402e-06
1.190234176415973059e-02
1.256567170128896835e-02
-2.176716154357413984e-03
-2.802252955643294834e-03
5.921535620949152944e-06
1.006842159841280937e-06
1.184307124189830536e-02
2.013684319682561633e-03
6.561951800120291050e-06
1.475775848991791484e-06
1.312390360024058220e-02
2.951551697983583432e-03
7.737906656656179128e-06
2.323273965043909507e-06
1.547581331331235842e-02
4.646547930087817531e-03
5.479152479703777736e-06
-8.168678946318015234e-08
1.095830495940755545e-02
-1.633735789263601344e-04
7.675666928631956395e-06
6.533078278397052147e-06
5.780956032248724413e-06
-9.109323184689137960e-07
1.156191206449744616e-02
-1.821864636937827429e-03
-1.509024600054548875e-06
1.306615655679410452e-02
-3.018049200109097774e-03
-2.326575147048331743e-06
1.535133385726391436e-02
-4.653150294096663683e-03
5.567963150585797228e-06
4.595483603997446418e-07
1.113592630117159546e-02
9.190967207994893201e-04
6.707300823143205585e-06
1.648660735842754756e-06
1.341460164628640976e-02
3.297321471685509420e-03
7.686385376933798876e-06
2.356927185807632021e-06
1.537277075386759596e-02
4.713854371615263696e-03
7.879510967316826937e-06
7.852449869600683515e-06
6.092497386914040190e-06
-2.342812410126873842e-06
-1.104128710876495619e-06
1.570489973920136464e-02
1.218499477382808081e-02
-4.685624820253747082e-03
-2.208257421752990966e-03
5.578920070946883970e-06
-1.075565833856220569e-07
1.115784014189376804e-02
-2.151131667712442874e-04
5.930644836389791889e-06
6.048834123615976562e-06
7.724655531363821477e-06
2.407967155925698206e-06
1.252484717096805504e-06
1.544931106272764282e-02
1.209766824723195258e-02
4.815934311851397150e-03
2.504969434193610438e-03
9.771055650263718397e-07
1.186128967277958607e-02
1.954211130052743717e-03
-2.360212694435387179e-06
1.575902193463365325e-02
-4.720425388870775306e-03
7.817610978698144171e-06
5.978525852543419693e-06
5.596036982480570050e-06
5.585335876603868244e-06
5.770706300107511412e-06
9.586823484387666133e-07
1.154141260021502267e-02
1.917364696877533288e-03
6.527173353261270868e-06
1.554680941682290672e-06
1.305434670652254152e-02
3.109361883364581292e-03
7.805043356985894642e-06
2.415313483597562979e-06
1.561008671397179186e-02
4.830626967195126263e-03
-2.363529915418223892e-06
-1.073084655793857988e-06
4.580973913001994529e-08
1.367309490087420506e-07
1.117067175320773584e-02
2.734618980174842299e-04
1.119207396496113907e-02
9.161947826003998799e-05
1.195705170508683940e-02
-2.146169311587716420e-03
1.563522195739628501e-02
-4.727059830836446985e-03
6.792022011268051044e-06
5.597736180849342968e-06
5.510340070807226929e-06
-5.083978483109172094e-07
1.080111095793602245e-07
1.119547236169868461e-02
1.102068014161445252e-02
-1.016795696621834461e-03
2.160222191587206169e-04
5.915556424320015888e-06
1.064538356373813157e-06
1.183111284864002931e-02
2.129076712747626256e-03
7.855079573709985443e-06
2.437661503730442016e-06
1.571015914741996991e-02
4.875323007460884324e-03
-1.659862574896444570e-06
1.358404402253609970e-02
-3.319725149792888963e-03
7.883913970843783392e-06
-2.384867243961349041e-06
1.576782794168756635e-02
-4.769734487922699072e-03
6.626910115533548151e-06
7.728899253878678482e-06
5.987524804539296176e-06
5.461583895360532865e-06
6.255335680348474332e-06
4.781303467726948923e-08
1.345981354234575850e-06
1.092316779072106774e-02
1.251067136069694899e-02
9.562606935453888529e-05
2.691962708469151835e-03
7.926456185651777485e-06
2.435248195640421298e-06
1.585291237130355413e-02
4.870496391280842129e-03
-1.555061010692515676e-06
-2.397949782676054588e-06
-9.819313261275214434e-07
1.197504960907859288e-02
-1.963862652255042758e-03
1.545779850775735702e-02
1.325382023106709377e-02
-4.795899565352109047e-03
-3.110122021385031219e-03
6.314450621964929540e-06
5.950065267955846511e-06
7.733878128844806141e-06
-2.286673576933959203e-06
-1.019148262984665490e-06
1.546775625768961361e-02
1.190013053591169184e-02
-4.573347153867917715e-03
-2.038296525969330794e-03
5.508844892401105139e-06
5.925217088876982106e-06
8.739655056590852665e-07
-2.378724636325330429e-08
1.185043417775396256e-02
1.101768978480220998e-02
1.747931011318170887e-03
-4.757449272650662484e-05
-1.376951688943244019e-06
1.262890124392986035e-02
-2.753903377886487546e-03
6.843222285360799004e-06
1.751155755323745494e-06
1.368644457072159745e-02
3.502311510647491011e-03
7.982891862535110273e-06
2.334097281114568412e-06
1.596578372507021990e-02
4.668194562229137021e-03
7.797426072243904627e-06
-2.433804274316131266e-06
1.559485214448780820e-02
-4.867608548632261847e-03
6.059859893214524101e-06
5.521458686993940484e-06
6.186947304260306430e-06
1.237339197268283273e-06
1.237389460852061224e-02
2.474678394536566298e-03
-8.571436330716229961e-08
1.104291737398787991e-02
-1.714287266143245077e-04
-1.194073472134301567e-06
1.211971978642904790e-02
-2.388146944268603258e-03
7.959189968083438667e-06
2.462083152503401402e-06
1.591837993616687652e-02
4.924166305006803454e-03
7.803765426376843564e-06
6.102362398969629513e-06
-2.462295461101729999e-06
-1.271928578936731366e-06
1.560753085275368504e-02
1.220472479793925993e-02
-4.924590922203458954e-03
-2.543857157873463063e-03
5.532780638924323070e-06
-2.532122430205427584e-08
1.106556127784864493e-02
-5.064244860410845787e-05
5.952218596045620838e-06
9.037743261881171981e-07
1.190443719209124257e-02
1.807548652376234381e-03
6.828627563314971183e-06
1.736127174037455468e-06
1.365725512662994100e-02
3.472254348074911481e-03
7.737137455998230898e-06
2.377235902450232192e-06
1.547427491199646413e-02
4.754471804900465420e-03
7.769572443953692392e-06
-2.423143694872072973e-06
1.553914488790738430e-02
-4.846287389744146148e-03
5.861499573286672110e-06
-1.031545500650479882e-06
1.172299914657334331e-02
-2.063091001300959744e-03
5.546304595601125299e-06
-4.445778369059938913e-08
1.109260919120225002e-02
-8.891556738119878482e-05
6.321632668799853303e-06
1.373441549146128962e-06
1.264326533759970762e-02
2.746883098292257457e-03
7.657156248725414089e-06
2.397577017602434910e-06
1.531431249745082712e-02
4.795154035204870525e-03
7.729822408712704593e-06
5.780128592919374959e-06
-2.471665788241570803e-06
-9.261051709839589215e-07
1.545964481742540669e-02
1.156025718583874977e-02
-4.943331576483141199e-03
-1.852210341967918143e-03
5.561764172401956839e-06
-6.280554508060675612e-08
1.112352834480391343e-02
-1.256110901612134568e-04
6.035569784774358312e-06
1.147232638245253120e-06
1.207113956954871531e-02
2.294465276490506144e-03
6.606446592692964006e-06
1.610418618475147850e-06
1.321289318538592696e-02
3.220837236950295588e-03
7.810027127303665139e-06
2.432352951864870935e-06
1.562005425460733128e-02
4.864705903729741633e-03
6.527017306210249914e-06
-1.518947637971348674e-06
1.305403461242050055e-02
-3.037895275942697169e-03
7.810068252309872194e-06
-2.413995925970663790e-06
1.562013650461974677e-02
-4.827991851941328474e-03
5.601318758686672372e-06
5.527299136497217490e-06
5.830298434715537368e-07
-5.139655613218981232e-08
1.120263751737334175e-02
1.105459827299443490e-02
1.166059686943107538e-03
-1.027931122643796128e-04
5.943874186083781852e-06
-1.021650065100558604e-06
1.188774837216756072e-02
-2.043300130201116879e-03
6.782026179534366641e-06
1.735714800697260017e-06
1.356405235906873140e-02
3.471429601394519521e-03
7.776086292276385798e-06
2.439868894539580059e-06
1.555217258455277030e-02
4.879737789079159963e-03
7.813779191130455835e-06
-2.424151844133049636e-06
1.562755838226091362e-02
-4.848303688266099483e-03
6.323856622362263403e-06
5.509729422023743345e-06
6.370686919419889829e-06
1.380814734562805445e-08
1.419292004244812760e-06
1.101945884404748749e-02
1.274137383883977917e-02
2.761629469125601792e-05
2.838584008489625568e-03
6.007909467137253472e-06
1.017365096559941515e-06
1.201581893427450774e-02
2.034730193119883151e-03
-1.346379479968437894e-06
1.264771324472452677e-02
-2.692758959936876039e-03
7.868440363446855521e-06
2.425784431765567105e-06
1.573688072689371359e-02
4.851568863531135166e-03
7.893568166661898695e-06
6.057312379765606527e-06
-2.283310826243981813e-06
-1.018309423818262668e-06
1.578713633332379587e-02
1.211462475953121315e-02
-4.566621652487962840e-03
-2.036618847636525228e-03
5.610033702806910834e-06
6.004311694979583135e-06
8.952944507889106193e-07
1.944231050059807908e-08
1.200862338995916691e-02
1.122006740561381881e-02
1.790588901577821372e-03
3.888462100119614720e-05
6.869344522970520147e-06
1.764112738608590438e-06
1.373868904594104101e-02
3.528225477217180987e-03
7.987430883277520468e-06
2.342937442720734538e-06
1.597486176655504159e-02
4.685874885441468005e-03
7.920195623868550019e-06
-2.410450958913960643e-06
1.584039124773710047e-02
-4.820901917827920269e-03
6.169409829524309729e-06
5.668352930267980842e-06
6.302789442993055135e-06
1.281286515370140710e-06
1.260557888598611009e-02
2.562573030740281262e-03
-2.524990222030412061e-08
1.133670586053596267e-02
-5.049980444060818717e-05
-1.132093276901393504e-06
1.233881965904862037e-02
-2.264186553802787112e-03
8.048201586784560786e-06
2.471994406425566337e-06
1.609640317356911959e-02
4.943988812851132612e-03
7.868729378385340903e-06
6.242161136520533699e-06
-2.412260016289160936e-06
-1.240375407934634638e-06
1.573745875677068015e-02
1.248432227304106801e-02
-4.824520032578320794e-03
-2.480750815869268728e-03
5.708517219377806714e-06
9.148476189826684171e-09
1.141703443875561122e-02
1.829695237965335341e-05
6.141484604744924858e-06
9.660336779073883059e-07
1.228296920948985030e-02
1.932067355814776500e-03
7.024003160840872085e-06
1.793957664269443352e-06
1.404800632168174378e-02
3.587915328538886315e-03
8.083872468069402793e-06
2.360148324051334038e-06
1.616774493613879968e-02
4.720296648102668448e-03
7.934292963247459391e-06
-2.378976396671329026e-06
1.586858592649491653e-02
-4.757952793342657381e-03
6.062742114932734553e-06
-1.043854244166806102e-06
1.212548422986547102e-02
-2.087708488333612448e-03
5.746328693255527972e-06
-3.822686417541671680e-08
1.149265738651105394e-02
-7.645372835083338902e-05
6.576217326018060637e-06
1.413580849931365234e-06
1.315243465203612058e-02
2.827161699862730613e-03
8.175780271853285574e-06
2.388457614818911309e-06
1.635156054370657044e-02
4.776915229637822280e-03
8.070529794531005311e-06
6.046864021070722492e-06
-2.441273541134710296e-06
-9.169419457330795585e-07
1.614105958906200677e-02
1.209372804214144462e-02
-4.882547082269420545e-03
-1.833883891466158616e-03
5.793001682803395735e-06
-7.084642471010775596e-08
1.158600336560679060e-02
-1.416928494202155189e-04
6.295731424283392011e-06
1.143684729100430721e-06
1.259146284856678226e-02
2.287369458200861402e-03
6.962302603618223560e-06
1.574917410368384368e-06
1.392460520723644637e-02
3.149834820736768706e-03
8.395061348343482309e-06
2.393369070881345046e-06
1.679012269668696267e-02
4.786738141762689712e-03
6.851172884212916174e-06
-1.539704944255263957e-06
1.370234576842583284e-02
-3.079409888510528139e-03
8.227246982677586699e-06
-2.420334602290086218e-06
1.645449396535517139e-02
-4.840669204580171081e-03
5.889031647229643329e-06
5.887377003701726419e-06
5.448742131289509370e-07
-1.153585746144831195e-07
1.177806329445928515e-02
1.177475400740345471e-02
1.089748426257901781e-03
-2.307171492289663086e-04
6.258388652285479749e-06
-1.078844492509611212e-06
1.251677730457095676e-02
-2.157688985019222492e-03
7.151696211622892342e-06
1.705487278558632026e-06
1.430339242324578548e-02
3.410974557117263991e-03
8.551950453666252585e-06
2.401049420623579393e-06
1.710390090733250948e-02
4.802098841247159910e-03
8.257128443852088939e-06
6.479630475615008901e-06
-1.348620560769337720e-06
1.295926095123001859e-02
-2.697241121538675353e-03
5.939005338410351785e-06
-1.720955328251314059e-07
1.187801067682070326e-02
-3.441910656502627716e-04
6.231211799524893478e-06
7.834693955160188667e-07
1.246242359904978746e-02
1.566938791032037757e-03
7.152422299999038105e-06
1.616715179608074811e-06
1.430484459999807612e-02
3.233430359216149259e-03
8.339743756530431379e-06
2.357512531964783776e-06
1.667948751306086441e-02
4.715025063929566794e-03
-2.473873535018932849e-06
1.651425688770417899e-02
-4.947747070037865000e-03
8.450776322600053305e-06
6.237800761935139964e-06
-2.516468628501299172e-06
-1.032508101369960188e-06
1.690155264520010886e-02
1.247560152387028158e-02
-5.032937257002599238e-03
-2.065016202739920585e-03
5.985057820650822397e-06
-2.548143623283265776e-07
1.197011564130164539e-02
-5.096287246566530774e-04
6.238798087089590499e-06
8.199694522399658372e-07
1.247759617417918028e-02
1.639938904479931779e-03
7.081491397257218399e-06
1.630792571505025782e-06
1.416298279451443619e-02
3.261585143010051289e-03
8.278918784079844717e-06
2.475050908195940356e-06
1.655783756815968830e-02
4.950101816391880467e-03
7.143819663273606011e-06
-1.634598307384274587e-06
1.428763932654721243e-02
-3.269196614768549690e-03
8.714818271023308521e-06
-2.490708338443930920e-06
1.742963654204661428e-02
-4.981416676887862396e-03
5.981671249688022038e-06
5.951000801681449982e-06
5.142698574642506282e-07
-7.698642011132172878e-08
1.196334249937604406e-02
1.190200160336289843e-02
1.028539714928501355e-03
-1.539728402226434912e-04
6.390316350625733577e-06
-1.085772753841777526e-06
1.278063270125146499e-02
-2.171545507683554904e-03
6.984164840141549708e-06
8.395032171638164794e-06
2.509938585062497469e-06
1.698534110422120335e-06
1.679006434327633135e-02
1.396832968028309876e-02
5.019877170124995534e-03
3.397068220844240947e-03
8.757086513498677172e-06
6.556728703463690276e-06
-1.216196781887678215e-06
1.311345740692738092e-02
-2.432393563775356402e-03
5.929776918826992870e-06
-3.841204726114959341e-08
1.185955383765398795e-02
-7.682409452229914881e-05
6.295740038979366915e-06
1.115204238365409644e-06
1.259148007795873360e-02
2.230408476730819014e-03
7.213773631604727345e-06
1.807561435185089231e-06
1.442754726320945313e-02
3.615122870370178400e-03
8.428701036613172473e-06
2.552185555217753226e-06
1.685740207322634215e-02
5.104371110435507002e-03
-2.526539728707276306e-06
1.751417302699735667e-02
-5.053079457414551799e-03
8.597513351581081645e-06
6.160085017364100364e-06
-2.537681948983787286e-06
-8.959742373962399077e-07
1.719502670316216258e-02
1.232017003472820130e-02
-5.075363897967574700e-03
-1.791948474792480093e-03
5.950250865701551203e-06
-7.567950242989582960e-08
1.190050173140310384e-02
-1.513590048597916586e-04
6.146426155255190953e-06
9.582851375280869014e-07
1.229285231051038124e-02
1.916570275056173620e-03
7.041681353569033636e-06
1.753226550571692356e-06
1.408336270713806716e-02
3.506453101143384987e-03
8.299663649991677463e-06
2.664181112660857999e-06
1.659932729998335812e-02
5.328362225321714961e-03
6.996781589694326985e-06
-1.527307953351338806e-06
1.399356317938865377e-02
-3.054615906702677457e-03
8.463754288267964331e-06
-2.557813963909116474e-06
1.692750857653593094e-02
-5.115627927818233028e-03
5.908381936312628590e-06
5.817086710972996946e-06
6.477278270303321400e-07
1.698424878005225992e-08
1.181676387262525774e-02
1.163417342194599489e-02
1.295455654060664397e-03
3.396849756010450412e-05
6.269953023638930987e-06
-1.002328726151054919e-06
1.253990604727786215e-02
-2.004657452302109795e-03
6.945695884159122070e-06
8.132791159640675489e-06
2.657359545967291996e-06
1.626558231928134854e-02
5.314719091934583944e-03
1.777066263856011087e-06
1.389139176831824356e-02
3.554132527712021861e-03
8.216932069060312366e-06
-2.561897210718569629e-06
1.643386413812062546e-02
-5.123794421437138751e-03
6.564114557602880511e-06
5.725040267187924305e-06
6.596482965037454321e-06
1.017310478308732109e-07
1.579993715139035037e-06
1.145008053437584702e-02
1.319296593007490866e-02
2.034620956617464122e-04
3.159987430278070070e-03
6.264432867911926269e-06
1.177258523723362468e-06
1.252886573582385164e-02
2.354517047446725349e-03
-1.356383518634403090e-06
1.312822911520575807e-02
-2.712767037268805706e-03
8.155617599562808812e-06
2.657454021193544849e-06
1.631123519912561562e-02
5.314908042387089630e-03
8.022040550988137144e-06
6.206571285504322489e-06
-2.452549002054790651e-06
-1.064368003272166300e-06
1.604408110197627635e-02
1.241314257100864689e-02
-4.905098004109580828e-03
-2.128736006544332780e-03
5.718764010952783196e-06
6.176648368726562402e-06
1.005148043138997490e-06
4.133408718660679387e-08
1.235329673745312606e-02
1.143752802190556479e-02
2.010296086277995123e-03
8.266817437321358360e-05
7.059003972945970732e-06
1.935845375088156348e-06
1.411800794589194129e-02
3.871690750176312677e-03
8.177972011577104401e-06
2.561318199503164246e-06
1.635594402315420498e-02
5.122636399006328702e-03
7.927944678195304211e-06
-2.585855141234484447e-06
1.585588935639060948e-02
-5.171710282468969591e-03
6.201844511385609908e-06
5.662731584930692082e-06
6.391088895822107042e-06
1.407818662404171756e-06
1.278217779164421419e-02
2.815637324808343157e-03
-3.309945781162049908e-08
1.132546316986138453e-02
-6.619891562324099646e-05
-1.234893430362790051e-06
1.240368902277121967e-02
-2.469786860725579642e-03
8.161416923199020545e-06
2.660980789624283716e-06
1.632283384639804033e-02
5.321961579248567567e-03
7.931534215039901520e-06
6.009532231777773968e-06
-2.559188272002283826e-06
-1.065689354208146430e-06
1.586306843007980610e-02
1.201906446355554756e-02
-5.118376544004567090e-03
-2.131378708416292820e-03
5.633816042730231043e-06
6.090584769829960882e-06
1.008339568757700098e-06
1.218116953965992129e-02
2.016679137515400063e-03
-1.615232268639981395e-08
1.126763208546046301e-02
-3.230464537279959539e-05
7.071468949182626965e-06
1.929686005054569969e-06
1.414293789836525150e-02
3.859372010109139890e-03
8.086608915095658021e-06
2.571759381256321089e-06
1.617321783019131168e-02
5.143518762512643006e-03
7.893362761456524935e-06
-2.702045398257124753e-06
1.578672552291305112e-02
-5.404090796514249805e-03
6.420875605314202775e-06
5.563494533631993877e-06
6.266883767849260820e-06
1.339193547176632434e-06
1.253376753569851974e-02
2.678387094353264740e-03
-8.424423392596092782e-08
1.112698906726398811e-02
-1.684884678519218124e-04
-1.533122029514782746e-06
1.284175121062840555e-02
-3.066244059029566045e-03
8.011617029478714565e-06
2.569848953555876767e-06
1.602323405895742653e-02
5.139697907111752395e-03
7.786358557735676930e-06
6.077801451867278660e-06
-1.226834705192675699e-06
1.215560290373455740e-02
-2.453669410385351472e-03
-2.593882393484825812e-06
1.557271711547135104e-02
-5.187764786969650127e-03
5.962426682957496939e-06
5.568120283236623829e-06
1.252220004888710588e-08
1.113624056647324716e-02
2.504440009777412810e-05
1.064612653196534716e-06
1.192485336591499537e-02
2.129225306393069551e-03
6.564013113274963612e-06
1.556525723499840150e-06
1.312802622654992736e-02
3.113051446999680252e-03
7.879162536123923813e-06
2.590359539171460735e-06
1.575832507224784670e-02
5.180719078342921856e-03
6.829696264970925086e-06
5.643398100021762321e-06
5.813342648396274635e-06
7.679523370640725985e-06
2.505071664908896077e-06
9.193962955426400581e-07
1.535904674128145062e-02
1.162668529679254832e-02
5.010143329817792757e-03
1.838792591085280231e-03
-5.747667988290136277e-07
1.128679620004352513e-02
-1.149533597658027343e-03
-1.847173446513222023e-06
1.365939252994185019e-02
-3.694346893026444287e-03
7.809506510780452393e-06
-2.628663808826537639e-06
1.561901302156090514e-02
-5.257327617653075394e-03
6.655017023737339896e-06
7.765965700558161191e-06
6.059054054081656224e-06
-1.184133553735529822e-06
1.211810810816331234e-02
-2.368267107471059684e-03
-2.641340791177620556e-06
1.553193140111632127e-02
-5.282681582355240428e-03
-1.753276619799246318e-06
1.331003404747467880e-02
-3.506553239598492883e-03
5.594256410181190526e-06
-5.402073787974286821e-08
1.118851282036238161e-02
-1.080414757594859025e-04
5.868876392240413106e-06
9.887448101621046124e-07
1.173775278448082639e-02
1.977489620324209343e-03
7.661261859154495899e-06
2.580401911705329995e-06
1.532252371830898977e-02
5.160803823410659366e-03
6.348249781519185144e-06
5.569743161555322829e-06
5.559681216691970803e-06
6.105095067412577255e-06
7.755939064654858084e-06
2.554003454494986635e-06
1.322110233196111179e-06
1.551187812930971723e-02
1.221019013482515375e-02
5.108006908989972707e-03
2.644220466392222229e-03
4.461298169939607178e-08
1.111936243338394054e-02
8.922596339879205758e-05
-5.629917652134483166e-08
1.113948632311064467e-02
-1.125983530426896413e-04
-1.586927593638617778e-06
1.269649956303836938e-02
-3.173855187277235985e-03
7.859730440391162983e-06
-2.621561676642073760e-06
1.571946088078232315e-02
-5.243123353284147303e-03
5.963384335940856222e-06
5.557158013298444407e-06
7.487151783444966923e-08
1.111431602659688871e-02
1.497430356688991826e-04
-9.610134454611939321e-07
1.192676867188171251e-02
-1.922026890922387803e-03
6.839787954836628273e-06
7.859420359450858203e-06
-2.502717531125889792e-06
1.571884071890171722e-02
-5.005435062251779171e-03
-1.888863990894455207e-06
1.367957590967325450e-02
-3.777727981788909974e-03
6.110940421885240272e-06
1.339463736096496962e-06
1.222188084377047977e-02
2.678927472192993691e-03
7.977969194075399859e-06
2.540563057524212602e-06
1.595593838815079907e-02
5.081126115048425693e-03
6.165205428194862113e-06
5.542626373955885938e-06
-1.336670486128859897e-06
6.637825164596075681e-08
1.233041085638972474e-02
1.108525274791177274e-02
-2.673340972257719824e-03
1.327565032919215536e-04
6.058453607133475927e-06
8.035581153184730594e-06
2.663355283333558064e-06
1.180115925035343082e-06
1.607116230636946100e-02
1.211690721426695282e-02
5.326710566667115267e-03
2.360231850070686112e-03
7.816914420128329589e-06
-2.643775917613934337e-06
1.563382884025665484e-02
-5.287551835227868348e-03
5.929716062638959499e-06
-9.683308663413119865e-07
1.185943212527791786e-02
-1.936661732682624102e-03
5.499875759995441914e-06
-4.469974984090472936e-08
1.099975151999088227e-02
-8.939949968180945449e-05
6.381989099252185851e-06
1.455550765105208801e-06
1.276397819850437140e-02
2.911101530210417811e-03
7.995841011948876342e-06
2.478182114140993682e-06
1.599168202389775195e-02
4.956364228281987493e-03
6.737616741201559259e-06
-1.877087968545100400e-06
1.347523348240311711e-02
-3.754175937090201230e-03
7.701320926374123608e-06
-2.600002176010061845e-06
1.540264185274824865e-02
-5.200004352020124246e-03
6.301736757093297697e-06
-1.576873407539076843e-06
1.260347351418659653e-02
-3.153746815078154082e-03
5.989384073615821672e-06
-1.260081466753717354e-06
1.197876814723164429e-02
-2.520162933507434817e-03
7.736111386199727766e-06
-2.639451652878162518e-06
1.547222277239945591e-02
-5.278903305756324493e-03
6.000920949032932726e-06
5.565190224652026267e-06
-5.655478427498240040e-08
1.113038044930405278e-02
-1.131095685499647211e-04
1.009053398025175451e-06
1.200184189806586220e-02
2.018106796050350617e-03
6.629723895909948216e-06
1.489264305982633057e-06
1.325944779181989497e-02
2.978528611965265607e-03
7.993784816109840264e-06
2.524414410092146485e-06
1.598756963221968294e-02
5.048828820184292875e-03
6.625564574064993010e-06
-1.776763172383562461e-06
1.325112914812998782e-02
-3.553526344767124132e-03
5.658198142101744459e-06
5.854268883387176109e-06
7.766355525717335483e-06
2.474270812790712635e-06
8.189579083214446665e-07
1.553271105143466842e-02
1.170853776677435384e-02
4.948541625581425948e-03
1.637915816642889150e-03
-6.862499128903599456e-07
1.131639628420348653e-02
-1.372499825780719744e-03
7.929387477719538441e-06
-2.658805019066470018e-06
1.585877495543907417e-02
-5.317610038132939906e-03
6.769848647799517718e-06
5.970265090794978148e-06
-1.084506919821783698e-06
1.194053018158995789e-02
-2.169013839643567799e-03
-1.926950869912394995e-06
1.353969729559903294e-02
-3.853901739824790260e-03
8.029769570097164121e-06
-2.708422661251462185e-06
1.605953914019432258e-02
-5.416845322502924533e-03
5.679555728651207538e-06
-1.655139782556783330e-08
1.135911145730241455e-02
-3.310279565113567063e-05
6.089802258795389403e-06
1.080407003759677333e-06
1.217960451759077765e-02
2.160814007519353680e-03
7.661294224065985599e-06
2.530034168228331902e-06
1.532258844813197234e-02
5.060068336456664644e-03
6.886205484657374874e-06
6.035720854762141743e-06
5.685006832831585606e-06
-1.524419859518640556e-07
1.137001366566317041e-02
-3.048839719037280040e-04
5.950108523905966644e-06
1.069756917598402312e-06
1.190021704781193262e-02
2.139513835196804950e-03
6.518513503533471406e-06
1.636032793150163417e-06
1.303702700706694216e-02
3.272065586300326647e-03
7.808679700946119639e-06
2.591438831862635947e-06
1.561735940189223903e-02
5.182877663725271589e-03
-1.983073893261331445e-06
-1.158326869034086877e-06
1.207144170952428354e-02
-2.316653738068173533e-03
1.377241096931474881e-02
-3.966147786522662699e-03
8.150694096770259918e-06
-2.656577354384734560e-06
1.630138819354052040e-02
-5.313154708769468951e-03
6.972274935729817522e-06
5.724230538512940070e-06
5.790870150191371253e-06
7.803009313528170662e-06
2.602984649597146378e-06
1.006572259232791212e-06
1.560601862705634189e-02
1.158174030038274308e-02
5.205969299194292133e-03
2.013144518465582230e-03
5.667500853911294767e-06
-6.273143137117351558e-07
-2.575104495763624062e-08
1.144846107702588052e-02
1.133500170782258606e-02
-1.254628627423469986e-03
-5.150208991527247546e-05
-1.925496542804492391e-06
1.394454987145963588e-02
-3.850993085608983915e-03
8.281398997507313114e-06
-2.657926865887204267e-06
1.656279799501462688e-02
-5.315853731774407287e-03
6.880435686168529357e-06
8.353330946825926104e-06
6.207061645115501341e-06
-1.193353695665978952e-06
1.241412329023100156e-02
-2.386707391331958222e-03
-2.666241809115297200e-06
1.670666189365185156e-02
-5.332483618230592429e-03
-1.812839166806491639e-06
1.376087137233705619e-02
-3.625678333612983393e-03
5.607039130720006084e-06
-1.576121256021149047e-08
1.121407826144001259e-02
-3.152242512042285368e-05
5.859772782007210733e-06
1.066312483431830874e-06
1.171954556401441985e-02
2.132624966863661681e-03
7.815078881841258600e-06
2.723907973171925132e-06
1.563015776368251869e-02
5.447815946343850455e-03
6.575803069902117845e-06
5.573135174820717286e-06
5.550802676885776486e-06
6.085492315436469917e-06
7.802253904039177287e-06
2.756127340283824895e-06
1.418521278136518579e-06
1.560450780807835607e-02
1.217098463087293823e-02
5.512254680567649397e-03
2.837042556273037305e-03
1.110203154073270158e-07
1.110160535377155248e-02
2.220406308146541017e-04
-1.894265972104436351e-08
1.114627034964143712e-02
-3.788531944208855184e-05
-1.596650641236051025e-06
1.315160613980423387e-02
-3.193301282472102084e-03
8.470151105179367490e-06
-2.680536483405652013e-06
1.694030221035873127e-02
-5.361072966811303471e-03
6.068085355948695431e-06
5.524849331740095394e-06
1.273973474538581738e-07
1.104969866348019109e-02
2.547946949077164666e-04
-9.079353404046812131e-07
1.213617071189738994e-02
-1.815870680809362472e-03
7.131219151874312621e-06
8.168742104390580106e-06
-2.583804991875022451e-06
1.633748420878115837e-02
-5.167609983750045058e-03
-1.862496831142996738e-06
1.426243830374862749e-02
-3.724993662285992768e-03
6.013889643314416032e-06
1.454093443639334343e-06
1.202777928662883064e-02
2.908186887278668177e-03
7.755306141836249619e-06
2.819862958915565519e-06
1.551061228367249870e-02
5.639725917831131356e-03
6.269466441557416703e-06
5.451521935166969543e-06
-1.346271965906066675e-06
1.807542510407171276e-07
1.253893288311483389e-02
1.090304387033393975e-02
-2.692543931812133463e-03
3.615085020814342849e-04
5.896204425746062214e-06
7.789195838351724757e-06
2.925429791539435627e-06
1.421894092966248232e-06
1.557839167670345415e-02
1.179240885149212409e-02
5.850859583078870697e-03
2.843788185932496267e-03
7.960660611824120939e-06
-2.758459164604687534e-06
1.592132122364824445e-02
-5.516918329209374167e-03
5.827318433986168635e-06
-8.980484961900783971e-07
1.165463686797233410e-02
-1.796096992380156847e-03
5.271703632606373426e-06
7.682468818171688441e-08
1.054340726521274703e-02
1.536493763634337779e-04
6.074269813263176623e-06
1.610649807137676975e-06
1.214853962652635150e-02
3.221299614275353624e-03
7.615979490393088024e-06
2.768076091902858351e-06
1.523195898078617827e-02
5.536152183805717088e-03
6.794565530440993547e-06
7.757360296041181487e-06
-2.681736265729423092e-06
1.551472059208235978e-02
-5.363472531458846754e-03
-1.960224453951356879e-06
1.358913106088198604e-02
-3.920448907902713935e-03
6.174172252247275851e-06
-1.573467580885264391e-06
1.234834450449455098e-02
-3.146935161770528407e-03
5.638776275423970198e-06
5.218302619527280497e-06
-9.374979751267759343e-07
3.736775641922752475e-08
1.127755255084793989e-02
1.043660523905455897e-02
-1.874995950253551804e-03
7.473551283845493865e-05
5.745779746442678174e-06
7.460261551740842474e-06
2.852540987567287113e-06
1.281506545330083292e-06
1.492052310348168306e-02
1.149155949288535594e-02
5.705081975134573651e-03
2.563013090660166710e-03
7.528872719032337879e-06
-2.805847967948313873e-06
1.505774543806467566e-02
-5.611695935896627435e-03
6.470604119867980652e-06
-2.036753675755352127e-06
1.294120823973596464e-02
-4.073507351510704741e-03
7.346173151617069198e-06
5.770576453746824177e-06
-1.510881649164368901e-06
1.154115290749364690e-02
-3.021763298328737808e-03
5.118178007969561265e-06
4.149281869583225362e-08
1.023635601593912356e-02
8.298563739166432988e-05
5.692574323758055164e-06
1.381145831829900562e-06
1.138514864751610962e-02
2.762291663659801211e-03
7.261386065139425230e-06
2.866867485729797371e-06
1.452277213027884824e-02
5.733734971459594938e-03
-2.746794626815346603e-06
1.469234630323413768e-02
-5.493589253630692081e-03
7.272337149569427002e-06
-2.891654841832545475e-06
1.454467429913885307e-02
-5.783309683665092786e-03
6.248771922263151750e-06
5.439133475747446999e-06
-1.131164408204407395e-06
1.087826695149489258e-02
-2.262328816408814332e-03
5.017479345843918156e-06
5.578590644422570113e-06
6.999788224010847042e-06
2.845481088515443387e-06
1.434671409352277983e-06
1.399957644802169582e-02
1.115718128884514090e-02
5.690962177030887276e-03
2.869342818704555959e-03
-1.943368979296415149e-08
1.003495869168783555e-02
-3.886737958592818620e-05
-2.114423247318046237e-06
1.249754384452630117e-02
-4.228846494636093016e-03
7.101866927543633920e-06
5.692561181150225565e-06
4.917896910300630600e-06
5.208132805053660008e-06
1.207456405171852631e-06
1.041626561010731804e-02
2.414912810343704860e-03
3.193499665818029432e-08
9.835793820601261214e-03
6.386999331636055560e-05
-1.647693470588506786e-06
1.138512236230045105e-02
-3.295386941177013470e-03
-2.825934325678403318e-06
1.420373385508726799e-02
-5.651868651356807029e-03
6.834977676148366830e-06
2.937751784828425398e-06
1.366995535229673618e-02
5.875503569656850139e-03
6.898442645805660784e-06
5.285266103273707259e-06
-1.296062890316397115e-06
1.057053220654741513e-02
-2.592125780632794328e-03
-2.829572875374200467e-06
1.379688529161132195e-02
-5.659145750748400053e-03
4.831573805637205301e-06
4.972008181843233081e-06
5.564866927401093669e-06
1.132911484263040081e-06
1.868771781746678627e-06
9.944016363686466325e-03
1.112973385480218493e-02
2.265822968526080318e-03
3.737543563493356865e-03
6.753959764023500287e-06
2.944155213982981067e-06
1.350791952804699866e-02
5.888310427965962913e-03
9.939318918417184881e-08
9.663147611274411700e-03
1.987863783683438488e-04
5.935753076183741376e-06
4.748163368372806957e-06
4.568365870550549636e-06
-6.104280514167480631e-07
1.451360572455002228e-07
9.496326736745615282e-03
9.136731741101099258e-03
-1.220856102833496257e-03
2.902721144910004494e-04
4.966536025624738821e-06
1.350956871968315148e-06
9.933072051249479742e-03
2.701913743936630412e-03
6.545255780403145263e-06
3.023296887505720343e-06
1.309051156080628942e-02
6.046593775011440720e-03
-2.019186128770703156e-06
1.187150615236748190e-02
-4.038372257541405878e-03
6.820760734931783736e-06
-2.895536800001276623e-06
1.364152146986356666e-02
-5.791073600002553598e-03
5.671607457870692578e-06
6.546148790161559731e-06
4.940626451059287324e-06
4.386564613938602209e-06
5.176532115198955375e-06
1.126855322187485520e-07
1.804011922775734005e-06
8.773129227877204256e-03
1.035306423039790945e-02
2.253710644374970940e-04
3.608023845551467518e-03
6.332344072855062096e-06
3.011869263551529737e-06
1.266468814571012139e-02
6.023738527103059820e-03
-1.884471483210071919e-06
-2.929657387448606212e-06
-1.152334724111867145e-06
9.881252902118574377e-03
-2.304669448223734245e-03
1.309229758032311695e-02
1.134321491574138627e-02
-5.859314774897212384e-03
-3.768942966420143949e-03
5.124741170600406055e-06
4.636906890748469470e-06
-1.208609962563408930e-06
-1.664310503598907116e-06
9.273813781496938885e-03
1.024948234120081139e-02
-2.417219925126817565e-03
-3.328621007197814750e-03
6.271670954503942156e-06
-2.862493486580777879e-06
1.254334190900788411e-02
-5.724986973161556164e-03
4.731260654126615033e-06
1.391035701713448562e-06
9.462521308253231747e-03
2.782071403426897033e-03
5.157543766541688483e-06
2.016483738527019422e-06
1.031508753308337835e-02
4.032967477054038782e-03
6.160741084052595349e-06
3.094462025745942924e-06
1.232148216810518941e-02
6.188924051491885570e-03
4.270217887656082481e-06
4.853091120050336695e-08
8.540435775312164163e-03
9.706182240100678970e-05
4.228662521231030514e-06
4.955157950930598403e-06
-1.020989931058618545e-06
-1.760247455390483230e-06
8.457325042462059822e-03
9.910315901861196236e-03
-2.041979862117237164e-03
-3.520494910780966585e-03
5.944194225505910226e-06
-2.969748830760067245e-06
1.188838845101182137e-02
-5.939497661520135724e-03
4.238323659907092767e-06
7.395382989520425700e-07
8.476647319814185899e-03
1.479076597904084925e-03
5.053378574481723909e-06
2.215291684742335970e-06
1.010675714896344841e-02
4.430583369484672115e-03
5.916947616263496685e-06
3.185328989797163712e-06
1.183389523252699298e-02
6.370657979594327586e-03
5.515164409197148725e-06
-2.995039983746885279e-06
1.103032881839429748e-02
-5.990079967493770578e-03
4.149034061303275273e-06
-1.377934288761237663e-06
8.298068122606552105e-03
-2.755868577522475448e-03
4.007791151599688914e-06
-4.545077894894529442e-08
8.015582303199377326e-03
-9.090155789789041774e-05
4.233591080425541141e-06
1.234622718823294465e-06
8.467182160851082634e-03
2.469245437646588794e-03
4.837866445101015479e-06
2.338035427335380762e-06
9.675732890202029535e-03
4.676070854670761300e-03
5.678733617014772063e-06
3.223279148078815014e-06
1.135746723402954357e-02
6.446558296157629472e-03
5.146732082325367707e-06
3.734391297683249244e-06
-1.332970455990361153e-06
7.468782595366498488e-03
-2.665940911980722600e-03
3.806505490269883446e-06
1.145307514061284275e-07
7.613010980539765618e-03
2.290615028122567774e-04
3.982233918949190384e-06
1.354939403550427460e-06
7.964467837898380267e-03
2.709878807100854665e-03
4.563030927348594965e-06
2.373176914181560984e-06
9.126061854697191042e-03
4.746353828363121183e-03
5.474111041421212072e-06
3.355276935311794268e-06
1.094822208284242440e-02
6.710553870623587290e-03
-3.105003459369062709e-06
1.029346416465073445e-02
-6.210006918738124326e-03
3.943824811793849173e-06
3.162491641664493391e-06
-1.249082335028945880e-06
-2.023606914789243571e-06
6.324983283328986308e-03
7.887649623587698888e-03
-2.498164670057891751e-03
-4.047213829578486660e-03
4.842319753932790980e-06
-3.265820992802190655e-06
9.684639507865581282e-03
-6.531641985604380585e-03
3.520481796891439536e-06
3.326453346551938315e-06
7.435407244269886523e-07
-7.723810642475042250e-09
6.652906693103878208e-03
7.040963593782879545e-03
1.487081448853977113e-03
-1.544762128495002690e-05
4.126249940884630074e-06
4.949210160267545087e-06
3.438589404030883765e-06
9.898420320535087844e-03
6.877178808061768824e-03
2.252160561568038706e-06
8.252499881769259985e-03
4.504321123136077222e-03
4.346688318619719381e-06
-3.391603016571059228e-06
8.693376637239439222e-03
-6.783206033142120082e-03
2.670462186131730075e-06
-1.513870333656389633e-06
5.340924372263460007e-03
-3.027740667312778938e-03
2.922178000386805195e-06
4.133494578689068794e-08
5.844356000773610546e-03
8.266989157378133290e-05
3.236142235290480870e-06
2.907084786223491925e-06
1.580649372653359824e-06
1.840691783203046248e-06
6.472284470580960507e-03
5.814169572446984020e-03
3.161298745306720306e-03
3.681383566406092045e-03
4.158904011440327056e-06
3.693877383321001475e-06
8.317808022880651686e-03
7.387754766642002334e-03
3.699646317603033565e-06
-3.637129654264470871e-06
7.399292635206066587e-03
-7.274259308528941911e-03
2.574040585303359335e-06
-2.555503034807809949e-06
5.148081170606718521e-03
-5.111006069615620095e-03
1.916336344015112225e-06
2.027703260153828011e-06
-1.290162017505990078e-06
1.062279044786050208e-07
3.832672688030224883e-03
4.055406520307656450e-03
-2.580324035011980020e-03
2.124558089572100412e-04
2.542389645165588615e-06
2.894398246804936436e-07
5.084779290331176843e-03
5.788796493609873160e-04
2.085023986623464873e-06
1.288949588536109545e-06
4.170047973246928871e-03
2.577899177072219116e-03
2.779387987063019422e-06
3.430132107088559932e-06
3.790167532706425165e-06
6.860264214177120082e-03
7.580335065412850161e-03
2.557023525665468403e-06
5.558775974126038688e-03
5.114047051330936934e-03
2.907285277201598873e-06
1.406296429291708250e-06
-2.028160961828854842e-06
2.812592858583416646e-03
-4.056321923657709230e-03
-3.781071271742564741e-06
5.814570554403197637e-03
-7.562142543485128425e-03
1.348438378486504347e-06
1.573554131044704290e-06
1.973883206601400725e-06
3.147108262089409227e-03
3.947766413202801958e-03
2.617496824327434826e-06
3.908143794920171012e-06
5.234993648654869686e-03
7.816287589840341388e-03
-1.991007064275650127e-09
2.696876756973008542e-03
-3.982014128551247936e-06
2.154691918671823337e-06
-3.916867636318612768e-06
4.309383837343646641e-03
-7.833735272637224953e-03
1.024278996788100757e-06
2.560660927211857693e-07
4.525980835390185719e-07
3.156804192796139566e-07
-5.802559054441255438e-08
8.498383677419797363e-07
9.051961670780372081e-04
6.313608385592277793e-04
-1.160511810888251324e-04
1.699676735483959117e-03
1.222371646026256534e-06
2.374819649715490137e-06
2.444743292052512906e-03
4.749639299430980822e-03
1.445534231717954387e-06
3.295936139813942740e-06
2.891068463435908249e-03
6.591872279627884572e-03
-9.801598611261199588e-07
5.121321854423715233e-04
-1.960319722252240084e-03
-2.468999805234576908e-06
2.048557993576201677e-03
-4.937999610469153734e-03
1.243047783751443805e-06
-8.172150671190833900e-08
0.000000000000000000e+00
0.000000000000000000e+00
-1.256403391073332797e-06
7.566644433849969192e-21
-1.634430134238167324e-04
4.612521476969806582e-21
-2.512806782146665818e-03
-3.281339070597330481e-06
2.486095567502887797e-03
-6.562678141194659871e-03
-7.833332254281076167e-08
-5.491066778449375609e-08
-1.566666450856215242e-04
-1.098213355689874510e-04
0.000000000000000000e+00
-3.765012786348715825e-08
0.000000000000000000e+00
1.199136754965880994e-06
2.305453289464127724e-21
-7.530025572697426515e-05
-3.818366294721396149e-20
2.398273509931762425e-03
0.000000000000000000e+00
0.000000000000000000e+00
4.586394794555773952e-20
3.451830459446347338e-20
0.000000000000000000e+00
0.000000000000000000e+00
0.000000000000000000e+00
1.750616258429463421e-20
9.557062908969325480e-20
0.000000000000000000e+00
1.654453025143006531e-20
-2.436924861934274108e-19
0.000000000000000000e+00
0.000000000000000000e+00
-3.536432771335706471e-20
-2.081550820256826475e-19
