-2.866968964267205147e+63
-2.869347293465992975e+63
-2.867967867131737410e+63
-2.865768190063984132e+63
-2.864564203086280439e+63
-2.870478482876723915e+63
-2.871738272411331702e+63
-2.870248428097777640e+63
-2.867419622972310987e+63
-2.865525503657237571e+63
-2.863696389336383897e+63
-2.862182443382333905e+63
-2.872956435714472718e+63
-2.873388853308056349e+63
-2.870741917006461872e+63
-2.868153178119565841e+63
-2.865303275269179376e+63
-2.863258329397919569e+63
-2.860899433351040991e+63
-2.859812838669096826e+63
-2.874106277362321854e+63
-2.875413869863370635e+63
-2.875731547292372756e+63
-2.875429053637072952e+63
-2.873034601331009046e+63
-2.871179037206369971e+63
-2.868983100689839895e+63
-2.867105908116289437e+63
-2.865353419268035820e+63
-2.863325765389356071e+63
-2.861393851817016751e+63
-2.860192005400792717e+63
-2.858718165304250675e+63
-2.858611750046841670e+63
-2.857413203776864864e+63
-2.875320696777093963e+63
-2.876495560558051645e+63
-2.877760319110021445e+63
-2.877710248469389061e+63
-2.878854279053558698e+63
-2.877611111633609580e+63
-2.877936077923945454e+63
-2.875593106624549933e+63
-2.873559756498163053e+63
-2.870799366515375738e+63
-2.867779849102657694e+63
-2.865667259965556439e+63
-2.862913618167718126e+63
-2.860106643577567653e+63
-2.858657786230892059e+63
-2.857207838730409061e+63
-2.856484208858224303e+63
-2.855057000045761634e+63
-2.880041115460925904e+63
-2.879952196983396972e+63
-2.881370154236036575e+63
-2.879758434198545400e+63
-2.878045216931854945e+63
-2.874946201877273879e+63
-2.871839972871962026e+63
-2.868703900796361122e+63
-2.865660619078727188e+63
-2.863686332252110769e+63
-2.861209001611247695e+63
-2.858312836625238893e+63
-2.857743488380516089e+63
-2.855535950074041974e+63
-2.854948130201833729e+63
-2.853552508986046924e+63
-2.852708980091278222e+63
-2.880046342245554271e+63
-2.881222094962007071e+63
-2.872959776407980138e+63
-2.882397383885876655e+63
-2.882396436681049681e+63
-2.883556706620103251e+63
-2.882498670311295436e+63
-2.884062876790577645e+63
-2.882561421813893519e+63
-2.880742607944800128e+63
-2.880100761156329336e+63
-2.877008881875874462e+63
-2.874468482556662989e+63
-2.871961895166989708e+63
-2.869175209542430761e+63
-2.866793291665327332e+63
-2.863883861830653910e+63
-2.863014254996588101e+63
-2.860899350214039916e+63
-2.859258891018789292e+63
-2.856325399497019403e+63
-2.855893730566497790e+63
-2.853665807062048297e+63
-2.852560565661639501e+63
-2.853729400446485741e+63
-2.852978627643674687e+63
-2.851433785057577705e+63
-2.851471320921543393e+63
-2.850335962863193363e+63
-2.884803450812358148e+63
-2.884810924224788501e+63
-2.886577482364661664e+63
-2.885012843315754177e+63
-2.883426124999903761e+63
-2.882632224917526735e+63
-2.880247545260194194e+63
-2.877487312021010199e+63
-2.875250333242348902e+63
-2.873286759129818787e+63
-2.871388203553780028e+63
-2.868945451652656351e+63
-2.866415034015917495e+63
-2.863892950021367537e+63
-2.860636793727786014e+63
-2.858397023101647493e+63
-2.855617007342380074e+63
-2.853509061966952771e+63
-2.853801847037320491e+63
-2.851789123245012713e+63
-2.851336057359301430e+63
-2.849753793407790876e+63
-2.851477934936176470e+63
-2.849747001166769090e+63
-2.849332716579071724e+63
-2.848011754859584001e+63
-2.884765197104572665e+63
-2.885900297676067352e+63
-2.887344516877688112e+63
-2.887159149685406028e+63
-2.888207319504978684e+63
-2.887114987927542190e+63
-2.889640321171231364e+63
-2.888576064640753466e+63
-2.886996213469501265e+63
-2.886740521155957998e+63
-2.886169597939682387e+63
-2.885381000685699199e+63
-2.883217471150735935e+63
-2.880504348433150086e+63
-2.877500001057964592e+63
-2.874605985226355883e+63
-2.872394713384961823e+63
-2.870152895019874275e+63
-2.868151815472405239e+63
-2.864694561754108469e+63
-2.861515538326967347e+63
-2.858829747590887806e+63
-2.855876053658747053e+63
-2.857481775174690656e+63
-2.866422927091278979e+63
-2.853335726100102317e+63
-2.850954832482937678e+63
-2.851893456410231818e+63
-2.849579314136306215e+63
-2.849297771231340012e+63
-2.847992255520649004e+63
-2.847019592904591879e+63
-2.848758753180219455e+63
-2.847288877909275938e+63
-2.846841041474940619e+63
-2.845684507926945840e+63
-2.889581495640290429e+63
-2.889557913449765727e+63
-2.889384230554994712e+63
-2.890522578831873301e+63
-2.891791420768957632e+63
-2.890550218478318869e+63
-2.889069856805700636e+63
-2.889678942086311792e+63
-2.888639350299978591e+63
-2.886222524293201199e+63
-2.884846366775008934e+63
-2.882803442063731455e+63
-2.880553077171151264e+63
-2.878284439116250728e+63
-2.876734268898630236e+63
-2.876136179444816072e+63
-2.874032919760488761e+63
-2.871201211881045185e+63
-2.868274863479120999e+63
-2.866234933927348488e+63
-2.864115871663675224e+63
-2.861819225768423745e+63
-2.859141891962143192e+63
-2.856573221370321061e+63
-2.853513237591355747e+63
-2.851357676485500670e+63
-2.849304957435578405e+63
-2.847666155958904067e+63
-2.846606933107496553e+63
-2.846652295376528713e+63
-2.845690441728408647e+63
-2.844132488606319711e+63
-2.844680123563390435e+63
-2.846479110326988898e+63
-2.891738963044768533e+63
-2.845503855785358980e+63
-2.844502987132290703e+63
-2.843367150016228619e+63
-2.891699158588987190e+63
-2.891672140696123213e+63
-2.892803504768727327e+63
-2.893868182485075503e+63
-2.893161259190503332e+63
-2.891890408027497094e+63
-2.892757266638876637e+63
-2.892242313743311252e+63
-2.891520465140636004e+63
-2.888860304872686350e+63
-2.888244129538945086e+63
-2.887237922537633492e+63
-2.885254840243057135e+63
-2.884219796386581306e+63
-2.881509666919535947e+63
-2.879238800478502172e+63
-2.876803000112713081e+63
-2.873106532951302742e+63
-2.869273477828301544e+63
-2.865618399882237234e+63
-2.862053960308322987e+63
-2.859633092941472924e+63
-2.856665503085329275e+63
-2.854766225714410292e+63
-2.851793589363954116e+63
-2.849408358896814378e+63
-2.847164974739373282e+63
-2.845031281964923704e+63
-2.845236974805745603e+63
-2.843545393528511518e+63
-2.843929358227761371e+63
-2.841900948359435897e+63
-2.841527371935758447e+63
-2.842125020037370754e+63
-2.843562505994172117e+63
-2.841993183261572943e+63
-2.841088640736123908e+63
-2.893833596364788279e+63
-2.893796803421244956e+63
-2.893935594026448610e+63
-2.895081242135456607e+63
-2.896287627883165812e+63
-2.896927515163151203e+63
-2.895029844500892662e+63
-2.894664191554667258e+63
-2.895271550010398475e+63
-2.894294928979432321e+63
-2.893235593023884825e+63
-2.890825138014483588e+63
-2.890920696887697934e+63
-2.889202395422234112e+63
-2.887381719866884038e+63
-2.885344391775423813e+63
-2.882785308476377264e+63
-2.879530264633519848e+63
-2.876814684985180357e+63
-2.874306281342146140e+63
-2.872171743423224695e+63
-2.869907191237582985e+63
-2.866671134722147340e+63
-2.863229509882596821e+63
-2.860550576095193759e+63
-2.858426881383479425e+63
-2.854635846305773119e+63
-2.853563475095928342e+63
-2.850421331238867003e+63
-2.849080677881939926e+63
-2.846951513914347815e+63
-2.844836640010238515e+63
-2.841999134378287837e+63
-2.841341375333484126e+63
-2.840947494932155915e+63
-2.839681518896190057e+63
-2.839494655250813765e+63
-2.839721566752321149e+63
-2.839802493757575146e+63
-2.839943716132306370e+63
-2.838810423014812885e+63
-2.843422136305827906e+63
-2.841431697442282902e+63
-2.895990177241888975e+63
-2.896116533229722920e+63
-2.898409835194049760e+63
-2.898483302681393950e+63
-2.899157360404157958e+63
-2.898783747304126149e+63
-2.897215117178419298e+63
-2.898148345880254746e+63
-2.896555306205399998e+63
-2.895717013738487153e+63
-2.893210796131264838e+63
-2.891724012855755763e+63
-2.890214011394524853e+63
-2.888041466497027396e+63
-2.886869432987984771e+63
-2.884980146743784273e+63
-2.883076493330393787e+63
-2.880798357391550604e+63
-2.878772971061044631e+63
-2.876363103414282485e+63
-2.873940877843572578e+63
-2.871163872975716283e+63
-2.867483469669451331e+63
-2.863832156004395554e+63
-2.861374895289000973e+63
-2.858818989566628414e+63
-2.856668906058247341e+63
-2.854950383596451140e+63
-2.853043022819080628e+63
-2.852088487380424066e+63
-2.849852356138022988e+63
-2.847564131017434390e+63
-2.844702232702979611e+63
-2.842745755511921528e+63
-2.840261067413421545e+63
-2.839172029873655999e+63
-2.839135983682812290e+63
-2.839161547488910861e+63
-2.838110579052643576e+63
-2.837873861838158707e+63
-2.838057248106041008e+63
-2.837657189074947374e+63
-2.837592824675746087e+63
-2.838025047491561387e+63
-2.836581351089175602e+63
-2.897312303795107301e+63
-2.896522560070352643e+63
-2.898418272516195170e+63
-2.899541925148995380e+63
-2.900601968608206799e+63
-2.900726060646440239e+63
-2.900746922683679991e+63
-2.900880030539239530e+63
-2.901169664899944393e+63
-2.899861615882065807e+63
-2.900772209826322741e+63
-2.898522723159628796e+63
-2.897849207598461848e+63
-2.896301309237904872e+63
-2.893975995697807768e+63
-2.892628669393715180e+63
-2.892187706043482001e+63
-2.890111322808745550e+63
-2.889148316822784302e+63
-2.887448535036524799e+63
-2.885852960170796492e+63
-2.883845279100916162e+63
-2.881406774427556506e+63
-2.878500242017216237e+63
-2.876086354460231141e+63
-2.872261667163817910e+63
-2.868306106123888956e+63
-2.865053300565746932e+63
-2.861921084654097484e+63
-2.859563033542943034e+63
-2.856808767758557988e+63
-2.854199041251081691e+63
-2.852074256901401340e+63
-2.849823789169288001e+63
-2.851226469087369602e+63
-2.848408399841451169e+63
-2.846472671215494052e+63
-2.843806446052853231e+63
-2.841541652936858365e+63
-2.838932855744407411e+63
-2.837190511466269347e+63
-2.836879649838769610e+63
-2.836629020429361097e+63
-2.835516901831341633e+63
-2.835503822978035013e+63
-2.835987836682733149e+63
-2.835108647423071105e+63
-2.835431197833916021e+63
-2.834411481131697429e+63
-2.845715935599849647e+63
-2.901714848944835559e+63
-2.903022131047420743e+63
-2.902422455301085613e+63
-2.903228811637745143e+63
-2.902363579851268307e+63
-2.903170433020553608e+63
-2.902669250462527375e+63
-2.903819181272206169e+63
-2.902002575973986863e+63
-2.900100545454848890e+63
-2.899352268469530414e+63
-2.897088108499704724e+63
-2.894603717531478704e+63
-2.894135060493713641e+63
-2.891544816642449027e+63
-2.890756196903391030e+63
-2.888553205459486410e+63
-2.886971915306401351e+63
-2.884401013306872092e+63
-2.882740512904773782e+63
-2.879624029658994991e+63
-2.864418214693198563e+63
-2.860790038456118424e+63
-2.858350742041722244e+63
-2.855411231839706628e+63
-2.852827771124276080e+63
-2.851280314384377985e+63
-2.849744845679805534e+63
-2.848491867145205782e+63
-2.847699358933985372e+63
-2.845342178914960700e+63
-2.842656582591674168e+63
-2.840202621442155381e+63
-2.838869320795201624e+63
-2.836086242506953304e+63
-2.834318826026114429e+63
-2.834823812329844798e+63
-2.834381631051629998e+63
-2.833433767435371672e+63
-2.832416183453989216e+63
-2.832712440223570326e+63
-2.834186332259620712e+63
-2.833002429946301781e+63
-2.833131093249833361e+63
-2.833225257942000175e+63
-2.833298442321155927e+63
-2.832251464088157613e+63
-2.903857156059449702e+63
-2.904946822290459248e+63
-2.905001972799019850e+63
-2.905199453453949139e+63
-2.904350443314996412e+63
-2.905808014559711385e+63
-2.905569928554388384e+63
-2.906738162600658882e+63
-2.905798374695671453e+63
-2.904577166840080693e+63
-2.902137685287643739e+63
-2.901953400782612955e+63
-2.899729338927764489e+63
-2.898929300794264691e+63
-2.896528898826924854e+63
-2.896248502486790541e+63
-2.893974518950358996e+63
-2.892461578663129923e+63
-2.892234333653468658e+63
-2.891112460415107529e+63
-2.890004189821767449e+63
-2.888969100649487730e+63
-2.887396362223393097e+63
-2.885353192019250668e+63
-2.904877264892493974e+63
-2.857540155836159798e+63
-2.854788195166362866e+63
-2.853428902473776640e+63
-2.851596771497993176e+63
-2.850213749474696576e+63
-2.848583068135740395e+63
-2.846841948751315598e+63
-2.845064170539389077e+63
-2.842645231045078270e+63
-2.840071592270562095e+63
-2.837055305399056404e+63
-2.836942085676755993e+63
-2.834168100516513994e+63
-2.832685797733242382e+63
-2.831818707857387160e+63
-2.831806243386308611e+63
-2.830643636895503638e+63
-2.828786373624768206e+63
-2.829913520412553141e+63
-2.830098527448281263e+63
-2.831193632190872897e+63
-2.831194569677162298e+63
-2.830193408696227846e+63
-2.831553539558779439e+63
-2.905962654315267525e+63
-2.906793239061620813e+63
-2.907796864073154885e+63
-2.907057455054617253e+63
-2.907990691919489966e+63
-2.908017388878011271e+63
-2.907938813043058961e+63
-2.908281280919306122e+63
-2.908634510052396342e+63
-2.908586992519799189e+63
-2.907815121414177057e+63
-2.904632040551382442e+63
-2.903903144173712302e+63
-2.901316415377677500e+63
-2.902319820081573840e+63
-2.898948733625967337e+63
-2.896006025195829914e+63
-2.893845254262968376e+63
-2.892930351065475243e+63
-2.891325175860670186e+63
-2.890382505984561648e+63
-2.890008202287207018e+63
-2.888885094316756301e+63
-2.906274100016524913e+63
-2.906717057132397941e+63
-2.852617572798724298e+63
-2.851047355660673309e+63
-2.850438622473960628e+63
-2.849655794650210923e+63
-2.849092861974149269e+63
-2.848431926135170140e+63
-2.847096058864379160e+63
-2.846718855129675158e+63
-2.844265908099103597e+63
-2.841091419713037133e+63
-2.837221211101107600e+63
-2.833775623172778603e+63
-2.830935704657650261e+63
-2.829634296073597532e+63
-2.828638991560778869e+63
-2.829013966494604331e+63
-2.829208599812225891e+63
-2.827859639375258382e+63
-2.826309968871520238e+63
-2.826392958547812414e+63
-2.827663574824173024e+63
-2.828296834721808537e+63
-2.828730994870875334e+63
-2.829004992655955416e+63
-2.828813243351414267e+63
-2.828174004321063253e+63
-2.907998967001560796e+63
-2.909196676305748010e+63
-2.909683056559489791e+63
-2.909279755314083998e+63
-2.909965302469506072e+63
-2.910092066119207086e+63
-2.909831710932150719e+63
-2.910252597920332121e+63
-2.910554375002074816e+63
-2.910830240735452840e+63
-2.911445417246276245e+63
-2.910350189117697559e+63
-2.907075931998907538e+63
-2.906156490611212574e+63
-2.904764116035932174e+63
-2.901693786929223337e+63
-2.898139705688482523e+63
-2.895196072053291085e+63
-2.890064654133367871e+63
-2.889770515471081910e+63
-2.850097222750798300e+63
-2.849778879022797076e+63
-2.849482106721906234e+63
-2.832793143963212505e+63
-2.830506754137882003e+63
-2.827190193781476214e+63
-2.827936874891590401e+63
-2.826069719815587831e+63
-2.826184645010876339e+63
-2.826749086197197831e+63
-2.824918813831077472e+63
-2.823764277597751274e+63
-2.824643016647905382e+63
-2.826307404348511601e+63
-2.826997853632621276e+63
-2.826763325315645242e+63
-2.827148139797772342e+63
-2.827148897801251134e+63
-2.826223857979179040e+63
-2.909977711801703774e+63
-2.911005308043147255e+63
-2.911067224103752063e+63
-2.911334984748188835e+63
-2.911490786117506498e+63
-2.911482902027108877e+63
-2.912477710531446195e+63
-2.912375619529444469e+63
-2.912183951506749485e+63
-2.913200078374685063e+63
-2.913140633041256993e+63
-2.915364323178655921e+63
-2.913992968466704626e+63
-2.912511653092890486e+63
-2.909088150411469284e+63
-2.908021647193471348e+63
-2.905709417934283243e+63
-2.849798532953192387e+63
-2.827885126418094591e+63
-2.822646945806389071e+63
-2.822167755623559739e+63
-2.824799720830576494e+63
-2.821624267423330650e+63
-2.822821703569350955e+63
-2.823585889480642033e+63
-2.821716501726568075e+63
-2.821108945427383595e+63
-2.821672093842963407e+63
-2.822306135308372098e+63
-2.824474617451883584e+63
-2.825248636096865387e+63
-2.824759261880701380e+63
-2.825578572091391583e+63
-2.825413078304856088e+63
-2.824388054852550276e+63
-2.911891619364787330e+63
-2.912844763598304534e+63
-2.913209009852133222e+63
-2.913059116772070118e+63
-2.913376074423021525e+63
-2.915277158136832169e+63
-2.914429924090600713e+63
-2.914551367702123240e+63
-2.915769678725028133e+63
-2.915575429466693760e+63
-2.917642785807881574e+63
-2.918810840957569134e+63
-2.917883086808397754e+63
-2.916582219393012122e+63
-2.913669236572723646e+63
-2.910167330786480962e+63
-2.910784955385833164e+63
-2.818021838264561963e+63
-2.817235553374700594e+63
-2.819003998561584735e+63
-2.816867934596844973e+63
-2.819112648959450585e+63
-2.821240919747988788e+63
-2.820490407816884389e+63
-2.818624684120744968e+63
-2.819278122406010569e+63
-2.818623014491019855e+63
-2.819630650488972107e+63
-2.819926594661191350e+63
-2.821807349733599492e+63
-2.822770540277260041e+63
-2.823635607419488450e+63
-2.823962210645304378e+63
-2.823419214614931719e+63
-2.822643166168964846e+63
-2.913704871952947987e+63
-2.914606575934021705e+63
-2.914473727073240458e+63
-2.915083239240098207e+63
-2.914761482633112416e+63
-2.915309845918438249e+63
-2.916869897263081199e+63
-2.917985060616505121e+63
-2.916454416407255101e+63
-2.916958302926240710e+63
-2.918327794112193773e+63
-2.920357464668584883e+63
-2.921935044989232285e+63
-2.921365591523301572e+63
-2.919740563745862762e+63
-2.920118520100293340e+63
-2.917132997564811989e+63
-2.914879458823007756e+63
-2.814089402734621454e+63
-2.811728981331210751e+63
-2.815499120083149531e+63
-2.813461712594129799e+63
-2.813134039693020277e+63
-2.815699948013137700e+63
-2.816303892352232150e+63
-2.816109823302820399e+63
-2.816661793284900818e+63
-2.817835668453688581e+63
-2.818315402633207486e+63
-2.819826512364173156e+63
-2.821119688109704199e+63
-2.821023274795854388e+63
-2.821865214560667212e+63
-2.821814670400880165e+63
-2.821018461801077745e+63
-2.818260201210776179e+63
-2.915433035530768900e+63
-2.916251699799579657e+63
-2.916308797459206577e+63
-2.916661898850313249e+63
-2.916275319970372845e+63
-2.917850334027154165e+63
-2.918987005239737232e+63
-2.920122413848419666e+63
-2.919747193478195467e+63
-2.918856968963757035e+63
-2.919230399736194893e+63
-2.921669270321095662e+63
-2.923252210170391831e+63
-2.924582753847486159e+63
-2.923696532707978899e+63
-2.925216941733703110e+63
-2.922748525707914177e+63
-2.923607335733347791e+63
-2.919694297481850155e+63
-2.809821970801329429e+63
-2.806175797044923401e+63
-2.811541017765212064e+63
-2.809559321634462183e+63
-2.809427191181649862e+63
-2.811862979104385008e+63
-2.813796967007706241e+63
-2.813448336633913148e+63
-2.812988687755946951e+63
-2.814122458769793232e+63
-2.814736750235253407e+63
-2.815622890277077957e+63
-2.816804224859268661e+63
-2.816695978315333210e+63
-2.817805747620258497e+63
-2.819387266176695210e+63
-2.820055908246870557e+63
-2.820222418218840596e+63
-2.819541578028160096e+63
-2.917046690767623088e+63
-2.917791009008303150e+63
-2.918209475358248535e+63
-2.919295677949580603e+63
-2.918006537474142462e+63
-2.919975146417282023e+63
-2.921320511957210849e+63
-2.922501309033946656e+63
-2.921668602713164000e+63
-2.920929828274470922e+63
-2.922797328387505465e+63
-2.924072041419525047e+63
-2.924406057319169977e+63
-2.926523605578566371e+63
-2.927629244591787164e+63
-2.929934642926886859e+63
-2.926624036007936337e+63
-2.927945383089107239e+63
-2.924484737875763359e+63
-2.807791878387596824e+63
-2.804589210346423235e+63
-2.800578464114077386e+63
-2.805430143817962925e+63
-2.808282542471023071e+63
-2.810968515660254899e+63
-2.810340991450240898e+63
-2.811243839121322364e+63
-2.813075901978864241e+63
-2.813491635742477268e+63
-2.813775951645333402e+63
-2.815318922169719277e+63
-2.815420844367599370e+63
-2.816542409787545298e+63
-2.817172101751792864e+63
-2.818628108139768176e+63
-2.818639183745110749e+63
-2.818188236901585791e+63
-2.806389377926653460e+63
-2.918526737585174744e+63
-2.919026087504669692e+63
-2.919326271574802428e+63
-2.919958276671770774e+63
-2.920788286015666082e+63
-2.921536882580187470e+63
-2.922876379576608856e+63
-2.923219375952328829e+63
-2.924588995388921355e+63
-2.924805903969971160e+63
-2.923904352330545885e+63
-2.925199601293974079e+63
-2.926143771238374313e+63
-2.926456405336246342e+63
-2.929208739009534235e+63
-2.930113783798723410e+63
-2.932054968784168839e+63
-2.933768256795189868e+63
-2.933234205896401411e+63
-2.930512641132829041e+63
-2.932319881508475143e+63
-2.929125178376794095e+63
-2.803030025536982669e+63
-2.799618143422462744e+63
-2.795631687893236734e+63
-2.794912582780180546e+63
-2.801858151156538291e+63
-2.801502441434486139e+63
-2.804787992631328736e+63
-2.805745967378113644e+63
-2.808487383617090837e+63
-2.807110925594059348e+63
-2.808700413272947567e+63
-2.808837267554707838e+63
-2.809729924406720797e+63
-2.811562060126943776e+63
-2.812063962625603281e+63
-2.812457510146317550e+63
-2.813209031606882448e+63
-2.814284220457219777e+63
-2.814770149958312844e+63
-2.815786029553800620e+63
-2.816730228690140291e+63
-2.817459851994595081e+63
-2.816990124072957876e+63
-2.814408893057238144e+63
-2.817705895788865034e+63
-2.919885581609098498e+63
-2.920019887696435523e+63
-2.920705611298120871e+63
-2.921393457021187228e+63
-2.922494348168788260e+63
-2.923975153652588509e+63
-2.924477044889202485e+63
-2.925923824262845048e+63
-2.926480303316884446e+63
-2.926458709645889410e+63
-2.927453822150366962e+63
-2.928351583812264754e+63
-2.930993107355215904e+63
-2.932240144428915433e+63
-2.934456427599028846e+63
-2.936233792152841937e+63
-2.936978825282695548e+63
-2.935173591492503746e+63
-2.933480180657097513e+63
-2.798222616366505417e+63
-2.796025293160385708e+63
-2.792424695870296107e+63
-2.790630237337457106e+63
-2.789124564355036696e+63
-2.799002184523584484e+63
-2.802643747301868867e+63
-2.804684501998241222e+63
-2.806417275840421092e+63
-2.807946617163110043e+63
-2.808758067216702425e+63
-2.810520789679622323e+63
-2.811205546128126606e+63
-2.811826199046507016e+63
-2.812268517722268293e+63
-2.813493482810088669e+63
-2.814444592548955680e+63
-2.815074534727789034e+63
-2.815910948499939283e+63
-2.816417576888313007e+63
-2.815968736641597006e+63
-2.798749135193805079e+63
-2.920817505539759208e+63
-2.921098576050481252e+63
-2.921208391430929455e+63
-2.922073583370278823e+63
-2.922973222292686540e+63
-2.923713031699120499e+63
-2.924926923348807561e+63
-2.925688499885189386e+63
-2.926817934362094489e+63
-2.927642388730066104e+63
-2.928070681516749335e+63
-2.928085092605071230e+63
-2.928761695218937042e+63
-2.929761371241553066e+63
-2.932001188372412079e+63
-2.933359477931802279e+63
-2.935187409580244124e+63
-2.937322520428502996e+63
-2.937943604858076776e+63
-2.939497452692358101e+63
-2.940448948405046925e+63
-2.939964522177097592e+63
-2.937620596702928847e+63
-2.937396763262135775e+63
-2.795352949520982022e+63
-2.796536284958562132e+63
-2.795374470369212488e+63
-2.797472326963136830e+63
-2.800215318783566809e+63
-2.802188873277368327e+63
-2.803992842751178565e+63
-2.804703822379740737e+63
-2.806134687612283984e+63
-2.806749752024905831e+63
-2.807520751310544427e+63
-2.808563876617854713e+63
-2.809742858813516412e+63
-2.810502090234343166e+63
-2.811404454801758675e+63
-2.811416660036981315e+63
-2.812357431184632798e+63
-2.813511979324619552e+63
-2.814156303583159187e+63
-2.814578209032387988e+63
-2.815401374334522017e+63
-2.815126873356493304e+63
-2.793671891058883923e+63
-2.788412436821628321e+63
-2.787014188776195189e+63
-2.783141809235510231e+63
-2.921803872838721901e+63
-2.922133859372223537e+63
-2.922095200112345057e+63
-2.922768169131666292e+63
-2.923498654203059281e+63
-2.924764033202737767e+63
-2.925890813191139806e+63
-2.926432562544846950e+63
-2.926978247084597980e+63
-2.928176967435353448e+63
-2.929250475283608915e+63
-2.928928734072942927e+63
-2.929565809757217134e+63
-2.929977668531155906e+63
-2.930902703069047161e+63
-2.932855231272806906e+63
-2.934134779765089433e+63
-2.935390223274196348e+63
-2.937562289093736666e+63
-2.939495738963265410e+63
-2.939752215777009258e+63
-2.940229295522046949e+63
-2.942980632528960205e+63
-2.943162255092903412e+63
-2.942387110505491653e+63
-2.941847496031336754e+63
-2.940563334880967142e+63
-2.939455689215780570e+63
-2.924026008433578214e+63
-2.941516046161191138e+63
-2.791309751978247853e+63
-2.793254680943195950e+63
-2.792009761243359262e+63
-2.794424175785879412e+63
-2.795913888022705490e+63
-2.797811948279593671e+63
-2.799787278203905318e+63
-2.801703955158137566e+63
-2.803056044840121239e+63
-2.804627063559156554e+63
-2.805287972584980156e+63
-2.806512050775856859e+63
-2.807544991339886127e+63
-2.808918411731945246e+63
-2.809699126685307275e+63
-2.810346540827893530e+63
-2.810650077487542453e+63
-2.810911222886644484e+63
-2.811594529509328174e+63
-2.812064108203961806e+63
-2.812765897099065437e+63
-2.813332091226815907e+63
-2.813864377224387783e+63
-2.814191212690093257e+63
-2.814475591417264114e+63
-2.814741721476650421e+63
-2.784203250666267945e+63
-2.782581694702918013e+63
-2.778856191467656232e+63
-2.776857133222783950e+63
-2.787663263813386765e+63
-2.922713387128212628e+63
-2.922665708461436896e+63
-2.923541301794098766e+63
-2.924209440842879833e+63
-2.925166353201097511e+63
-2.925915721305742890e+63
-2.926612352309469578e+63
-2.927163794899652451e+63
-2.927919579816592741e+63
-2.928931990298690282e+63
-2.929801416715299108e+63
-2.930671984015995860e+63
-2.930114378806314974e+63
-2.930999292647896044e+63
-2.931791034283554587e+63
-2.933514182257628305e+63
-2.934977117119522050e+63
-2.936609082116883256e+63
-2.938771329906182128e+63
-2.939813903042074294e+63
-2.941889532467079113e+63
-2.941178180694394423e+63
-2.942070269732244206e+63
-2.944347087576866648e+63
-2.946311251589735048e+63
-2.946153706642405196e+63
-2.945281746834631639e+63
-2.944252131911758418e+63
-2.943315032084575964e+63
-2.942635943828562098e+63
-2.923000164687619736e+63
-2.789142093413284959e+63
-2.785240145177164455e+63
-2.781740856466409711e+63
-2.780092352794420853e+63
-2.777912923361670204e+63
-2.773726780407332506e+63
-2.770054863185366692e+63
-2.792292035869549795e+63
-2.790486145285290326e+63
-2.788796013710812551e+63
-2.793753174316365891e+63
-2.796120756768782898e+63
-2.797942807401370845e+63
-2.799917709278481843e+63
-2.801448112297521158e+63
-2.802259981132443135e+63
-2.803591362899903604e+63
-2.804930680580397405e+63
-2.805928505303237471e+63
-2.806937723617764906e+63
-2.808429349344440013e+63
-2.809372980715529314e+63
-2.810099550967688927e+63
-2.811213513519758626e+63
-2.811497080926367807e+63
-2.812291519814748383e+63
-2.812931144081017071e+63
-2.812677137282403440e+63
-2.813377773006556976e+63
-2.813409794465559970e+63
-2.813787415184428483e+63
-2.813859191277430578e+63
-2.814046796262178592e+63
-2.923452809741799621e+63
-2.923338916977910898e+63
-2.923660096097276324e+63
-2.924380998215182705e+63
-2.924061344327573703e+63
-2.925012676556102947e+63
-2.925722740057617085e+63
-2.926181404676697677e+63
-2.926825570107696711e+63
-2.927440398929501346e+63
-2.928206948268564385e+63
-2.928884249354778002e+63
-2.929753615419624863e+63
-2.930725461601395869e+63
-2.931514484569811905e+63
-2.931947584390531870e+63
-2.932577437328712763e+63
-2.934088871539554291e+63
-2.935560989039118118e+63
-2.936670928528954881e+63
-2.938104537577158839e+63
-2.940056215996369013e+63
-2.941151660355267336e+63
-2.943612306850129807e+63
-2.944833225373652505e+63
-2.946141719684196394e+63
-2.949267478102277615e+63
-2.949236519100196282e+63
-2.948861402489196058e+63
-2.947318372604274436e+63
-2.945626767098986362e+63
-2.944254410272978844e+63
-2.942962913917951902e+63
-2.943322856395508258e+63
-2.786220579509339983e+63
-2.782435522519837706e+63
-2.778518439070630825e+63
-2.774756384471812337e+63
-2.768983205653919913e+63
-2.767669202379880245e+63
-2.762409428744292788e+63
-2.790739975460926868e+63
-2.791986818838767901e+63
-2.793599906383952480e+63
-2.794835164420443150e+63
-2.796466237925311280e+63
-2.797674949184708729e+63
-2.798893823654671428e+63
-2.800414907626007457e+63
-2.800594911856623484e+63
-2.801958985889254794e+63
-2.802123878870790759e+63
-2.803351665373227055e+63
-2.804287247561525313e+63
-2.805190987021678363e+63
-2.806044582471349819e+63
-2.806591324464176684e+63
-2.807578624403071446e+63
-2.808369298966226489e+63
-2.809080556382607286e+63
-2.809202502204068788e+63
-2.809941785935367964e+63
-2.810706279374464873e+63
-2.810804010184519647e+63
-2.811356470440054354e+63
-2.811843294430671752e+63
-2.812302410393683332e+63
-2.812700842164600342e+63
-2.813131364098097359e+63
-2.813564845134544080e+63
-2.813702120190642440e+63
-2.813867094990916696e+63
-2.788633333514060708e+63
-2.786318276801044734e+63
-2.923882627811384891e+63
-2.924095019862987502e+63
-2.924660424890200841e+63
-2.925266821666513808e+63
-2.926058493370471399e+63
-2.926645387207102479e+63
-2.926899101118114171e+63
-2.927646870702556636e+63
-2.928151736305309743e+63
-2.928911138940206371e+63
-2.929566146058797919e+63
-2.930717356076073613e+63
-2.931748488998113837e+63
-2.932661979795692677e+63
-2.933229624498888757e+63
-2.933994860342169846e+63
-2.935300038797514331e+63
-2.936860913089488065e+63
-2.938093443924948515e+63
-2.940498315449428069e+63
-2.943034480767033465e+63
-2.944689633426517064e+63
-2.946071017982926499e+63
-2.948141464922406284e+63
-2.951655949830161076e+63
-2.952920118628747310e+63
-2.952018827809333914e+63
-2.950597221430144119e+63
-2.948755064754127424e+63
-2.946564065680497492e+63
-2.943220182103064434e+63
-2.940726208255911042e+63
-2.924366285339437344e+63
-2.783818908368204260e+63
-2.783916931789763584e+63
-2.785478298282524967e+63
-2.787263160723535203e+63
-2.788752340581805534e+63
-2.790514266706616256e+63
-2.790981013508417343e+63
-2.792530461926233082e+63
-2.794625668047948549e+63
-2.796624376753839500e+63
-2.798601397454235299e+63
-2.799495859179005191e+63
-2.800840984965642491e+63
-2.800898062804724370e+63
-2.802595086148170479e+63
-2.803905562796471733e+63
-2.805311311736672153e+63
-2.805976031235931474e+63
-2.806874016163023094e+63
-2.807577001062431758e+63
-2.808350771301328629e+63
-2.808402269536710301e+63
-2.809208829560268725e+63
-2.809551673215694411e+63
-2.810294036454888647e+63
-2.811009003315396347e+63
-2.811682926090324829e+63
-2.780290164618881081e+63
-2.776618896870980736e+63
-2.773521997364049717e+63
-2.770369004906664845e+63
-2.765941686661492502e+63
-2.763704390669835250e+63
-2.758822539738375575e+63
-2.753469996874605663e+63
-2.812869324284796791e+63
-2.813344060600179280e+63
-2.924285600337782559e+63
-2.924277859725513361e+63
-2.924872323717111505e+63
-2.925485717730654413e+63
-2.925890284529006977e+63
-2.926540144725488507e+63
-2.926767653113675551e+63
-2.927376205391524342e+63
-2.928308672924629078e+63
-2.928483576971749549e+63
-2.929222442327297162e+63
-2.929964443120840766e+63
-2.930765280251861329e+63
-2.931756638187863707e+63
-2.932910620401893325e+63
-2.933860828413565308e+63
-2.935103445951776115e+63
-2.935993026880630518e+63
-2.937760540316060858e+63
-2.938840301134613576e+63
-2.940505986309136954e+63
-2.942347365772781039e+63
-2.944097542528065966e+63
-2.946039137425909029e+63
-2.948662191172468948e+63
-2.950877273035862064e+63
-2.953770850483474610e+63
-2.954685235881643501e+63
-2.956278341087736153e+63
-2.955109506335176311e+63
-2.955008271783367130e+63
-2.952465706948540688e+63
-2.949749814319841499e+63
-2.946542584990968739e+63
-2.940366572120188110e+63
-2.934682314381536123e+63
-2.924556764240321672e+63
-2.782191338413192083e+63
-2.781909481777090599e+63
-2.779840929656413242e+63
-2.777847066216829853e+63
-2.774179856704903855e+63
-2.771395978066305278e+63
-2.768578909393858115e+63
-2.763858122566434090e+63
-2.760109332168579598e+63
-2.754486628735912278e+63
-2.747836766811945477e+63
-2.742496773753595133e+63
-2.784251198936469575e+63
-2.786635027459746143e+63
-2.787679986667733951e+63
-2.789766932519772219e+63
-2.788982833764811466e+63
-2.789672731703171794e+63
-2.791080930810439141e+63
-2.792447855405252792e+63
-2.793424426084375273e+63
-2.794538533671192483e+63
-2.795732399833208334e+63
-2.797093085313957956e+63
-2.797894294299974360e+63
-2.799560443176669904e+63
-2.799707552258158252e+63
-2.800434446461573695e+63
-2.801475825803526039e+63
-2.802511886343841720e+63
-2.803353290168953485e+63
-2.804290115579374972e+63
-2.805124123026353129e+63
-2.805905256403950210e+63
-2.806780773620335668e+63
-2.807595738154613069e+63
-2.807995447522397986e+63
-2.808783961303785707e+63
-2.807605601171068227e+63
-2.924448772937472572e+63
-2.924815883594105793e+63
-2.925311067306206358e+63
-2.927243451174197348e+63
-2.927992979661386724e+63
-2.928776924030438964e+63
-2.929070211323253557e+63
-2.930011689736300353e+63
-2.930808757829165841e+63
-2.931751636988903181e+63
-2.932681925090062777e+63
-2.933463319969527289e+63
-2.934101677044132822e+63
-2.935105825784860841e+63
-2.936223222496714759e+63
-2.937061440461488771e+63
-2.938343292618490231e+63
-2.939321693737012983e+63
-2.940970234947671761e+63
-2.942001947466949311e+63
-2.943526433537941928e+63
-2.945494357427932611e+63
-2.947382249196272930e+63
-2.948468236850342358e+63
-2.950238833525984871e+63
-2.951572614104937037e+63
-2.953930683060136790e+63
-2.956497313559334719e+63
-2.956565844132892413e+63
-2.957586666108091464e+63
-2.959401357323740984e+63
-2.958366009860946998e+63
-2.960197408976830087e+63
-2.956940644753846907e+63
-2.953984438537678873e+63
-2.950503142090315255e+63
-2.949933624442849246e+63
-2.943190099730181733e+63
-2.934161870087926262e+63
-2.923418988025106719e+63
-2.779391010936225904e+63
-2.780968321570399403e+63
-2.782507348353265727e+63
-2.783724084958961365e+63
-2.785540349746877815e+63
-2.786316882511948752e+63
-2.787918546673357684e+63
-2.788334908890043289e+63
-2.789644585201188358e+63
-2.790815497648039255e+63
-2.791925214963230963e+63
-2.793277185050989450e+63
-2.794938201614976625e+63
-2.796081966875925212e+63
-2.796264645993130215e+63
-2.797313061044802313e+63
-2.798490261215863471e+63
-2.799315566433795966e+63
-2.800390337068602137e+63
-2.801366292183835205e+63
-2.802404468921822785e+63
-2.803045045602585722e+63
-2.803672189283361478e+63
-2.804275845927302218e+63
-2.804696525305208791e+63
-2.805538100702829552e+63
-2.806369826794938673e+63
-2.807189903146430542e+63
-2.776521579558021370e+63
-2.773515634895254674e+63
-2.771312610594168024e+63
-2.768396727314426580e+63
-2.764042444141249262e+63
-2.759127206189280652e+63
-2.755640434508024033e+63
-2.749546427914601558e+63
-2.739566237338836920e+63
-2.728608629006346064e+63
-2.766220817583266807e+63
-2.929594149266811637e+63
-2.930438166951086881e+63
-2.930860099882156074e+63
-2.931739986990241374e+63
-2.932637764594963027e+63
-2.933558596547963990e+63
-2.934336127146903841e+63
-2.935076909390557051e+63
-2.936326837147601233e+63
-2.937376018130273516e+63
-2.938594476344496909e+63
-2.939840686578090276e+63
-2.941608751536699549e+63
-2.943122936015193683e+63
-2.944712320601537245e+63
-2.946641999577592316e+63
-2.948873427192941568e+63
-2.949853062114250054e+63
-2.952324899193516434e+63
-2.954464716162521243e+63
-2.955956856834379620e+63
-2.958569609347910903e+63
-2.961119022673239822e+63
-2.959157698213426938e+63
-2.960393367142630618e+63
-2.962607657242664965e+63
-2.963552435923926780e+63
-2.965232980078264586e+63
-2.962218483641646607e+63
-2.959366858660492180e+63
-2.955449228525718802e+63
-2.957029653737939364e+63
-2.952086012030690533e+63
-2.945881963072346970e+63
-2.938415432716888563e+63
-2.924641689240441994e+63
-2.915553745823879282e+63
-2.905412524750636854e+63
-2.777396994134034335e+63
-2.779289143416248216e+63
-2.779870396239517203e+63
-2.781789532637019153e+63
-2.783330243976437972e+63
-2.784844808262533092e+63
-2.785193417799148547e+63
-2.786701514322457204e+63
-2.786924396948544949e+63
-2.788304496637438824e+63
-2.789462114991620399e+63
-2.790482359057292792e+63
-2.791441912812924284e+63
-2.792531258236799529e+63
-2.793762576314919885e+63
-2.794612995635240231e+63
-2.795574117515963477e+63
-2.796553363551230565e+63
-2.797428817700112542e+63
-2.798211920613745196e+63
-2.798368858948650420e+63
-2.799084602931065970e+63
-2.799854473798049463e+63
-2.800609944724768962e+63
-2.801702252341809415e+63
-2.802385576449621009e+63
-2.803397002036033298e+63
-2.803847306351441546e+63
-2.775615434153862797e+63
-2.773166438828683378e+63
-2.770621024547221256e+63
-2.767367887303908593e+63
-2.763651107198023788e+63
-2.759420586958039511e+63
-2.753747656748671758e+63
-2.746644716934431508e+63
-2.738130336901289160e+63
-2.730031356014840301e+63
-2.718852331696592498e+63
-2.710879544582746705e+63
-2.931307104751934306e+63
-2.932198832356461565e+63
-2.932648137026937301e+63
-2.933563464760717583e+63
-2.934606449971149981e+63
-2.935333057478962645e+63
-2.936399009905979352e+63
-2.937470946398987318e+63
-2.937603879886737677e+63
-2.938541800304925169e+63
-2.939607930239615233e+63
-2.940892990057135244e+63
-2.942023643359226131e+63
-2.942804923193268363e+63
-2.944023128707299808e+63
-2.945288725538200518e+63
-2.946902650045583780e+63
-2.948215457006320797e+63
-2.949694285531173829e+63
-2.950860250866548077e+63
-2.952236475382431450e+63
-2.954236153035914714e+63
-2.956314638929987274e+63
-2.958141928088020246e+63
-2.960426057988324571e+63
-2.961467111114743270e+63
-2.964347649609167058e+63
-2.964766890326416353e+63
-2.963116996072147982e+63
-2.966373900109184002e+63
-2.968855164850087824e+63
-2.970305531464396057e+63
-2.966777436867700427e+63
-2.965109965917009590e+63
-2.961889730426152804e+63
-2.964598204311907987e+63
-2.958843180451398831e+63
-2.952758797518936254e+63
-2.939850337388320021e+63
-2.926939327063788459e+63
-2.908764087976631794e+63
-2.892406065542678724e+63
-2.880068157257091264e+63
-2.945675897373302622e+63
-2.777659789239250977e+63
-2.776492642578513786e+63
-2.774894063089026686e+63
-2.773791739885936605e+63
-2.772478338836837017e+63
-2.771063614676593141e+63
-2.769002094843370152e+63
-2.766332083422541192e+63
-2.763923756189785474e+63
-2.760923982698624061e+63
-2.757582892171273618e+63
-2.751863794802775274e+63
-2.744723046140621094e+63
-2.735415560819435487e+63
-2.726840478798995192e+63
-2.711817726005277972e+63
-2.699653554073211418e+63
-2.688704430967014837e+63
-2.778206743616484420e+63
-2.778844024500404887e+63
-2.780490402599333530e+63
-2.781971523095232496e+63
-2.783081825657615308e+63
-2.784242676743377817e+63
-2.785574649296701875e+63
-2.786067926987584116e+63
-2.787151607692397484e+63
-2.788176120078488598e+63
-2.789220662103709899e+63
-2.790130983778415573e+63
-2.791153462061240421e+63
-2.792036574937307341e+63
-2.792926795651097977e+63
-2.793519409060570445e+63
-2.794310985096321814e+63
-2.795425375506588214e+63
-2.796488964492413452e+63
-2.797608469534996390e+63
-2.797358569951042532e+63
-2.798316317030314457e+63
-2.799063891663489711e+63
-2.799755171736550341e+63
-2.800392444616317770e+63
-2.801298384788272212e+63
-2.802129215221868705e+63
-2.802991094438559992e+63
-2.933111670169553962e+63
-2.934044449006802071e+63
-2.934511968510283709e+63
-2.935373438524475110e+63
-2.935869571929032259e+63
-2.937008577340829927e+63
-2.938328415031432883e+63
-2.939555399248959897e+63
-2.940914076094745069e+63
-2.942113760872664268e+63
-2.943490340400781721e+63
-2.945115110728371506e+63
-2.946572315114118526e+63
-2.948379722148071558e+63
-2.949997261476748527e+63
-2.951144490899956789e+63
-2.952689269631415470e+63
-2.953966468549245754e+63
-2.955784089567815438e+63
-2.956852786077244674e+63
-2.958797710680859967e+63
-2.960212360019582692e+63
-2.962417006375733826e+63
-2.963289381393931758e+63
-2.965879972026047889e+63
-2.967383536612848241e+63
-2.967899131200202102e+63
-2.967451742817775563e+63
-2.971328536078733611e+63
-2.973797372069063037e+63
-2.975113760593600587e+63
-2.970695259620105448e+63
-2.970171402238305464e+63
-2.972329732585641965e+63
-2.964585349942402567e+63
-2.961014534117716030e+63
-2.946545937644432565e+63
-2.931341969291106697e+63
-2.917544215335422363e+63
-2.901693258720307281e+63
-2.885245762553009894e+63
-2.870786572015074038e+63
-2.846303841846589818e+63
-2.777120012278071933e+63
-2.778069913158528246e+63
-2.779547509134993996e+63
-2.780813107647312514e+63
-2.781570760925368325e+63
-2.782605367853833922e+63
-2.783585252572200927e+63
-2.784771870396195052e+63
-2.786010690075484898e+63
-2.786845750109655165e+63
-2.787679523629098144e+63
-2.788528085836097395e+63
-2.789105194121168999e+63
-2.789831060869289721e+63
-2.790336744671993554e+63
-2.791184692012434419e+63
-2.791969085682917591e+63
-2.792807362696582952e+63
-2.793591031417999373e+63
-2.794593858751005119e+63
-2.795663624487258134e+63
-2.796539644633568330e+63
-2.797328519480910773e+63
-2.797767135752836759e+63
-2.798644109107443396e+63
-2.799519450718686445e+63
-2.775359167896110615e+63
-2.774180885334370088e+63
-2.773223801553450985e+63
-2.771726258159626165e+63
-2.770522456462132278e+63
-2.768974891629750658e+63
-2.767615895987608983e+63
-2.765900450079045154e+63
-2.764640290741034680e+63
-2.762204090575628518e+63
-2.760187353455660607e+63
-2.756116539187021784e+63
-2.751388798863336464e+63
-2.744583203343508544e+63
-2.733863509503392270e+63
-2.723783243994381417e+63
-2.708376671584277046e+63
-2.690679822189576274e+63
-2.680450370570011507e+63
-2.661427109231345526e+63
-2.801262785282084234e+63
-2.934995959936535600e+63
-2.935967111415678665e+63
-2.936448678358158547e+63
-2.937551345231070665e+63
-2.938472560621178568e+63
-2.939527871458450433e+63
-2.940755183386641882e+63
-2.941540988542869343e+63
-2.942755367906886250e+63
-2.943871413538579103e+63
-2.944942626275733003e+63
-2.945971659611433941e+63
-2.947093476052595083e+63
-2.948510574343132605e+63
-2.949717205415745876e+63
-2.951104979088006220e+63
-2.952444101933260695e+63
-2.954067372902189808e+63
-2.954715060106712590e+63
-2.955878797299337100e+63
-2.957764781949626962e+63
-2.959381590604712473e+63
-2.960372811180983998e+63
-2.962515537448133074e+63
-2.964753293369678058e+63
-2.964560890317439696e+63
-2.966466538709210571e+63
-2.968586792950123046e+63
-2.970104428407648696e+63
-2.971546067404251061e+63
-2.971276297318509791e+63
-2.975384730244076065e+63
-2.976938415488092404e+63
-2.980824064772861924e+63
-2.979788373875341592e+63
-2.976344840990667378e+63
-2.979463529067754822e+63
-2.978207072659573712e+63
-2.973350405387332786e+63
-2.972190640478159295e+63
-2.956497548426163115e+63
-2.937322228534968434e+63
-2.919725408206007003e+63
-2.903215225502846256e+63
-2.879290291919687186e+63
-2.854026821693952497e+63
-2.826608566298754893e+63
-2.806087280887063834e+63
-2.777063426524828407e+63
-2.777768310737733595e+63
-2.778757845679873949e+63
-2.779562727811791370e+63
-2.780465502148427409e+63
-2.781072460221571936e+63
-2.782306365538270257e+63
-2.783566344856930217e+63
-2.785006969347460974e+63
-2.785938103851384330e+63
-2.786726271679146172e+63
-2.787612668081327276e+63
-2.788512450394875205e+63
-2.789455145654604692e+63
-2.790337607504926202e+63
-2.791272664221407939e+63
-2.792030254523829532e+63
-2.792775522892979250e+63
-2.793816128232571585e+63
-2.793545170457640196e+63
-2.775930022758103722e+63
-2.774705175537961746e+63
-2.774220406730335408e+63
-2.773168885781261490e+63
-2.772042432656666993e+63
-2.770836019856550788e+63
-2.769638164397300157e+63
-2.768439482749456678e+63
-2.767063669200569328e+63
-2.766353562927553925e+63
-2.763955944985850373e+63
-2.764197061985177798e+63
-2.757901092309739802e+63
-2.754161811580257286e+63
-2.753944262119081477e+63
-2.747491147575320854e+63
-2.736350044112867371e+63
-2.719043344816521681e+63
-2.720715536502175751e+63
-2.794693345110594448e+63
-2.795505135120630988e+63
-2.796010884305492982e+63
-2.796889254900828596e+63
-2.770303935338556539e+63
-2.743783810298062129e+63
-2.696412710352136364e+63
-2.677539525311946665e+63
-2.661958544977977082e+63
-2.634837993040416818e+63
-2.629689655917871809e+63
-2.936956437119517228e+63
-2.937964007083500956e+63
-2.938991433029651952e+63
-2.940037981900391540e+63
-2.940611858852281323e+63
-2.941621591046346514e+63
-2.941919249714554028e+63
-2.942818146087595647e+63
-2.943916325544595195e+63
-2.944997613408297935e+63
-2.946289882354754493e+63
-2.947821078598988533e+63
-2.949308439900056534e+63
-2.950956965082758982e+63
-2.952354126427082215e+63
-2.953818711250775168e+63
-2.955126152912672630e+63
-2.956524526231754445e+63
-2.958238447827269452e+63
-2.959827993819157736e+63
-2.960928193395620964e+63
-2.962884639607209111e+63
-2.964811263634862086e+63
-2.966615194066475287e+63
-2.968473257254273605e+63
-2.970747915507384428e+63
-2.971772718463827539e+63
-2.974391192471696700e+63
-2.977673797527953068e+63
-2.981231075071562409e+63
-2.981928290017307721e+63
-2.986324606824855771e+63
-2.986526521940010852e+63
-2.989059668720824432e+63
-2.982366135046653547e+63
-2.974081645749877119e+63
-2.987735158086314284e+63
-2.990519785804565691e+63
-2.986493817423249722e+63
-2.984656225884668181e+63
-2.970521145138490084e+63
-2.960072461245943880e+63
-2.943253085332642844e+63
-2.925823753029465131e+63
-2.919482085942246511e+63
-2.899646735943717544e+63
-2.878217700584780943e+63
-2.845186159464044392e+63
-2.818423471370177795e+63
-2.795394384415703126e+63
-2.760103425865126139e+63
-2.776731212345483936e+63
-2.776153786527091390e+63
-2.775229137684910974e+63
-2.774692712164039418e+63
-2.773816323146778828e+63
-2.773166256212647829e+63
-2.772513831743769021e+63
-2.771682775422107940e+63
-2.771149301282541682e+63
-2.770113311660124509e+63
-2.768958836986081427e+63
-2.767730565076529827e+63
-2.766264828279450355e+63
-2.767226550422696241e+63
-2.767988019472001499e+63
-2.767106991490680287e+63
-2.763954742592276710e+63
-2.761420082944847999e+63
-2.752107657466799013e+63
-2.748079982594977777e+63
-2.725211635486862301e+63
-2.704673301456529772e+63
-2.680355206689082648e+63
-2.657103514206039118e+63
-2.632531231064206430e+63
-2.604269388681424052e+63
-2.593719885217626603e+63
-2.778397555320405087e+63
-2.779246271066264501e+63
-2.780221572725790480e+63
-2.781325124372583130e+63
-2.781885836250667141e+63
-2.782789688166809771e+63
-2.783515508378951405e+63
-2.784305715917018121e+63
-2.785077987550221060e+63
-2.785962722696674404e+63
-2.786850397436336812e+63
-2.787314003595908862e+63
-2.788169387200152063e+63
-2.789029165052786816e+63
-2.789892947826803795e+63
-2.790760357794109851e+63
-2.791630608523802646e+63
-2.792503489648631026e+63
-2.793378501564845196e+63
-2.794254975310962387e+63
-2.795132617446084641e+63
-2.777569717149401380e+63
-2.760725285152109633e+63
-2.941103972733586445e+63
-2.942192570398814883e+63
-2.943302265097150738e+63
-2.944435948133433464e+63
-2.945594154199823399e+63
-2.946176994140046426e+63
-2.947249220440022066e+63
-2.948592063254612826e+63
-2.950014824083440230e+63
-2.951076883953336795e+63
-2.952353637258478225e+63
-2.953429446887092526e+63
-2.955257337012014834e+63
-2.957315075892445682e+63
-2.958534388644943812e+63
-2.959893973331280498e+63
-2.961175625726356419e+63
-2.961887872633017145e+63
-2.963995286940215532e+63
-2.966365405167032914e+63
-2.968580916153222098e+63
-2.971065726594142889e+63
-2.973023957141943410e+63
-2.974297630829188397e+63
-2.976861200314724302e+63
-2.978786782016423238e+63
-2.981616766853634818e+63
-2.986276786841651379e+63
-2.987074212851993689e+63
-2.991952235104838941e+63
-2.993658987991022367e+63
-2.997736127599723637e+63
-3.000850450381596001e+63
-2.997623494399940754e+63
-2.999814270924339838e+63
-2.998158433332374417e+63
-2.978886328542469642e+63
-2.966271667908268579e+63
-2.941805034948838549e+63
-2.929168386871235112e+63
-2.902349830331254711e+63
-2.866721465524857912e+63
-2.817819092507956518e+63
-2.802164948879476854e+63
-2.767149544240266027e+63
-2.723076398195444328e+63
-2.710693979664128062e+63
-2.777219251701211588e+63
-2.776380455697697732e+63
-2.775755223516740319e+63
-2.774782623564471693e+63
-2.773816574698243643e+63
-2.773165316147738648e+63
-2.772527591134615968e+63
-2.771785320876739403e+63
-2.771040599413254675e+63
-2.770881326638160999e+63
-2.770431770417784621e+63
-2.769833215883226641e+63
-2.769390777385435187e+63
-2.768866993464096418e+63
-2.768516716923322714e+63
-2.768179416261011546e+63
-2.768940596032401396e+63
-2.771389143436834133e+63
-2.772397773287392574e+63
-2.772413650129147978e+63
-2.771033654518140973e+63
-2.778747535003224236e+63
-2.766494550582111135e+63
-2.761226800270063100e+63
-2.733753787513697038e+63
-2.710026342943287249e+63
-2.686572220907136683e+63
-2.658733807680798942e+63
-2.636505286621025543e+63
-2.606208115232953731e+63
-2.570499043167336010e+63
-2.574968163115386844e+63
-2.554350660308545424e+63
-2.775652567925635274e+63
-2.779430890190746875e+63
-2.778492131706512628e+63
-2.777861493206507691e+63
-2.780644886433648842e+63
-2.781441236732643912e+63
-2.782552259101411205e+63
-2.783492256081762355e+63
-2.784319065887209756e+63
-2.785132070565613048e+63
-2.785619623159724678e+63
-2.786464007766269164e+63
-2.946778235728848170e+63
-2.947991995282755114e+63
-2.949235595822514725e+63
-2.950510725577419593e+63
-2.951822328699458897e+63
-2.953171883260519037e+63
-2.953847268613118718e+63
-2.954563253352882535e+63
-2.955998422637496991e+63
-2.956716563800542331e+63
-2.957482507256168989e+63
-2.959016080962935753e+63
-2.960609103771068150e+63
-2.962266148208819864e+63
-2.963078002672380078e+63
-2.965025104849961613e+63
-2.966694782406481680e+63
-2.968635984153032948e+63
-2.970934355667711238e+63
-2.972407138701001219e+63
-2.973450375500465967e+63
-2.976169207018303113e+63
-2.979465670672240606e+63
-2.983114519592101018e+63
-2.985695546993060115e+63
-2.989232140062948500e+63
-2.991361087391691806e+63
-2.994064667331739575e+63
-2.999021947476418028e+63
-2.997552786048314826e+63
-3.000347682148242405e+63
-3.008859893380808820e+63
-3.010620713974368360e+63
-3.014868703328510203e+63
-3.010326444502658293e+63
-3.018695847841834712e+63
-3.013880061600940074e+63
-2.989787314928276734e+63
-2.976984474620345547e+63
-2.953138235859051218e+63
-2.936250033943301176e+63
-2.904214911069762916e+63
-2.878389482578568335e+63
-2.847177723667969098e+63
-2.814329363681388889e+63
-2.786194505500097873e+63
-2.770468033438718643e+63
-2.726263580051430934e+63
-2.678205760851631592e+63
-2.659015774311044575e+63
-2.952208912008115733e+63
-2.776674676732085598e+63
-2.777625568425002181e+63
-2.778176013539343119e+63
-2.778750792212061264e+63
-2.779526053344229006e+63
-2.780323785532057784e+63
-2.780919882802917433e+63
-2.781505946195055224e+63
-2.781952813410190573e+63
-2.782311982774616765e+63
-2.783127181726068565e+63
-2.783950420941229116e+63
-2.784781546082686550e+63
-2.775815537324564221e+63
-2.775055819165798501e+63
-2.774252522769574306e+63
-2.773750354933491244e+63
-2.773053604731222303e+63
-2.772532965208809360e+63
-2.771853755758416375e+63
-2.771076792703199053e+63
-2.770224569773700282e+63
-2.769550242361350835e+63
-2.769171118409964315e+63
-2.768574141864999850e+63
-2.768591050102252178e+63
-2.768706079905140055e+63
-2.769472363516758824e+63
-2.771819825568354719e+63
-2.775961725290532975e+63
-2.779289705340928091e+63
-2.780552280773572429e+63
-2.793042708685416192e+63
-2.794469384485737673e+63
-2.782085783889275566e+63
-2.780119959891095185e+63
-2.791559150332735223e+63
-2.776876324425700806e+63
-2.753440054754836105e+63
-2.737220439129374348e+63
-2.714660115405988271e+63
-2.691677717827990694e+63
-2.665504063734483512e+63
-2.631062344165626720e+63
-2.598734627611453149e+63
-2.573319789088946861e+63
-2.545854763827752076e+63
-2.522971578408103564e+63
-2.540748442380871846e+63
-2.512053949187707308e+63
-2.963989264116753332e+63
-2.965784352756633891e+63
-2.967664040248375874e+63
-2.969630325034793764e+63
-2.970719285860617878e+63
-2.972700901970426652e+63
-2.973242303622220563e+63
-2.974872319001197060e+63
-2.977239326217177558e+63
-2.979423952445670160e+63
-2.981654484093400650e+63
-2.984188842724488314e+63
-2.987038136100035253e+63
-2.990795035357318514e+63
-2.993361878875154444e+63
-2.997040084998339536e+63
-2.999535011094298563e+63
-3.004426677443935632e+63
-3.011211639427526782e+63
-3.017630647962104521e+63
-3.018066899682635260e+63
-3.024740009336241523e+63
-3.029859920660815259e+63
-3.045620847185357792e+63
-3.035934515870152729e+63
-3.032145694888859940e+63
-3.007671673713992305e+63
-3.001109988354127890e+63
-2.972417778423212233e+63
-2.943473776918961788e+63
-2.903012367653115414e+63
-2.859257504133635029e+63
-2.806277146904156068e+63
-2.768721025252879691e+63
-2.752707744065226177e+63
-2.712362969318806759e+63
-2.679871231905176070e+63
-2.635922416208903694e+63
-2.626879257943146220e+63
-2.606235285222534188e+63
-3.003871338013498919e+63
-2.776903378114368060e+63
-2.776183331742149051e+63
-2.775853518723327303e+63
-2.775123836151145043e+63
-2.774412232508281491e+63
-2.773778148409906544e+63
-2.773166880563560073e+63
-2.772574642087985466e+63
-2.771889403976536136e+63
-2.772380057243264172e+63
-2.777251556805711675e+63
-2.777638736942200078e+63
-2.778386666075017672e+63
-2.779149342471426572e+63
-2.779923759118344087e+63
-2.780709002785380796e+63
-2.771408053232770187e+63
-2.770850249424650966e+63
-2.770262405890773230e+63
-2.769620477715126217e+63
-2.768897845639639636e+63
-2.768028658671407789e+63
-2.768114264278662223e+63
-2.768308081959308190e+63
-2.768517641651902349e+63
-2.769324242301019454e+63
-2.769098230941581787e+63
-2.771761722765798584e+63
-2.776691575338585816e+63
-2.784959898558874421e+63
-2.790183034543369861e+63
-2.805382394667705432e+63
-2.808385024585844800e+63
-2.800629691749925163e+63
-2.822839862472624590e+63
-2.808857739405646185e+63
-2.792377851950872882e+63
-2.767550640303211456e+63
-2.740772763395729779e+63
-2.725989395164888954e+63
-2.698955340596773308e+63
-2.670299433306768172e+63
-2.646926081822897018e+63
-2.607068065450445112e+63
-2.573337092154506750e+63
-2.540828477965522937e+63
-2.514904664798610533e+63
-2.486731249964573868e+63
-2.476679435575146646e+63
-2.467380813420070726e+63
-2.503924721756305616e+63
-2.971690108430209543e+63
-2.973864382827939492e+63
-2.975111873919498694e+63
-2.977424736283075662e+63
-2.979745283197173579e+63
-2.982534844703839921e+63
-2.986110358992451798e+63
-2.987597985319804639e+63
-2.991161719464885262e+63
-2.994040459855251053e+63
-2.997384726870494399e+63
-3.001909410155437095e+63
-3.002951560918598348e+63
-3.009035544113273776e+63
-3.015604730273611587e+63
-3.019176723318296757e+63
-3.025741441545397820e+63
-3.026943833249358494e+63
-3.037536439794433600e+63
-3.037542051171147248e+63
-3.052858417191565265e+63
-3.064398084628202745e+63
-3.064679963800693091e+63
-3.055805823416436023e+63
-3.061315173827193414e+63
-3.030426963468003395e+63
-3.014713341570617335e+63
-2.985256587747703372e+63
-2.941290086818470753e+63
-2.880004844109564084e+63
-2.835326153394561917e+63
-2.774446764605402237e+63
-2.733252953793615472e+63
-2.726727905416553181e+63
-2.683932045964344931e+63
-2.630917367050829433e+63
-2.583512294736563530e+63
-2.602512795775138993e+63
-2.582684720747475246e+63
-2.552898433913464420e+63
-2.775478236339357284e+63
-2.774789694606184987e+63
-2.774444088806479632e+63
-2.774118227914137877e+63
-2.773463677588384737e+63
-2.772825790101968353e+63
-2.772204824267450647e+63
-2.771597889725346594e+63
-2.771263275769195902e+63
-2.770748167118984068e+63
-2.770211818259708435e+63
-2.769775721209663961e+63
-2.769010884909975914e+63
-2.768391926472581193e+63
-2.767698376137850867e+63
-2.767286875126364148e+63
-2.767534600850796175e+63
-2.767766362327370998e+63
-2.766043055190939078e+63
-2.766476979055645849e+63
-2.768279391100135342e+63
-2.780379501831163741e+63
-2.792968911522924295e+63
-2.818480892022695097e+63
-2.826346610871280781e+63
-2.821609035638583046e+63
-2.840190078143142703e+63
-2.851829137702144754e+63
-2.841750584301248819e+63
-2.826244117769970889e+63
-2.794006952348462249e+63
-2.761216407661524909e+63
-2.728724084892012701e+63
-2.711640952822635376e+63
-2.681527846410529230e+63
-2.661385169895801116e+63
-2.619124517435801244e+63
-2.580598106551664404e+63
-2.539557270251620638e+63
-2.504894410240716067e+63
-2.468979517467748479e+63
-2.440947702073596122e+63
-2.436890500683923608e+63
-2.420844248038544444e+63
-2.798249214141931715e+63
-2.976150071323344497e+63
-2.978567725148219642e+63
-2.981125071550038863e+63
-2.982413313691528884e+63
-2.984890642462597916e+63
-2.988128159460548992e+63
-2.989886188475324364e+63
-2.994031272711726118e+63
-2.997552255795008262e+63
-3.001768590612792324e+63
-3.005588033307926271e+63
-3.007261357191600854e+63
-3.013208065527799981e+63
-3.018875250932316825e+63
-3.021571734822539082e+63
-3.029588848687126662e+63
-3.033983780922405249e+63
-3.043636176746923365e+63
-3.050993154930698627e+63
-3.068448442135238990e+63
-3.077901256390383993e+63
-3.090958326594580475e+63
-3.085692619670861103e+63
-3.085657403803369005e+63
-3.055053771809682034e+63
-3.035672513166554544e+63
-3.007353404177622931e+63
-2.977288624804267004e+63
-2.927097940132293082e+63
-2.884359899697512008e+63
-2.840061236002183926e+63
-2.804289460742425339e+63
-2.765130147404482702e+63
-2.733505120661138600e+63
-2.689920651327889432e+63
-2.650456083112080501e+63
-2.598814820230748802e+63
-2.580969782618434369e+63
-2.542022206860072899e+63
-2.527959136812827522e+63
-2.566026026295521499e+63
-2.540918377459139736e+63
-2.499333831936560331e+63
-2.697791239375958616e+63
-2.771002107548129050e+63
-2.770413572181927092e+63
-2.769824889545809998e+63
-2.769650417390495922e+63
-2.769167626268822522e+63
-2.768327279571446828e+63
-2.767570225297308273e+63
-2.766795341708252880e+63
-2.766311869207918288e+63
-2.766113929686358323e+63
-2.763632052392430188e+63
-2.763502265771074580e+63
-2.760799378673774440e+63
-2.753464180497903320e+63
-2.759540682996806869e+63
-2.788244772678234683e+63
-2.835309702313584723e+63
-2.858345494856713041e+63
-2.829650141230730747e+63
-2.838105446044129624e+63
-2.866280994697343194e+63
-2.892366834056737404e+63
-2.862177856108567464e+63
-2.854509706926902829e+63
-2.826458337451775802e+63
-2.786090729644970259e+63
-2.750239640156836127e+63
-2.714808249832216095e+63
-2.696658987153506032e+63
-2.672158062050331471e+63
-2.638893233365894629e+63
-2.592099038176193841e+63
-2.549979533192327368e+63
-2.505298268599769628e+63
-2.478380020011164335e+63
-2.443452534519963171e+63
-2.411816077563238963e+63
-2.403423780179615502e+63
-2.393485137230141932e+63
-2.372713751819244438e+63
-2.983835637390167033e+63
-2.986727759616713521e+63
-2.989808577725424901e+63
-2.991721774632009165e+63
-2.994529120595782877e+63
-2.997712351818378197e+63
-3.000302830809983200e+63
-3.006399801028189928e+63
-3.009971698510119872e+63
-3.015656219668388855e+63
-3.021440365679798201e+63
-3.025528103785396108e+63
-3.032308195225718405e+63
-3.039231927395263292e+63
-3.038403941914115521e+63
-3.046525979679920821e+63
-3.053301067529902731e+63
-3.061453318726670344e+63
-3.072246952456045292e+63
-3.079088137789927107e+63
-3.087994208333057485e+63
-3.106349279354615530e+63
-3.122204039311221028e+63
-3.131446415343687944e+63
-3.093532617242496568e+63
-3.059868974231817443e+63
-3.039597517423671848e+63
-2.979393568306581342e+63
-2.929398675505348484e+63
-2.867413442579003056e+63
-2.797786985279600257e+63
-2.821030282283517518e+63
-2.763248098363285912e+63
-2.726472765333618119e+63
-2.754058783534209247e+63
-2.724905719627788629e+63
-2.686789235842597825e+63
-2.630192524081455030e+63
-2.574598580964141645e+63
-2.542728559863340021e+63
-2.516145651719087679e+63
-2.469551143367008169e+63
-2.419305055223360840e+63
-2.385191349207803756e+63
-2.366745587705511295e+63
-2.367514610809692316e+63
-2.348971592806670468e+63
-2.323287371519663369e+63
-2.687548922642892619e+63
-2.638544709274499572e+63
-2.611062107115416513e+63
-2.573428423378418619e+63
-2.549652227196736086e+63
-2.500612213818099817e+63
-2.486766396394744250e+63
-2.464070261849801804e+63
-2.504374133925507548e+63
-2.463004332753713478e+63
-2.445665814516733938e+63
-2.769222203452058039e+63
-2.768588794676910030e+63
-2.767899768930384561e+63
-2.767101310405034342e+63
-2.766136188893280169e+63
-2.765686906497220224e+63
-2.764493354636522229e+63
-2.762468726888043625e+63
-2.759459261554030503e+63
-2.760481628836038741e+63
-2.754369625988586881e+63
-2.745292082626585826e+63
-2.729190944289797688e+63
-2.764836750641679831e+63
-3.013024073427580511e+63
-2.814747073068533069e+63
-2.776266867516202361e+63
-2.848504342031639212e+63
-2.904029500151690611e+63
-2.936396331275476977e+63
-2.943288146879685992e+63
-2.893171573977999448e+63
-2.857178403574045690e+63
-2.897294580834775354e+63
-2.993095579100950124e+63
-2.996631747892753757e+63
-3.000443965883753053e+63
-3.002346647321299372e+63
-3.004556121766919685e+63
-3.008995759352092206e+63
-3.011210828849635567e+63
-3.012922992453954656e+63
-3.017240673196295120e+63
-3.022116413966738146e+63
-3.026762855113197306e+63
-3.029412541697355726e+63
-3.037393418670182045e+63
-3.047543492371379162e+63
-3.056410399255125137e+63
-3.068271313790119215e+63
-3.080235161033381632e+63
-3.087665701887855233e+63
-3.102833711199594163e+63
-3.119810681746813641e+63
-3.142665566117406400e+63
-3.160221061905851534e+63
-3.226326495976618005e+63
-3.160757463475330996e+63
-3.116110450435897033e+63
-3.104403308674222455e+63
-3.036825894373177616e+63
-2.957768565688482963e+63
-3.020644417271232753e+63
-3.062289073802079481e+63
-2.896049964416758517e+63
-2.649860659506505354e+63
-2.604107538960479266e+63
-2.581178899701805555e+63
-2.525106914822021956e+63
-2.468624739635547756e+63
-2.452569691846268508e+63
-2.428654991475854000e+63
-2.418919160154812487e+63
-2.410009123665624085e+63
-2.391938451760014505e+63
-2.522963414859319698e+63
-2.494405328442793143e+63
-2.454377059437257004e+63
-2.427449556442575033e+63
-2.382534843079316181e+63
-2.347981392821191470e+63
-2.322449301729043594e+63
-2.323652264470787355e+63
-2.311110499364613248e+63
-2.273696896065619130e+63
-2.272749593624164651e+63
-2.550500439720957592e+63
-2.764872478833777170e+63
-2.763165764205436102e+63
-2.760631872148837541e+63
-2.756477782025363676e+63
-2.749892965462141671e+63
-2.738666115835919448e+63
-2.727424893236294885e+63
-2.685206697004798077e+63
-2.577973104392350841e+63
-2.502581207071149981e+63
-2.702830646326851073e+63
-2.874940070630131788e+63
-2.976789501703637441e+63
-2.999189467881589296e+63
-3.013825790637738262e+63
-3.019073024049782725e+63
-3.024839854949108842e+63
-3.031193766382111801e+63
-3.034191141115810675e+63
-3.042372300527018544e+63
-3.049877463238612013e+63
-3.058689640674505760e+63
-3.069276742434089683e+63
-3.079454094064869759e+63
-3.095917567169802424e+63
-3.115146240546153384e+63
-3.141448902918416850e+63
-3.167565542916920413e+63
-3.205603379572300763e+63
-3.278146740326186746e+63
-3.411749750772182974e+63
-3.257042488032128401e+63
-3.151629438794484757e+63
-3.086419078186572236e+63
-3.066859567590415886e+63
-2.919932993787586458e+63
-2.449561743475620373e+63
-2.221680920557090295e+63
-3.179941900666965985e+63
-2.474255305824270567e+63
-2.499115772569793582e+63
-2.460645383182211476e+63
-2.411180459632700251e+63
-2.360373841372581008e+63
-2.331119303623671355e+63
-2.300860664531816076e+63
-2.265248867294835680e+63
-2.282379297081327989e+63
-2.247757697638548957e+63
-2.235085659475485793e+63
-2.221243612576752674e+63
-2.428100896801268469e+63
-2.404747199694067266e+63
-2.373059500518437931e+63
-2.360985061892751359e+63
-2.338113311780221361e+63
-2.432497756908770627e+63
-3.038199761988348033e+63
-3.045960808653513948e+63
-3.054666439963746951e+63
-3.064423798181968867e+63
-3.075480700694700922e+63
-3.088244949347684053e+63
-3.102746021869035447e+63
-3.111212013260168971e+63
-3.129267034671450121e+63
-3.148887969287860703e+63
-3.170849424227389806e+63
-3.189327121309384261e+63
-3.110572273608004755e+63
-4.278630198284886106e+63
-3.183158617631788545e+63
-3.604952434988234881e+63
-3.246266072034215662e+63
-3.203735580028233535e+63
-2.856550945994856657e+63
-2.298422972241732935e+63
-2.442732640192525816e+63
-2.389166423918030727e+63
-2.329039992401716050e+63
-2.303497834110556071e+63
-2.284611521161532955e+63
-2.250980923776261336e+63
-2.207006826529253162e+63
-2.233045033041367819e+63
-2.213019059259534214e+63
-2.195227864320570384e+63
-2.168854886210448926e+63
-2.383963469269328400e+63
-2.361910004246424281e+63
-2.329180633182239687e+63
-2.316670191361714775e+63
-2.319183679639700579e+63
-2.308210969248296758e+63
-2.284131720006245100e+63
-2.401166907041944731e+63
-3.119633341573542485e+63
-3.139695541307179016e+63
-3.164817647465095985e+63
-3.198669563642964868e+63
-3.306966276079660886e+63
-4.327687248830285697e+63
-3.426578917790002448e+63
-2.363160314921998816e+63
-2.334994828098062030e+63
-2.307177667414174604e+63
-2.281037206553215124e+63
-2.275944862222962203e+63
-2.259703034195472161e+63
-2.257884100924957437e+63
-2.229962496596489310e+63
-2.266599302359107804e+63
-2.243753396495926922e+63
-2.207667306663923591e+63
-2.160413761987973801e+63
-2.155625160909267733e+63
-2.174077053448365892e+63
-2.154004356216662655e+63
-2.115666658438953722e+63
-2.290552334392155460e+63
-2.272457763306777470e+63
-2.247595595679676787e+63
-2.236421369047000820e+63
-2.215868326446113976e+63
-2.204763670058317993e+63
-2.175519983980088492e+63
-2.208525856947430777e+63
-2.225965696796086443e+63
-2.254196995169390026e+63
-2.186519260215807594e+63
-2.144678034454216528e+63
-2.113955627669836976e+63
-2.106651465886984677e+63
-2.121026225055431179e+63
-2.116353491396968144e+63
-2.078818151517514437e+63
-2.061769603915699824e+63
-2.212884462311375395e+63
-2.206622860936612203e+63
-2.177908730581881863e+63
-2.160178049535437553e+63
-2.120767301078407086e+63
-2.154080201930388285e+63
-2.106456534720118039e+63
-2.089483134696093717e+63
-2.068515821982884512e+63
-2.045643056502262934e+63
-2.050118268109805585e+63
-2.081286894496354586e+63
-2.092336788408620818e+63
-2.185535239778446477e+63
-2.032016413457425541e+63
-2.007164043636509065e+63
-2.159961671287615433e+63
-2.149110235708324387e+63
-2.101304951544892449e+63
-2.063915238999581835e+63
-2.050877602556568329e+63
-2.016231338980069258e+63
-1.992353174194552961e+63
-2.003305686630383212e+63
-1.978003675196553073e+63
-1.979375880366364821e+63
-1.951893709267503225e+63
-2.159858253482351477e+63
-2.121336622033498522e+63
-2.121809080789406039e+63
-2.082305998487546654e+63
-2.065623785664388954e+63
-2.016532708164853577e+63
-2.115910866984765785e+63
-2.072798788150655209e+63
-2.073637606326246126e+63
-2.051847424140106079e+63
-2.016229087931136399e+63
-1.976209222192271871e+63
-1.957605282918070663e+63
-1.931589824770860746e+63
-1.962207044946664387e+63
-1.963555952426503345e+63
-1.926855954810220841e+63
-1.895980376000927226e+63
-2.113955618230034072e+63
-2.094198269206581918e+63
-2.053100939351995709e+63
-2.033825108423572820e+63
-2.010082810103787835e+63
-2.033413009890691625e+63
-2.015416249127345226e+63
-2.012891864079376387e+63
-1.980953483006542740e+63
-1.981779657697901338e+63
-1.954101208545305769e+63
-2.022184511858022890e+63
-1.995437913274209853e+63
-1.956719568375665398e+63
-1.925348415072731982e+63
-1.894195235520658334e+63
-1.890241242399461122e+63
-1.921539627680062852e+63
-1.864194953800245079e+63
-1.857310349092990968e+63
-1.839447236391310881e+63
-1.987995103145674586e+63
-1.973436877080302343e+63
-1.933041201171668156e+63
-1.897300485745611160e+63
-1.878229692065566860e+63
-1.834389318652417524e+63
-1.853343459341943980e+63
-1.844714089920602231e+63
-1.808263587847434665e+63
-1.799738908440930248e+63
-1.807433297921253968e+63
-1.782295620397411358e+63
-1.962201141511841592e+63
-1.964322033277427595e+63
-1.928632844129049676e+63
-1.897649909776912259e+63
-1.940112184085143120e+63
-1.896901462074386967e+63
-1.896015850747639239e+63
-1.865408859444064986e+63
-1.858427571685816169e+63
-1.840696125759201948e+63
-1.871370282089571218e+63
-1.839903347671438252e+63
-1.794522732079612400e+63
-1.776539820804121332e+63
-1.797388513053092215e+63
-1.768769786389224583e+63
-1.740197223556786426e+63
-1.758369293124526166e+63
-1.724532722625991817e+63
-1.923113697374840666e+63
-1.856158475093692081e+63
-1.820749944103691184e+63
-1.790124506770998913e+63
-1.750032097690327502e+63
-1.716035437844519584e+63
-1.756372513101499668e+63
-1.735528204031505839e+63
-1.686836249472942825e+63
-1.692562141934747453e+63
-1.666166637710187920e+63
-1.847374877885839583e+63
-1.806679266010512756e+63
-1.806245501302614135e+63
-1.810433508629764940e+63
-1.783230291461197537e+63
-1.805933085324382544e+63
-1.764005189929131427e+63
-1.758749225301586438e+63
-1.743135535468811850e+63
-1.760541657967961349e+63
-1.725233754572519404e+63
-1.739461941240478228e+63
-1.702191236855572350e+63
-1.667882618927927752e+63
-1.647850653909156684e+63
-1.684444647424335611e+63
-1.649644646460002270e+63
-1.608380053962058834e+63
-1.641127204408071704e+63
-1.636686985438025947e+63
-1.607196405353016726e+63
-1.720405850026561898e+63
-1.710480246626020959e+63
-1.688906260128164388e+63
-1.647455989444359293e+63
-1.625877952819316344e+63
-1.589108727658216394e+63
-1.578537639777209806e+63
-1.620489959681623433e+63
-1.708869711273138529e+63
-1.682503236696476290e+63
-1.693462062660940975e+63
-1.666687438048381079e+63
-1.588282333489603277e+63
-1.547620793321835411e+63
-1.548922675982667060e+63
-1.675574220874794223e+63
-1.648822286931913188e+63
-1.607198096329498146e+63
-1.641553380762401497e+63
-1.637767024049710215e+63
-1.607581813149424795e+63
-1.652369138541987327e+63
-1.602691848118092592e+63
-1.580905051062648532e+63
-1.528014399240032272e+63
-1.541287550293640505e+63
-1.533061456136488916e+63
-1.489943048568430126e+63
-1.491303379024140174e+63
-1.532569094471079249e+63
-1.487438944498742851e+63
-1.625012081370731527e+63
-1.583690015121159730e+63
-1.584076395688058907e+63
-1.549169118228912010e+63
-1.588620995290518721e+63
-1.547906290763678163e+63
-1.558994423015717535e+63
-1.522617711341485771e+63
-1.470913460435154981e+63
-1.487750542268339107e+63
-1.425588963898291989e+63
-1.437806815599374582e+63
-1.447829732963134508e+63
-1.426648844255103219e+63
-1.541548222026308153e+63
-1.517870358633205818e+63
-1.473136004943867894e+63
-1.433337898224895637e+63
-1.402301935277653712e+63
-1.445814831047229183e+63
-1.533642763252450860e+63
-1.493152461085248591e+63
-1.490695989552125620e+63
-1.532826556044059450e+63
-1.487650108097658859e+63
-1.370675787643990294e+63
-1.371863544846391158e+63
-1.395950306361745352e+63
-1.365245633083462968e+63
-1.493179691408137727e+63
-1.452299478836360287e+63
-1.445998565327409666e+63
-1.433100622752089523e+63
-1.446865823969464390e+63
-1.426803332012071388e+63
-1.427018849314483831e+63
-1.387460770089801124e+63
-1.349551530958716621e+63
-1.330822780384193221e+63
-1.329930139256690306e+63
-1.303130725839348314e+63
-1.334793121983765451e+63
-1.303225930742794131e+63
-1.408389623130228725e+63
-1.399108704173794199e+63
-1.369952242641286547e+63
-1.331541433679511099e+63
-1.295629991616082163e+63
-1.262922354134830066e+63
-1.270935272297650177e+63
-1.238509157654101871e+63
-1.273939971116144135e+63
-1.240584974954848590e+63
-1.397693607989260709e+63
-1.368504271945354262e+63
-1.396078087102585350e+63
-1.365359080002208260e+63
-1.365317348974128853e+63
-1.335982723380473170e+63
-1.299995617545512748e+63
-1.334886596428546829e+63
-1.303308883192845063e+63
-1.347962630431497174e+63
-1.311952555932851894e+63
-1.267578905750241882e+63
-1.247802037673635396e+63
-1.211533303855281620e+63
-1.228681535801263065e+63
-1.223691161072886569e+63
-1.178198370468564185e+63
-1.178536216221822259e+63
-1.177317339348737445e+63
-1.223856999974551387e+63
-1.312808444415357348e+63
-1.270608095737340616e+63
-1.209531288214812885e+63
-1.209129416328417216e+63
-1.158059949232473683e+63
-1.174850798895502785e+63
-1.112502164008086889e+63
-1.123032353978680813e+63
-1.133927650931109618e+63
-1.113417972916589923e+63
-1.270982833833824437e+63
-1.238560263211054575e+63
-1.274008761008792084e+63
-1.240645287307460427e+63
-1.230272772414822738e+63
-1.180113634846182572e+63
-1.139518652650964745e+63
-1.160703617507886573e+63
-1.123201297907050908e+63
-1.090211773662391361e+63
-1.133048444444621450e+63
-1.055562861065082240e+63
-1.059047342817286936e+63
-1.077334102873091901e+63
-1.048880921092720087e+63
-1.222415693358140784e+63
-1.180674480383985353e+63
-1.178287122485235240e+63
-1.177361330284165254e+63
-1.223910924171286512e+63
-1.131585878475061511e+63
-1.118708396150701759e+63
-1.129811030516698588e+63
-1.113449710214549478e+63
-1.114066677902606602e+63
-1.088745241296749093e+63
-1.076260993442647005e+63
-1.041860213377151597e+63
-1.020667320094930793e+63
-1.016293030237058616e+63
-9.859832630284746394e+62
-1.017616276763439128e+63
-9.837004771903126873e+62
-1.076602401964985099e+63
-1.043088918140975101e+63
-1.027869951712356283e+63
-1.063236629903627463e+63
-1.021481841413469715e+63
-1.000679116532763958e+63
-9.574090221605146623e+62
-9.581621762258699346e+62
-9.236361809118687802e+62
-9.581317737241871777e+62
-9.178705046814078911e+62
-1.077359634638417506e+63
-1.048903950040609361e+63
-1.050607632014082575e+63
-1.023265915685899665e+63
-9.876790578355584278e+62
-1.017635104125334289e+63
-9.837171241908938174e+62
-9.989612565718929516e+62
-9.600855613601794600e+62
-9.660632082494156465e+62
-9.584696086380842655e+62
-8.990252010570629980e+62
-9.103073667861280432e+62
-8.760210796985636137e+62
-8.626774107320939861e+62
-8.513847156909602482e+62
-9.048661334375832963e+62
-9.527728297115737823e+62
-9.236471335323496847e+62
-9.581459280843038833e+62
-9.178826017224378188e+62
-8.994094122326167719e+62
-9.038163092793847020e+62
-8.369464605674575821e+62
-8.609194427548622706e+62
-8.022575115152103678e+62
-8.087176975494385458e+62
-8.133486601388274287e+62
-7.842368284052122407e+62
-9.105960037415014831e+62
-8.782369147645983017e+62
-8.624751358187305289e+62
-8.262339923373101069e+62
-8.025245217042664678e+62
-7.666412548926679428e+62
-7.714578022116070259e+62
-8.178952978907821746e+62
-8.629504205511035143e+62
-8.513936474809196574e+62
-9.049149671883480855e+62
-8.541844413688366847e+62
-7.405916694949842628e+62
-7.460538502124449154e+62
-7.597266451229096448e+62
-7.164204765437379365e+62
-8.103093827549214410e+62
-8.154266174825546791e+62
-7.578710944331901380e+62
-7.503923317046564041e+62
-7.107582037816680302e+62
-7.241157116976411440e+62
-7.032059377187555349e+62
-7.054515872136046541e+62
-6.791130891400308304e+62
-6.848262236000428243e+62
-6.479290304069014366e+62
-8.137787447745372165e+62
-7.842434397689828732e+62
-7.504252759998875357e+62
-7.115178255335170966e+62
-6.854965870884600573e+62
-7.141665482258420242e+62
-6.476755757214555861e+62
-6.623100856602296725e+62
-6.428012701923153969e+62
-6.448671334358885150e+62
-6.198287287170064863e+62
-6.133424872716974375e+62
-5.787558118706138940e+62
-7.599965939055078708e+62
-7.164253200371916728e+62
-6.848303450573345646e+62
-6.479328186489508060e+62
-6.793942730486481988e+62
-6.422363895640894166e+62
-6.453168233501329290e+62
-5.837341794056464402e+62
-5.915154697626435575e+62
-5.932255063622886870e+62
-5.985862962747979723e+62
-5.639822197538240157e+62
-5.509700488069378963e+62
-5.088939650271994082e+62
-6.141846398710648243e+62
-6.198318489065188630e+62
-5.675295431787109902e+62
-5.978147118457990120e+62
-5.502554145613518178e+62
-5.101873954830555845e+62
-5.416324789627061867e+62
-5.242653987626608009e+62
-5.480552990202714695e+62
-4.886522341635132861e+62
-4.919884575344844325e+62
-4.816454324657072666e+62
-4.383368103767623691e+62
-5.787589205275505780e+62
-5.514864081607644210e+62
-5.088966945619779130e+62
-4.968823004877810946e+62
-5.063019402423616663e+62
-4.558799542998914873e+62
-4.892344029089539017e+62
-4.478175217301923484e+62
-4.584242286989891347e+62
-4.368030007518775677e+62
-4.415002992480448119e+62
-4.308307763074187807e+62
-3.670770677811625989e+62
-5.048492848606350731e+62
-4.817891884376804334e+62
-4.383387902063892750e+62
-4.276148271847297510e+62
-3.979389271487447996e+62
-3.868943756190963113e+62
-4.341619668207825721e+62
-3.909836000468739629e+62
-3.896931475981455705e+62
-3.946204468428941676e+62
-3.678629500006172747e+62
-3.160144914100576553e+62
-2.951082603161766452e+62
-4.569237694938206452e+62
-3.670787505638858072e+62
-3.592341914830136930e+62
-3.369019950831804985e+62
-3.194751955879966216e+62
-3.331717783072599092e+62
-3.310239026780716956e+62
-3.154932517249857473e+62
-3.389606616725175478e+62
-2.923475953882736907e+62
-2.615394994650860288e+62
-2.224231133846202744e+62
-3.153408856903193531e+62
-2.920832095877605268e+62
-2.757741563128120736e+62
-2.635768495079971741e+62
-2.650527674177416528e+62
-2.606060610982126921e+62
-2.737465735680881812e+62
-2.362063968740417616e+62
-2.033480592923478428e+62
-1.450371121328996405e+62
-1.490149857177222716e+62
-2.951095271445885006e+62
-2.608574323033766352e+62
-2.224242431759271241e+62
-2.374963309645971905e+62
-2.114837908041892370e+62
-1.931328161552257666e+62
-2.001589982693359896e+62
-2.048293568639400380e+62
-1.814274823437265800e+62
-1.208743809139089570e+62
-7.052381949101326320e+61
-7.487627191937246901e+61
-2.029183160231091004e+62
-1.455706340899697989e+62
-1.490157789732887819e+62
-1.818610744565215954e+62
-1.561929016365072039e+62
-1.257773834158536313e+62
-1.349368688179057745e+62
-1.456002006735813801e+62
-1.349647919172909131e+62
-6.531479987800004184e+61
-4.601535362462555844e+61
0.000000000000000000e+00
-3.671015285706579328e+61
0.000000000000000000e+00
-1.200409982498680670e+62
-1.003500644012625893e+62
-5.512673332802988069e+61
-6.771938667742632391e+61
-1.003587543715460087e+62
-9.705548720482898705e+61
-4.937497811795883923e+61
0.000000000000000000e+00
-7.487683147645262167e+61
-6.985779419459886592e+61
-5.880714084287681683e+61
0.000000000000000000e+00
0.000000000000000000e+00
0.000000000000000000e+00
0.000000000000000000e+00
-5.326499870602364632e+61
-4.974123497780562882e+61
0.000000000000000000e+00
-3.618372582668118600e+61
0.000000000000000000e+00
0.000000000000000000e+00
