0.000000000000000000e+00
0.000000000000000000e+00
1.052459048162099187e-07
0.000000000000000000e+00
0.000000000000000000e+00
-9.344685936938522606e-08
-1.663172716142644377e-18
8.777775824915716514e-19
-1.711748517220425692e-04
-6.730216041309890475e-18
-2.485526577964891412e-18
2.922680785917972286e-04
0.000000000000000000e+00
0.000000000000000000e+00
-1.741495892340351600e-18
1.292854850329054800e-18
2.526192357502617351e-07
4.121763625141912057e-08
2.116640339124120748e-04
9.614877136648248461e-04
2.302640691525039298e-07
1.295925603133335343e-07
6.368164438010629662e-05
7.472785899481633291e-04
0.000000000000000000e+00
0.000000000000000000e+00
2.234193251684174357e-18
-8.883934575911874093e-19
2.753348610630406079e-07
-3.548708717321268767e-07
-1.534685083381314102e-04
6.164488039341978762e-04
3.562647825149178642e-07
-1.138286521875853736e-07
-8.493446346989416023e-05
8.228750447805054059e-04
4.295877102084601836e-07
5.643350901691943675e-07
8.245884589764432155e-08
4.228469732782006379e-05
1.515317531627684983e-03
4.479323579584939483e-07
-3.042731476483652256e-07
3.852654972622583391e-05
1.045139228695045157e-03
9.840704039015299911e-08
-7.445465719730710212e-05
5.708538345696031677e-04
5.462725622021278528e-07
3.135537064759780899e-07
-3.476867212858721664e-04
-7.233029039249432458e-04
3.561502309401767765e-07
2.124653584582663894e-07
0.000000000000000000e+00
0.000000000000000000e+00
4.096259431175757399e-07
1.500691751942810160e-19
-1.747159512040939624e-04
-1.860334099721012509e-18
-2.536443070368611858e-04
2.936648757123138916e-07
-7.256630728391800893e-04
2.899007841430603790e-04
6.807084001039427795e-07
9.823018128307293729e-07
9.174762294432925353e-07
5.240060344093157064e-07
7.083209595360788578e-07
-8.186335712532208408e-05
-8.889287873487727518e-04
-4.280107580048676309e-04
-2.723994899796578048e-04
3.313916418130692837e-07
-7.114961915317413602e-04
8.592085392853098533e-05
1.097405238164150342e-06
8.052162501922979814e-07
-2.093989347791036407e-04
-2.055648713973189361e-03
7.098874726294127668e-07
6.723795015367900633e-07
-4.542822898318255574e-04
-3.505755331448189797e-04
6.932499785307577436e-07
0.000000000000000000e+00
0.000000000000000000e+00
2.486595067831941410e-18
-8.032406171548947145e-18
9.532098924044423792e-07
1.240501057801285650e-03
-3.145952299531101890e-04
5.626192517308725174e-07
7.484019047275264744e-07
-7.142918969076974945e-08
2.588217059030170357e-07
5.380205716206085424e-04
-2.616209598467285260e-04
1.663566656923468100e-03
-2.962230884006843010e-05
1.344928068401885363e-06
1.238496415274008910e-06
9.618235794455163863e-07
1.020540537035555468e-03
-1.783602207918022335e-04
1.066209822469973166e-06
6.632015870839995120e-07
-4.362042741356788244e-05
-1.187123542667768548e-04
6.153685876363227485e-07
2.394375148716555733e-07
-1.484906679345714044e-04
-6.166149035618491501e-05
1.161089864746538695e-06
-7.574015966146163204e-04
2.763631855315537805e-04
1.762509299272121639e-06
1.948310395510054611e-06
1.360586937244758524e-06
1.280329027516721645e-06
1.639428132501152241e-06
1.852760328176652907e-03
2.638462820511572153e-03
-9.125784118687092121e-04
-2.529464445783293890e-03
1.509026532614374358e-06
-5.958257527175314476e-04
2.737920244187872203e-04
1.848471225901225564e-06
1.601679506110473889e-06
1.378398976177064931e-06
1.773077302405831113e-06
1.675835637569214956e-03
-5.569738797829106892e-04
8.259111827760325640e-05
5.675291202417743217e-04
2.336617867199077214e-06
2.111655304747181854e-06
9.194228745463536639e-05
1.062388851646084431e-03
6.904764351370207724e-07
1.359970038470624264e-06
8.728356399387633684e-07
1.402192300932904634e-06
-9.429233659966073950e-04
9.638310372911281204e-05
1.831795394168287631e-03
1.908538650160578141e-03
2.628300599608248482e-06
2.159931507088400917e-06
2.684258291916265474e-06
2.121636953525645191e-06
1.122563339570791576e-04
-5.301488730399490706e-04
-1.829977164428840978e-03
-1.785922811613701059e-03
1.912896998806110508e-06
1.790099267996048075e-06
1.987424684651353926e-06
1.891322153126704058e-06
9.182231312521191931e-05
1.043108346210841410e-04
-7.698251593241390016e-05
3.587075833301530542e-04
1.238822965571707939e-06
1.561542589521589562e-06
4.568676719598529015e-04
7.148781282632083855e-04
8.584276936469424706e-07
1.434447126393542771e-06
2.595775236271609843e-04
5.891022401577117361e-05
2.602682593183394431e-06
2.508628453819756989e-06
-8.209472839715514997e-05
-1.627075547539514342e-03
3.005588919691084234e-06
2.893343491396209618e-06
3.845886737408356348e-04
-1.153744779067167065e-03
2.364608614436867299e-06
2.432677284684844551e-06
1.865733167352507073e-06
2.404239139114988946e-06
2.416633331135535616e-06
-6.873409208885516552e-04
-7.560965828320819057e-04
9.455046677026283279e-04
-7.079951134663377797e-04
2.357323810435232255e-06
-1.638747836071794989e-03
-4.942136153721388451e-04
1.326511428083523672e-06
1.111466691211624459e-06
1.880167853632692717e-06
-1.300082303204137346e-04
2.428905803512085727e-03
1.873439497115613381e-06
5.795808964058672902e-04
7.228826205820419130e-04
2.865392245024847978e-06
3.598533114948868320e-06
3.757756528822188735e-06
-3.098077893958385695e-04
-8.474569812184131736e-04
2.870854792359543278e-06
6.231899903422005119e-05
1.079705473350499616e-04
2.777256761779895665e-06
2.898431207214977258e-06
3.138949153868567521e-06
-1.120323570133588235e-03
2.446322788427461462e-04
2.505504612368124526e-06
3.045965709078130904e-06
-1.698216933742909386e-04
-9.449512753949995629e-06
1.474198766016368253e-06
2.350594190033794801e-06
-4.210456038691227747e-04
5.540840228651541495e-04
2.833823092969305323e-06
-1.317239080233057011e-04
-4.007622716271019782e-04
3.387328060430071968e-06
4.076135501778577182e-06
4.514944855958767119e-06
3.687242718353707182e-06
-1.050244421883361480e-04
4.635225088270173701e-04
-4.515057170981482716e-04
-9.020804674708833831e-04
3.585537135778139887e-06
3.825167270404487339e-06
-4.318532503232377245e-04
6.697515701788513229e-05
3.425191778811673847e-06
3.224821812633627181e-06
4.039627327240085521e-06
1.395311538670350286e-03
7.443799613235292266e-04
3.722554619309802265e-06
-1.587894752847451006e-04
9.025088410932433655e-05
2.447162772836986820e-06
3.368426882221123152e-06
7.841042485800186427e-04
4.325849043503246109e-05
1.882233947333980814e-06
3.209390631427853421e-06
-1.061230271508672480e-04
-1.966129955407812353e-05
3.995057755250429788e-06
4.615659861850093805e-06
4.926283443998841507e-06
4.291059774008878883e-06
-7.551510442178392636e-04
2.697572827179265699e-04
-4.009636625003823560e-04
3.034300581325993611e-04
4.062606741097035741e-06
3.828928322000836785e-06
3.235885948053501637e-06
4.772390161000153765e-06
4.437217740835286326e-06
1.049889870367177666e-03
-3.515640374821845217e-04
1.852373351939154509e-03
1.737949636371855465e-04
4.210587944388594436e-06
3.443573795932329822e-04
-7.024150269170432092e-04
2.644927526853229820e-06
2.450438412991938130e-06
4.170862690031810459e-06
2.989047703289396981e-04
2.290128646519582010e-03
3.995381361820688893e-06
1.185970286956218502e-03
1.276122716276343336e-03
4.554789660111124127e-06
4.659722463003519739e-06
1.124948537440533230e-03
-2.000849731967442244e-03
5.310698455086648759e-06
5.349541948147161284e-06
6.067624260142249299e-04
-2.014559032974996399e-03
4.336984049133847503e-06
3.910612274452872663e-06
5.138592261511719715e-06
-1.621237822492846382e-03
1.337852715788202037e-04
3.547804352475850672e-06
5.292467325845460531e-06
1.147982613620761408e-04
-4.986950086096266920e-05
2.935909418972985677e-06
4.783121072871193916e-06
2.267174516042311748e-04
1.530475788854384917e-03
4.644399549051661290e-06
2.039859137536903131e-04
-1.241942357681140351e-03
4.892369709260058673e-06
5.947013289287655154e-06
6.069552848600912634e-06
5.180421422590786402e-06
4.327054671743959277e-04
1.150155082311089946e-03
-1.024199593261523617e-03
-8.497808670936964981e-04
4.510986770930678892e-06
5.654166312379448514e-06
-4.533824922769553686e-04
-5.992194894888214479e-04
4.014268490069004903e-06
3.996599985828642418e-06
6.099823160966183137e-06
5.758725795298200593e-06
-2.596370582285098040e-04
-1.776857572555599679e-03
1.179113826908246817e-03
-5.988375002874275462e-04
3.596082244276273069e-06
5.545091019879877704e-06
-7.999799264681779786e-05
1.284871006810196217e-03
3.348022545933316282e-06
5.291316990564202362e-06
6.359675194913428243e-04
1.063948779016390565e-03
5.443040615501956669e-06
6.504190187593512175e-06
7.046086497124814338e-06
6.101191545142754123e-06
4.981657969908688749e-04
5.334591691384513081e-04
-1.103327131183645844e-03
-1.326760589277830703e-03
4.811649167583227890e-06
4.430810388758761089e-06
6.566211071471400040e-06
-2.158272072998779906e-03
3.030860085079728548e-04
6.315889772348516489e-06
-4.926706349111710124e-04
-6.722367992516141031e-04
4.233197159466366963e-06
6.422095696776725347e-06
9.355221379599770390e-04
2.032766286839821621e-04
3.636459314647724234e-06
6.009407693391148240e-06
1.411727442118964043e-03
-1.647128687326422918e-04
3.843795025218200347e-06
5.866822404979459613e-06
6.286499184667886314e-04
8.169252116890581309e-04
4.465657383324638469e-06
6.692811279493212510e-06
-5.782916686930356055e-04
-2.528565944220866730e-04
5.947885130646633741e-06
7.125810846738367288e-06
1.287913963400173520e-05
-1.532844333767568491e-04
6.865691939181718905e-06
7.841121477103482084e-06
6.679453708765492820e-04
1.009421239918564545e-03
5.269088395955134279e-06
5.052265809300495798e-06
4.770212071019433410e-06
3.853789310009342594e-06
6.811992202393654798e-06
7.263315135489813676e-06
1.457891169586992674e-03
1.467380801518074088e-04
-1.853526726508513431e-04
-2.005495747065307445e-04
7.321121560001488609e-06
-1.195514442037188488e-03
-2.565760210350279992e-04
7.107865498582370886e-06
-6.841661677362910520e-04
2.206969490162577388e-04
6.142057791730074548e-06
7.207261114821725915e-06
8.618522946637536034e-06
7.805671099414431997e-06
6.901876884852004750e-04
6.223551405378222653e-04
-4.132425451593519858e-04
2.281520931411910492e-05
5.906218603910590195e-06
8.065497650303227477e-06
2.158515704609569594e-05
-3.450382759276368985e-04
5.440039431354988968e-06
5.320694808894072450e-06
8.321920555116591568e-06
7.963040509684728008e-06
-6.390615844975481409e-07
-2.673484708454967494e-04
1.804049953122829203e-03
-1.620428325043386504e-04
4.590192941602186452e-06
7.679398537225994104e-06
2.094476445720078585e-04
8.170064512858065797e-04
4.122176265044187890e-06
7.552824834199433070e-06
2.067838890045275611e-04
1.347741693472534995e-03
6.717000760044935546e-06
7.560126003202665584e-06
9.321884445035471902e-06
8.587371604272312677e-06
7.679079710378944800e-04
6.319994761457015933e-04
-1.199328304459076596e-03
-1.479351850711983557e-03
6.304890721686573660e-06
5.983523403609192716e-06
8.849047718719005597e-06
-5.596791213463727212e-04
4.741648308448074048e-04
8.659521201725253316e-06
-3.709620240263780043e-05
-8.048626400207117143e-04
5.266015994631647988e-06
8.731705557336115714e-06
-7.929661740112854804e-05
1.217326739372408912e-03
4.378934543227630958e-06
8.234172733470528451e-06
6.291684618752629073e-04
2.446537105978722690e-04
4.730549242293369406e-06
8.089697031683402859e-06
-2.512007831628775196e-04
1.563240900289643428e-03
5.840358734194605437e-06
9.023358689049006194e-06
-1.128515672125484086e-04
2.804493129869888631e-04
7.136503115059166690e-06
9.349901119367800740e-06
-3.405344887634450027e-04
-7.403116743360841582e-04
7.924114615982858327e-06
1.006910719142153888e-05
5.439341390090887858e-04
2.608537411805013774e-04
6.649904213589556523e-06
6.472414414876894297e-06
5.977469011390495187e-06
4.700806825970597731e-06
9.127117849214959265e-06
9.675552600906001008e-06
1.149244028757600905e-03
-9.041936122755216999e-04
6.662190889660549132e-04
1.022509331649566755e-03
9.628993778956028014e-06
-7.029487482281666054e-05
-7.540541105949618867e-04
9.329498927119621613e-06
-4.168815502321037174e-04
-3.714495009694404517e-04
7.305089272151142648e-06
8.216295999636416509e-06
1.085292122344383712e-05
1.004865572175995523e-05
1.193695809022122991e-03
-1.939448493198180459e-04
-4.166325122608358598e-04
-1.049072254076315394e-03
7.155773894039095351e-06
1.034705089172057712e-05
-1.103875807614379999e-05
-8.717280080577804622e-04
6.669951422443501214e-06
1.033009184307424048e-05
-7.086855037511290492e-04
1.152291266566500024e-04
6.394378590869424874e-06
1.078831545417045782e-05
-1.255729879408395630e-03
8.089162151369576380e-04
5.686946942504829893e-06
1.017542335468125572e-05
-2.146124106276498140e-04
9.408317510738412959e-04
5.162349415647350755e-06
1.002438841540952191e-05
5.032379514630860732e-04
4.170589787596750775e-04
7.818654536758311784e-06
8.589479863520298455e-06
1.145817683398150702e-05
1.079881399228546174e-05
6.587519690285940834e-04
-1.167610838446325332e-04
-1.083374494908580303e-04
-9.379821283085749929e-04
7.415224726455654466e-06
1.089849535410591365e-05
3.821345950942962259e-04
-1.518870555125340408e-04
7.059230176197665606e-06
1.123312802652809528e-05
5.847434823056159726e-05
2.909982508089019077e-04
6.771859780463707042e-06
1.145470856155583978e-05
5.131556757844705401e-04
-3.678624471665394697e-05
6.339596051831517433e-06
1.124402601728189350e-05
-8.088961770285982712e-05
-5.760043773448843664e-04
5.679379420544882410e-06
1.074768855786649133e-05
-2.622751811888820051e-04
-3.287126083156648149e-04
5.853760218255526201e-06
1.064267539026410367e-05
1.400540303472106905e-04
-4.369153331102340718e-05
8.170406762922138847e-06
9.114606912249538054e-06
1.235221176900583426e-05
-7.885376146479582517e-04
-2.331602520669409661e-04
1.149930004885531727e-05
-2.319936903717777297e-04
4.288318130445702554e-05
7.670297749523722432e-06
7.398062712204288039e-06
6.904331384023608962e-06
6.118625017457176471e-06
1.146993290867638759e-05
1.195904600757095939e-05
-9.658156416917627364e-04
9.719377256348219526e-04
5.649212376027678856e-04
1.393716498265624212e-03
1.200130372741239435e-05
1.031197926247670116e-03
-1.792804710564845679e-04
1.157296829463061556e-05
7.439649972451149989e-04
-3.193679428952714435e-04
8.386120241231804226e-06
9.560964462408459263e-06
1.339574801748567295e-05
1.239476048747300843e-05
-2.360469872336462419e-04
2.088768135810463477e-04
-7.559115412794015698e-04
-1.156753078795595864e-03
8.184593242661136536e-06
1.281170475065756116e-05
3.951202894835713895e-04
-4.248838041763871340e-04
7.690528326149480927e-06
7.582760642131040879e-06
1.277964550782729413e-05
1.265070412170716566e-05
4.574714926072085894e-04
3.335728863731085613e-04
5.524938530842210321e-04
7.679325103080357701e-04
6.798346776557573039e-06
1.210563685523829763e-05
5.579204876223751476e-04
1.162808567803710934e-03
6.371943256437360518e-06
1.197160241442585295e-05
-5.709903874618200677e-04
1.042468657114447661e-03
9.032735858951213963e-06
1.347406612314137776e-05
-2.308083944388967092e-04
-1.054725283349859264e-03
9.926992483543435098e-06
1.425457079852863074e-05
6.055984028509333282e-04
-1.063783977872777764e-03
8.635722580713304578e-06
8.413315402311876846e-06
1.352800606960113230e-05
-3.480399795570789166e-04
7.115547211931585623e-06
1.350842045146720123e-05
-2.133001305202067378e-04
1.212525807135470435e-04
7.476252869606523790e-06
8.164071046898187494e-06
1.365722535972365461e-05
-1.149508536300265169e-04
9.040990966004371814e-04
1.333821357397483036e-05
5.774474107760471046e-04
1.190957177947217374e-03
6.976091970334473293e-06
1.256079316613767850e-05
2.058651681815738802e-05
9.344666569270116026e-04
6.578955313493437378e-06
1.292522986469947161e-05
-5.327016902997923787e-04
7.852265865479318404e-04
9.463604697062549893e-06
1.020546430544316463e-05
1.487694536692163649e-05
3.000468288580939152e-04
-7.544898995450353626e-04
1.428659686203995241e-05
-4.080166663716980877e-04
-8.533158111583031766e-04
9.088951424202507478e-06
8.958555104791417464e-06
8.115637079193125414e-06
1.437885538627092628e-05
3.325517233854609019e-04
3.864331878130059699e-04
1.433217546511041076e-05
-1.410237032425322142e-03
1.698435781289876962e-04
1.413218586159363228e-05
-7.741564954157606265e-04
-7.395280071447960782e-04
7.313763367524747880e-06
6.964237757090846633e-06
1.394347383502778570e-05
1.383425846691093115e-05
-1.261293812533208821e-03
5.205190202558916852e-04
7.424372121462298165e-04
6.382152159382005084e-04
9.637635563514509199e-06
1.049474360007629083e-05
1.524314227549992895e-05
1.467019369484118583e-05
-3.818289453856436476e-04
-4.559679621591537758e-04
-8.999918293939823634e-04
-4.171279840487955126e-04
9.456981027958918524e-06
1.487814827623909295e-05
-8.190860287966881354e-04
-3.366026432229681344e-04
8.972808374210929812e-06
8.489226375918427272e-06
1.521466381255103454e-05
1.494591925000095172e-05
2.788841624771980590e-04
-1.226043636594547920e-03
3.270152320483830032e-04
-6.102067238747900302e-05
7.696038644973506490e-06
1.465668725326235578e-05
7.087235207619704087e-04
9.644017572225313528e-04
7.460868046321656874e-06
1.456586375167649479e-05
-1.691265294064118931e-03
1.989621246618951834e-03
9.990835802306356761e-06
1.527373863420896318e-05
-2.036766915455888525e-04
-8.345862099932365667e-04
1.081835537315335304e-05
1.597935799333216337e-05
-9.010652432476085180e-04
-1.064760959264249296e-03
9.590575450559363419e-06
9.306713000667355995e-06
1.576880389867238075e-05
-1.242871437359223700e-03
-2.412996407098621403e-04
1.555214648504049378e-05
-4.297360116511563378e-04
-6.355709029307402827e-04
8.159609787093553745e-06
7.824534264851504430e-06
1.505286660968696978e-05
-1.062512949069264415e-03
9.095469846659981613e-04
1.521266595620677156e-05
3.496372090072244780e-04
1.560486017493458322e-03
8.866861920006642968e-06
1.566628877985833183e-05
-3.291663598327661624e-04
4.452990094076828779e-04
1.018274693767300859e-05
1.099266336425004190e-05
1.698132705306138631e-05
9.511344404826850129e-05
-5.315373137987925095e-04
1.627059801240535069e-05
8.422620134565455370e-04
-1.286500414210259508e-03
9.805206082459050763e-06
9.714171840880980773e-06
8.712835242346273398e-06
8.151029322881959326e-06
1.570724565558436915e-05
1.585196073438057792e-05
-9.808612271854629059e-04
6.801757558440362167e-04
-5.350350052398372127e-04
-3.097604507701339090e-04
1.638158385288368774e-05
-1.065843311178426905e-03
6.802372379552546616e-04
1.623997798436364662e-05
-3.050947851838835723e-04
-3.884649552396426887e-04
1.032820819081535298e-05
1.129148808524685853e-05
1.774616140603539030e-05
1.692906721829762592e-05
3.774178854229822018e-05
1.189785172101799670e-03
8.005221713355763864e-04
5.297277101441724353e-04
1.030781566283808666e-05
1.717381569510619641e-05
3.679437599196512098e-04
3.404475119140071304e-04
1.011773928850503400e-05
1.706940627576456878e-05
-5.620970061177993100e-04
8.825769295690349340e-05
9.429278720206754358e-06
1.653585258365130226e-05
9.100967733031882978e-04
4.763718417971361850e-04
8.868694733671350430e-06
1.635418298601028886e-05
1.315702798519129916e-03
1.361186941982670375e-03
8.528010778503066684e-06
1.628667649595010524e-05
-6.247078048272707539e-05
2.234615435127881335e-03
1.081959876945254409e-05
1.777813342929374861e-05
1.547444866682162702e-03
-3.980955159475754106e-04
1.155829045081511402e-05
1.842159842698931326e-05
-4.393095523922484571e-04
-1.133511799545814562e-03
1.066468197999868286e-05
1.050601119932892528e-05
9.754622665848003765e-06
9.360328526988996001e-06
1.713429404764904546e-05
1.085846145384184846e-03
1.809064272505043905e-03
9.007530766113719842e-06
1.705691931004225600e-05
-9.611423537901267597e-04
1.500872686822904423e-03
1.773028825195518396e-05
1.773510926527361608e-05
1.711568978557468897e-05
7.429671980277564956e-04
9.283714030226936607e-04
-1.119544493565362070e-03
-4.181433839846017625e-04
4.423577734287165186e-04
-1.196297805051834686e-03
1.119055755163669002e-05
1.190265837040104041e-05
1.888035163840642738e-05
6.910042867638536296e-05
-1.495675114523901559e-03
1.830774178754824221e-05
2.049747114182902917e-03
-1.915871309614288831e-03
1.092060086852701487e-05
1.078628691186261160e-05
9.932083898938598890e-06
9.519415959734394344e-06
1.763739524100604517e-05
1.793437577514018954e-05
-1.113753012324576784e-03
1.031366770759795755e-03
-6.114146700791823650e-04
2.876100608009593117e-04
1.823439312053005447e-05
-2.068831202360495690e-03
7.520635309997747214e-04
1.013326167010605881e-05
1.767624650142103580e-05
-2.764738899241159058e-04
1.028019335946191680e-03
1.813040312178461496e-05
8.142902408723477954e-05
-1.141041279232224556e-03
1.141688464711869453e-05
1.236167529085489732e-05
1.953226168095290282e-05
1.865629460322840456e-05
-4.091813348075155313e-04
1.356314569372528249e-03
-8.371371542270867813e-04
-4.445893292929135833e-04
1.133863687652750046e-05
1.885522296996416586e-05
-7.603618056650409546e-04
7.435234848280613813e-05
1.105668080398942541e-05
1.882556769404653994e-05
-1.615269738986852737e-03
-6.459353299908404678e-05
1.045749735061439382e-05
1.841355180210484791e-05
2.000795082303290576e-04
3.353596720827968850e-04
1.015558017199504939e-05
1.825585807397408857e-05
1.471347795256225692e-03
4.550256028107582478e-04
1.000978064243069947e-05
1.806410589743823376e-05
1.180450502248187419e-04
2.072801470024196848e-04
1.200060992209786716e-05
1.944863534205144804e-05
5.491596182538758478e-04
-8.447532678193301432e-04
1.269968928515004990e-05
2.004989327106595923e-05
9.084259650705667861e-04
-2.971916783973379810e-05
1.164641146927901857e-05
1.937304704953296642e-05
-8.154485489589035924e-04
-5.947710402232971472e-04
1.129150033184713612e-05
1.068340496771816703e-05
1.069237226807333706e-05
1.893137431450579505e-05
1.355885014431020864e-03
-1.910530243640826120e-05
1.892600056254347906e-05
3.312508540472505108e-04
4.825490369016065847e-04
1.943982754988554974e-05
-1.563717721690753007e-03
2.559252785894918620e-04
1.051348149975364854e-05
1.873346562551273404e-05
4.166749940883295185e-04
-1.488808676640573805e-04
1.237628193769031957e-05
1.997073244655319407e-05
9.214130529126088060e-04
5.671330706545541942e-04
1.300849008458108332e-05
2.046652862667498946e-05
6.335246067898862420e-04
4.103303328784430005e-04
1.179459673837787107e-05
1.146818002281154428e-05
1.102157789128888060e-05
1.988578559575036509e-05
1.955901055499577470e-05
-9.687831351773918201e-04
1.114706547113831917e-03
3.048987195725213670e-04
5.413453267809544434e-04
1.099957838795121562e-05
1.938690493449776245e-05
3.993714851103545376e-04
5.099348592115700296e-04
1.978230699281784615e-05
-5.952265773823915956e-04
2.677443955152661987e-04
1.093770524591706032e-05
1.092791413680405327e-05
1.934301048375790575e-05
6.755123386184414122e-04
5.811736003942027115e-04
1.929438361289238958e-05
9.129763040018795727e-04
1.859871928030817207e-04
1.226312828224262438e-05
1.209361314234592249e-05
2.022620647096693000e-05
2.049407182522143027e-05
6.807040507303886061e-04
3.604259134262511330e-04
6.043605884391494787e-04
1.292764630641479262e-04
1.173182104916716499e-05
2.043206584983867072e-05
-5.477780540261386645e-04
1.464378247847412039e-04
1.129918255757130371e-05
1.998873666876357667e-05
-1.634030172716285250e-04
8.255075503379140844e-04
1.118611078932464867e-05
1.113686437710889191e-05
1.966971909604736072e-05
1.975356871225819011e-05
1.812002020196873744e-03
1.200286439770426733e-03
9.062707986529566296e-04
1.476488939935648170e-03
1.282890777540400173e-05
2.048731038937814581e-05
5.425056143412563441e-04
5.486470254093896333e-04
1.333823677087221589e-05
2.099356353619245935e-05
-3.271158527126421969e-04
-8.164638813203014796e-04
1.282848263025992812e-05
1.356313865925929325e-05
2.157279406649375140e-05
2.094557336510871466e-05
6.147566357751146774e-04
7.562301679773143651e-05
1.898088664577949670e-04
-8.292592442430446768e-04
1.236358674049351385e-05
2.101291676306802855e-05
-5.434990776570739358e-04
-1.075117953804246521e-03
1.202789115668223609e-05
1.148993483113848875e-05
1.147305837875272250e-05
2.015098635307755498e-05
1.511468607771354210e-04
-1.433035746391216015e-03
2.030077067108282342e-05
-9.239260908728179952e-04
-1.537605612324888325e-04
2.090396742630002192e-05
-1.217200855000784678e-03
-4.996278628138770862e-04
1.134005023851066110e-05
1.994977512714825964e-05
9.437279847226313434e-04
-1.728566209471090387e-03
1.311732869582475617e-05
2.161526812205932677e-05
8.109549370621099967e-04
6.033460934995305935e-05
1.376508287285695282e-05
2.210775519709407604e-05
1.735616980629041449e-03
1.212311216044536415e-03
1.253231491050636428e-05
1.237499406357750310e-05
2.122701714166921324e-05
-1.197331619424884044e-03
2.469073781828816437e-04
1.189949179227348241e-05
2.051079707257705110e-05
-8.256999626058579965e-06
-9.091316319633798273e-04
1.181408410023139291e-05
2.065216206881860934e-05
-8.268361753857783386e-04
-9.104969373271855999e-04
2.136326257049978887e-05
-1.139151588793821130e-03
1.504393084799993444e-04
1.156561281731678786e-05
2.020592141356429379e-05
5.579637834194984061e-04
-1.067476984572919866e-03
1.146535225898869136e-05
2.017980887792434526e-05
5.740263306848659335e-04
-1.058680989940862134e-03
1.310823412401518374e-05
1.307728180743788120e-05
2.198702380047288545e-05
2.206591347977118138e-05
-2.095518399627681631e-04
-5.071433808398065693e-04
2.369750805371339825e-03
1.507218456608810713e-03
1.285772155635178337e-05
2.171337642585283666e-05
-7.517076142534196174e-04
4.546354463914316856e-04
1.236263393761198531e-05
2.105660019477423108e-05
-4.278409778155686100e-04
-4.801666168766144838e-04
1.198699128012370523e-05
1.170337357394401758e-05
2.073650663246865309e-05
2.070850791131278600e-05
8.845489535375977057e-04
4.571281400291512566e-04
1.232051418962134149e-03
-3.808137465393456695e-04
1.352332984142955403e-05
2.227494093700452116e-05
9.441895782298314298e-04
2.281900368853909556e-03
1.384378670839404987e-05
2.273585912770594939e-05
9.255891945661788058e-04
1.968482751445782466e-03
1.356404802549043896e-05
1.390922172256561258e-05
2.305835184732726948e-05
2.265262730759795594e-05
1.110615044157596543e-03
4.780232090592549747e-05
8.599998489719027240e-04
1.736962037769695455e-03
1.344682406190651465e-05
2.237458643187753847e-05
-3.846706048991453014e-04
9.885728700634506018e-04
1.319175846252149017e-05
1.264489561829531447e-05
1.242550413777210182e-05
2.155407679618708260e-05
-8.550802049321013778e-04
5.694050860564456480e-04
1.209991653746386333e-05
2.139687597394401234e-05
2.780149873381465553e-04
1.616855254347733138e-03
2.153029798465137747e-05
-2.071346381152020487e-04
-5.265661758108040793e-04
2.216213198901005583e-05
-2.508930010629486368e-04
-1.777985405663690864e-05
1.388149784436713564e-05
2.279513242104623980e-05
3.628077755575165753e-04
-1.941075181003323337e-04
1.411010311419704854e-05
2.309470812723797187e-05
8.735346079679226711e-04
-1.855658256900363443e-03
1.360719318152167453e-05
1.349546926233874657e-05
2.261109993929282788e-05
-7.579872992883559309e-04
-6.857012832795027603e-04
2.256016943421601742e-05
1.703133069369789059e-04
-8.475236627043969840e-04
1.297184739013573216e-05
2.209025298821869226e-05
-4.990075270097026842e-04
3.801916691350197921e-04
1.284679602224365553e-05
2.207994816127269107e-05
-8.640732259758950387e-04
1.140517247905775515e-03
1.253795752402590792e-05
2.182063779041752626e-05
-7.768755706506135731e-04
1.288234803085760950e-03
1.250068497613373141e-05
2.174804959515971780e-05
5.244152012786562579e-04
5.719168173138588487e-04
1.391681840258484400e-05
1.387905309445102823e-05
2.292612764076354945e-05
2.313285579597747761e-05
5.949499651018591052e-04
-4.472397184837141929e-04
-1.706051005134915591e-03
-8.509234253747125160e-04
1.372196761517380864e-05
2.296648833708652418e-05
-2.008482330058651653e-03
4.831177210315591958e-04
1.321484419133080193e-05
2.241781364445624567e-05
-1.302980441923257343e-03
1.012381437410170499e-03
1.293299845735655206e-05
1.275406423025126517e-05
2.204584158732506000e-05
2.216746717330951789e-05
1.718543850329328111e-03
2.072164265996701699e-04
1.669639090737445875e-03
1.292562753661557779e-03
1.407707006031606155e-05
2.313017894085962441e-05
4.888151516913394768e-04
-2.304517155738913803e-03
1.442427779886136077e-05
2.363620527136314856e-05
1.121687466333157754e-03
-2.360043783329030583e-03
1.421513554100587050e-05
1.471625718606230726e-05
2.415234368558423245e-05
2.352685874984493419e-05
1.091395567570488650e-03
3.783941607951794134e-04
-2.022394688420721745e-03
-1.554992171650463424e-03
1.410474875078202386e-05
2.342541411273073675e-05
-9.148647776254437885e-04
9.166100560378107791e-04
1.393575155905010939e-05
1.347623482132747208e-05
2.277148154156673223e-05
2.330555263561404333e-05
-6.170104337001826224e-04
-1.183256965093265438e-03
9.957546867232713818e-05
2.599251095908820938e-04
1.331190885361974035e-05
2.269045661622636788e-05
1.241700352973883290e-04
2.661500642268174320e-04
1.307434282873845460e-05
2.248646274154728750e-05
1.039520819387760491e-03
1.285935960394140069e-03
1.462278331079862143e-05
2.398499079827913101e-05
-1.573482505240724003e-03
5.216720762488289082e-04
1.512093317816758992e-05
2.454090951630395116e-05
1.842884164295882220e-04
8.488365725316936606e-04
1.427341383425577218e-05
1.418450566560063445e-05
2.372938107709341677e-05
-2.733265801454835787e-04
-1.476560769572099431e-04
2.369223666902904292e-05
-6.167324921735997710e-04
4.361905947409456565e-04
1.378253025788231074e-05
2.321989486459592942e-05
-3.605810189124573299e-04
-4.868486991850269987e-04
1.369039592097283497e-05
2.315274070409395089e-05
-1.120365643011402490e-04
-3.938021229480079570e-04
1.343236867343296819e-05
2.286714413042881697e-05
-5.668107730556936263e-04
1.446036838791413433e-04
1.337038537297671688e-05
2.280774209113349121e-05
3.550817411041657040e-04
1.502684730532734790e-04
1.467783602868439005e-05
1.462090226882728292e-05
2.414666401129687359e-05
2.425571770734149540e-05
-9.434683761055772788e-04
-2.896795689592734555e-04
1.457152976770170352e-05
8.168423816874263450e-05
1.435862051364573581e-05
2.403257814413102542e-05
-3.498963838255901115e-04
2.938354137626717432e-04
1.401980301456218777e-05
2.356744918276066500e-05
-4.201914629445471203e-05
3.446177919228567425e-04
1.378623077417559868e-05
2.326363627604414503e-05
-4.482318531392363110e-05
1.205487048372446334e-03
1.359341522670610373e-05
2.319218047859280551e-05
1.828106465313605053e-03
1.228640750500146431e-03
1.508528555278900898e-05
2.447102320932600838e-05
-3.888991395398678922e-04
4.045951879719770659e-04
1.545144270460938589e-05
2.489926519287176857e-05
-5.396293775020704492e-05
-8.529547684586745481e-05
1.516762530711379618e-05
1.561997762537205159e-05
2.527706332647347865e-05
2.476369347478729553e-05
3.174768247504332797e-04
9.613605204548534200e-05
-1.017894270236185733e-03
-1.551856963727471853e-04
1.488870332066416831e-05
2.465163483211723841e-05
9.065913968675132933e-05
-5.348431494046784231e-04
1.462791944260026278e-05
1.415744786322932808e-05
2.374461256644783109e-05
2.439997199637932403e-05
-3.245116958111034884e-04
-8.313112877473544235e-04
8.102895690823229934e-04
5.698514966069844669e-06
1.399242781085454607e-05
2.366030120451505871e-05
3.744252048346327969e-05
7.452580161063236848e-04
1.385285538714592008e-05
2.339236621920632984e-05
2.238368392137072074e-03
7.709067103011474570e-04
1.538436011072118076e-05
2.521705639147198987e-05
7.767123007050392514e-04
-1.711725858024801478e-03
1.571919286613032994e-05
2.557600224482046289e-05
1.220679210678167958e-03
-1.773432839868616410e-03
1.504962907188070672e-05
1.498770648472088931e-05
2.493187948806038776e-05
2.491047123646049119e-05
-1.309989073122378930e-03
-3.109842469996887035e-04
-4.214364847081502664e-04
-7.209812899276372240e-04
1.446662184620381429e-05
2.425310736509213460e-05
-4.311269475027370689e-04
2.486391792656120550e-04
1.438374287478526764e-05
2.412630782529272743e-05
-3.648608808781859318e-04
1.827456749725204100e-03
1.416722731850113673e-05
2.377923867095040484e-05
1.497821524315889625e-03
2.246790389493115957e-03
1.407537881368665834e-05
2.374192384801299832e-05
2.888452310629074666e-03
2.892928761877704060e-03
1.540972612296895034e-05
2.541382748566433573e-05
2.953189620789852519e-04
-1.085811671566117497e-03
1.542952786204727279e-05
2.544417327207361551e-05
-1.031877118839239936e-03
-5.944809259461882002e-04
1.521257953814242853e-05
2.514131309849247770e-05
-2.172609734083983963e-03
2.509690825658156504e-04
1.479752330204458975e-05
2.463681256545199617e-05
-1.562252167929881240e-03
1.136925095304024439e-03
1.453046736379245896e-05
1.424283570592244308e-05
2.417748494007323126e-05
2.422281276845027269e-05
2.934321866251585371e-03
7.966504575425746668e-04
1.770307682640061492e-03
2.083651427253153596e-03
1.556780131833822721e-05
2.567409732430963755e-05
1.071499025537340100e-03
-1.514028325730465549e-03
1.580997754710234806e-05
2.609195570695978686e-05
2.232279139764675301e-03
-7.624000429771001690e-04
1.570266596956163888e-05
1.597751710695884545e-05
2.634987704232096139e-05
2.590854862926329628e-05
3.128033956969233573e-03
1.202031670993350615e-03
-1.588255300510654994e-03
-1.439757264654287260e-03
1.569311367493278909e-05
2.566026513232904342e-05
-1.745339501080352823e-03
-1.895114247603361523e-04
1.542948516957896155e-05
1.499006319487371359e-05
2.485096749268410953e-05
2.542498648061091549e-05
-1.186246746853907670e-03
-1.859066577700222659e-03
7.190385534206121488e-04
4.801189964568644769e-04
1.477328893856115591e-05
2.476220114243093560e-05
6.154732170828030756e-04
6.597614054851833271e-04
1.441457899766680039e-05
2.463255308656453786e-05
2.989625013443416614e-03
8.010562634190064113e-04
1.598810084377310398e-05
2.611440529205220893e-05
8.349207327426363782e-04
-3.389138189907188155e-04
1.620348064740626215e-05
2.650233320140614465e-05
3.390053300166429116e-03
-1.329056423241447757e-04
1.579945222022395042e-05
1.564938905280358622e-05
2.583156183663524018e-05
2.586989844432400972e-05
-1.499905088354892791e-03
-1.667938495732943296e-03
5.907995590224114028e-04
1.009289430959956055e-04
1.522535742153113749e-05
2.525858539977169186e-05
-8.301027502705164924e-04
6.066660547019874688e-04
1.510255998986845828e-05
2.521638989530854442e-05
4.807718369827902131e-05
3.427077260355692137e-04
1.475122936566122273e-05
2.495829533184481253e-05
1.712740390693696718e-03
1.029549886158195914e-03
1.460493572582107776e-05
2.491974741065505744e-05
3.038946174209733713e-03
1.140677600757758958e-03
1.603577358115661940e-05
1.593728299898336482e-05
2.626222719018210324e-05
-1.154149145928922739e-03
7.817764479689615987e-04
2.625163651167832551e-05
-4.055936595578291874e-05
3.450941542267034565e-04
1.619163468210573802e-05
2.648675459527269799e-05
2.507671270583391575e-03
-3.580012669411926102e-04
1.643003574771093720e-05
2.686956536005294540e-05
4.222226899289926311e-03
-1.849304510893780697e-04
1.554741385800317773e-05
2.571528149761698493e-05
-6.000734824095868992e-04
-1.056919452583756844e-04
1.512356463592609931e-05
1.486581969451357525e-05
2.527617878728698721e-05
2.539288428827145307e-05
1.995742013774627708e-03
2.801729899544089480e-04
-5.746966288419475504e-05
-1.904069372065282921e-04
1.583731526251804753e-05
2.612299940767704327e-05
-1.084844380109013665e-03
5.318332261508106859e-05
1.629177506592643137e-05
1.664075334788203854e-05
2.728939299724117388e-05
2.672978159698665026e-05
3.215050593299938371e-03
1.161085748723084685e-03
1.224872347189787992e-04
8.799966478308197731e-04
1.614871788089996713e-05
2.662915969189510920e-05
-7.074164367670089442e-04
-1.268935628746524252e-04
1.602446052394274227e-05
1.567921237671971601e-05
1.540938544108665510e-05
2.580041273316499424e-05
6.416223377631869709e-05
-6.550422544324296546e-04
2.593012257105981573e-05
-3.485424467023015842e-04
-6.857187401182311161e-04
2.638507593367982087e-05
-7.675666059884341452e-04
-7.289061976165958070e-04
1.520516851612602014e-05
2.548980475985719257e-05
8.634342765623306002e-04
6.259251401117036468e-04
1.655285155480944138e-05
2.719323454651353714e-05
1.109146706190683711e-03
2.430784009523590956e-05
1.630855852639866762e-05
2.679709969540817661e-05
-9.838943203952100602e-04
-3.730639979968844357e-04
1.622094005269750962e-05
1.588152460431020401e-05
2.664909649687542331e-05
2.623518558038270449e-05
-6.861683231510549812e-04
-2.093165098476215593e-04
1.694924727671912699e-05
-2.771507526249305186e-04
1.575953322568215818e-05
2.613164563888103326e-05
4.543143251147341126e-04
8.456472340427107111e-04
1.554215609025122298e-05
2.583994654720865651e-05
5.032389107453007172e-04
8.862516597039734245e-04
1.548276529089641782e-05
2.578039877131952073e-05
7.484572505109317753e-04
1.495128852608958560e-03
1.686731529450203733e-05
2.765504857221422896e-05
2.311456227321187842e-03
-8.756190895884241425e-04
1.668260415956275482e-05
1.656482009393404201e-05
2.726941941161903409e-05
2.712073542327581645e-05
3.948181031901768488e-04
-6.498817809914986254e-04
5.346198911235725687e-04
2.973679778907788109e-04
1.636184940770867431e-05
1.606389164572508363e-05
2.650666550147684646e-05
-4.759316840790027751e-04
1.239693373418971354e-03
2.689273527634275410e-05
-7.119332301279776435e-04
9.612101258392904794e-04
1.685498194803464506e-05
2.757780123327011052e-05
4.933578372798122546e-04
-4.014464193194796699e-05
1.710442775147143446e-05
2.788219671479839651e-05
5.861311916203117839e-04
-5.228301528433907828e-04
1.588866133879851761e-05
1.573640620147642613e-05
2.626523862314689048e-05
1.346280513606316594e-03
1.918726533086825056e-03
2.627940214877936526e-05
9.976646197300896145e-04
2.219606487224263808e-03
1.699477104690467577e-05
2.757384993798720033e-05
-3.742315120288403904e-05
-1.206697084442315835e-03
1.684976848899019767e-05
2.738430175385699958e-05
-6.750386131157898924e-04
-8.269445527550101961e-04
1.660019901383950666e-05
1.648776053013204196e-05
2.713462885131072381e-05
2.719102449249246380e-05
-1.141122005390520335e-03
-9.756816547615553567e-04
7.279230990155461994e-04
2.064826681209113173e-04
1.624584764703873238e-05
1.614285117315793254e-05
2.680481103064331219e-05
8.224881786062042789e-04
8.988690950574450451e-04
2.679260788181949679e-05
-9.556387065186853266e-04
1.411449731047652052e-03
1.734824034549905096e-05
2.793848258839028926e-05
6.264759060739382443e-04
-1.842215006009555178e-03
1.605533476499235642e-05
2.653818546625883536e-05
1.042958328745928779e-03
5.361806509346870447e-04
1.722255200177325545e-05
1.676673901311029457e-05
2.767706519277846186e-05
2.743002440454585510e-05
-1.695939310957474599e-04
-1.363653134894952240e-03
-1.290162450846041352e-03
-2.891331748179411677e-04
1.653370508265589509e-05
1.638468939684516363e-05
2.744938492155821755e-05
2.715845275491325867e-05
-1.515852326916273174e-03
-1.107685991743158913e-03
3.137712327016557029e-04
8.777313878638990687e-04
1.635729727829825019e-05
2.708377925761467172e-05
2.042060855028346195e-04
1.057392042058320249e-03
1.630087548906726923e-05
2.683260278267896859e-05
1.176386522427788931e-03
1.267418266302429734e-03
1.639765195299588450e-05
2.662616038976870560e-05
1.804835836269794158e-03
1.425986546911284236e-03
1.762061431806813275e-05
2.809884445424378616e-05
5.369595229455403256e-04
-1.541710819247001140e-03
1.712462090836371293e-05
1.685547714911085865e-05
2.786952098264978929e-05
-1.441950606442302194e-03
2.641693093450205986e-04
2.784767073410365410e-05
-6.369444502408150820e-04
-4.128678934010949955e-04
1.748215671141467120e-05
2.810672859621904076e-05
-1.360708182186810312e-04
-7.592469733367887596e-04
1.787152001152625286e-05
2.858429116248843984e-05
1.222752578820119783e-03
6.703633938218716984e-04
1.647997730242191453e-05
2.733493327000309378e-05
-9.716257972202012533e-04
3.938953397897125975e-04
1.661860384036460445e-05
2.765681285833000393e-05
-8.962041997346176800e-04
-6.756862386607944370e-05
1.654248663374500075e-05
1.665928287439310992e-05
2.672614035389192820e-05
2.701980337066785519e-05
1.639157220101403710e-03
2.349880027204159544e-04
-5.351348450860008961e-04
7.532046384850617443e-04
1.749251457942058264e-05
1.799719841699718521e-05
2.903038608761185081e-05
2.846146946559529882e-05
1.746258724285659975e-03
1.594691492644917179e-04
1.100315584075378704e-03
6.122484591310502601e-04
1.721644362677409208e-05
2.839246443432493031e-05
-5.315278339053426280e-04
3.071046721243117386e-05
1.692746415233894840e-05
1.686029392233966438e-05
2.790981917995668667e-05
2.940836339372743073e-04
1.570655208763886668e-04
1.665075477854583815e-05
1.680684860083011672e-05
2.711788090066495789e-05
1.638444656280727322e-04
-1.355131952364632339e-03
2.739865005117526309e-05
-8.334540431145019516e-04
-4.166946898783593055e-04
2.808716373127705519e-05
-8.886192496800537563e-04
3.114642452636287541e-04
1.682058194797039503e-05
2.682517360849203490e-05
4.665394150747420197e-04
-2.943333528178405109e-04
1.767326902927457085e-05
1.726659481012511821e-05
2.894440599918911839e-05
2.848474079795597141e-05
8.210639110804811552e-04
-7.285594305472835232e-04
2.094065239729011804e-04
5.444979434066468714e-04
1.720560584915090612e-05
2.819766347734983371e-05
8.888112694939114379e-04
-3.324286204369352360e-04
1.691202413768863675e-05
1.704440566296248547e-05
2.741368613945716445e-05
2.769463646891803175e-05
4.624363240561919709e-04
6.531168442702634273e-04
3.251659327520880051e-04
-7.974444814984019310e-04
1.804139564534758161e-05
2.933314916972240005e-05
1.914085589365294464e-03
-3.364957810386518000e-04
1.695139528537064274e-05
2.710286661371710663e-05
2.028389903827971467e-04
4.635400663551632501e-04
1.683851282229518499e-05
2.709252463676706479e-05
6.842508600314260291e-04
1.014070607896961013e-03
1.767931558031783689e-05
1.759445287147584923e-05
2.868780378698929719e-05
-2.885159684556928695e-05
2.931654977619394843e-04
2.894163678102278469e-05
1.635064879785929747e-04
1.089914906940106553e-03
1.788521971226841439e-05
2.923376904078631665e-05
-7.917792734931686195e-05
9.341867532958672430e-04
1.801543413222439095e-05
2.941306239976123883e-05
8.486271368061639635e-04
1.575324708845372281e-03
1.742805894547434236e-05
2.819284890521995702e-05
2.747401169780272425e-04
4.937992975981771735e-04
1.725395399882201296e-05
1.713690628917951300e-05
1.691009824415232117e-05
2.753528517160158326e-05
2.747102286652005685e-05
1.508480275161370229e-03
5.532609022269830909e-04
2.452567805836566861e-03
2.112255219651029952e-03
2.775907717945647984e-05
-9.701161467465975463e-04
7.437173685357666500e-04
1.714719349513369709e-05
2.784111830555683178e-05
2.472106117783144630e-04
-4.019077275167207077e-04
1.793645354381098985e-05
1.809946891158738567e-05
2.940055239618380773e-05
2.915435118517673276e-05
1.591854348543215092e-03
2.448320942353077114e-04
-6.519094107488852038e-04
1.166311428101441918e-04
1.784716656058230955e-05
2.887969972672034804e-05
-6.344101692706777349e-04
-7.308728221745010387e-04
1.770992166056821411e-05
1.764370863489975644e-05
2.850119236747428923e-05
-1.279156109326558700e-03
-1.042179588823690094e-04
1.742427970801806706e-05
1.731595814364818539e-05
2.811016347740804986e-05
3.790140042342059765e-04
2.207956785390499232e-03
2.804669569517920810e-05
-1.841241427531017721e-03
1.698793683964761004e-03
2.862658675021348626e-05
-9.145099567236750909e-04
-3.627195174037747805e-04
1.713694376844577877e-05
2.793318561835684798e-05
2.221614855523219769e-03
1.167676590982934552e-03
1.807651114873811028e-05
1.784241614380749626e-05
2.911061552541987328e-05
2.884373369317584976e-05
5.343503551665103020e-04
-1.382319645392107504e-03
-1.395101944342755623e-03
-4.615281093693649676e-04
1.772666147685447122e-05
2.876744593736543811e-05
-1.428716029597797968e-03
4.423083342029138047e-04
1.755613747752286818e-05
1.747732261536095200e-05
2.840294074855991715e-05
2.846708747921498686e-05
-8.412913287431582170e-04
-3.092504840863802458e-03
-8.132238029603576989e-05
7.843779498801274098e-04
1.830127894055306239e-05
2.945226877346827641e-05
1.822730385676965678e-03
-1.809108754040550946e-03
1.735705737865472130e-05
2.821558523139470380e-05
7.061776702771741486e-04
-1.811743856314182476e-04
1.735336708057498350e-05
2.809177968990763099e-05
1.241056658875732766e-03
-1.857659381328408414e-04
1.803123704198116088e-05
1.791682678711282564e-05
2.914519561641409857e-05
2.908077061517777879e-05
2.259545208499218118e-04
-9.657648107372675001e-04
-2.812884599077683707e-04
3.905898908807417871e-04
1.773404239359513117e-05
2.884935940188613525e-05
-1.222009279906332733e-03
5.820116120340620026e-04
1.759807426766939325e-05
1.749874676286795029e-05
1.754173618471205833e-05
2.815367153035704744e-05
2.839527347811542305e-05
2.044518560146897125e-03
6.486314070020948860e-04
1.264939124441897622e-03
6.477878837728398868e-04
2.859786083740507609e-05
-1.380975884305766415e-03
2.216632209151768397e-04
1.760743255065307753e-05
2.861646703386439342e-05
-2.351802007781704160e-03
3.138832042886295138e-04
1.824491210650096079e-05
2.933129551846955262e-05
8.344584583646379649e-04
-4.599896834325752385e-04
1.852964820099511543e-05
2.963515117257567487e-05
8.633948431257901799e-04
4.053931306277667817e-04
1.821428240510546731e-05
2.947683613027071340e-05
1.502864250329066743e-03
3.315417561838844736e-04
1.810351140485916738e-05
2.940431193881110747e-05
-3.280380207588563910e-05
3.890676629780273426e-04
1.791756200896067557e-05
1.786440031305897063e-05
1.768190769770407446e-05
1.767084827468505469e-05
2.845265453135231980e-05
1.010106557787620598e-04
6.513245865369551814e-04
2.868013548207547214e-05
-1.159628358002071351e-03
-5.080593483291662198e-05
2.902747939213353570e-05
-1.005115535037410428e-03
-3.549844225117626930e-04
2.913552445830665935e-05
-1.081390974357587667e-03
3.833659195033016650e-04
1.774213613630132237e-05
2.812951612759129967e-05
1.567016382809088750e-03
8.210216530171456865e-04
1.867761587536275012e-05
2.994936770591519282e-05
6.983661180869505519e-04
-5.857445452203456724e-04
1.838427550665838281e-05
1.812755955861911663e-05
2.986132914603823542e-05
2.946767255637280792e-05
5.064175173713995198e-04
-7.585953941761976876e-04
-8.518727589414271106e-04
-2.208366756407303998e-04
1.805524654513696281e-05
2.925146766272882613e-05
-7.421455238923755976e-04
7.362956830591062219e-04
1.784862995584034649e-05
1.787302251712864404e-05
2.865707709180528740e-05
2.886157582910459018e-05
-9.694758459935448819e-04
-1.679591955255201790e-03
1.008195265435757283e-03
5.591618424506755941e-04
1.782875930579027704e-05
1.787674962658442193e-05
2.816514419395216374e-05
8.338782155650610551e-04
1.589551928679419851e-03
2.832791875181774277e-05
5.417497072944839473e-04
1.100384982510049054e-03
1.881640491725304506e-05
3.029273092331581722e-05
9.194487371174341582e-04
-1.120810434356264793e-03
1.843419845501640411e-05
2.991121911048714484e-05
-5.535350697660974454e-05
-8.429003824800187367e-04
1.865630334608663502e-05
1.885390962515171175e-05
3.048225988320140897e-05
1.721496051542952726e-03
-1.203177988061813293e-03
3.023923016295402340e-05
7.645990960332232867e-04
-1.354743260295953678e-03
1.825948242090974770e-05
1.823255625994073213e-05
2.940638335271206498e-05
-9.041739570045092536e-04
-1.449167769551693702e-04
2.958680275039282870e-05
-9.994290401767313287e-04
-2.576620601798516354e-04
1.802311913322773764e-05
2.903045483349206185e-05
-9.267069019911102889e-04
1.077180825401072425e-03
1.808564142364604656e-05
2.901092278867760561e-05
-7.028919861537237610e-04
1.826178215927212875e-03
1.801483030012861612e-05
1.800073007212288766e-05
2.842267434215326732e-05
2.855548949405929636e-05
1.781847652261589173e-03
4.259220916900391526e-04
8.012634754730918636e-04
1.706154638253705403e-03
1.878870289779364025e-05
1.902055221965867320e-05
3.049414607923196246e-05
3.018161347165180229e-05
1.424303062500051819e-03
6.312038041405327747e-05
-6.365271044517117243e-04
-8.802833198723627973e-04
1.861671443412200625e-05
1.826862401242277040e-05
2.990793825623366955e-05
2.943378863117226542e-05
-1.123295686054207867e-03
-1.417072996650109787e-03
-3.680957896475453551e-04
1.652397821344306480e-03
1.819811225895280924e-05
1.813598614377436843e-05
2.904906333175803637e-05
2.875324542905590057e-05
3.661734274780873441e-04
1.922819312606031212e-03
2.186779318790767895e-03
1.418868210699798533e-03
1.808539824437028180e-05
2.875693055357562251e-05
2.630163504487067171e-03
1.841523822458971012e-03
1.844001410010357811e-05
2.975340229745632184e-05
-7.852461842719066221e-04
-8.267994109705665206e-04
1.895750556228775131e-05
1.896058413260641188e-05
3.034327355964323766e-05
3.027957993492381649e-05
-2.388885867786374052e-04
-1.241285373184051605e-05
-1.299461178282971087e-03
-7.479350884934140133e-04
1.921106159491787284e-05
3.060887492688313605e-05
1.254485911975780112e-03
-3.970603182941773342e-04
1.848469787569082085e-05
2.977277860508024620e-05
-1.863498710047523923e-03
7.587714020230562195e-05
1.873285235271714022e-05
3.013114712288099628e-05
-1.127202951613557810e-03
-1.577861116529628675e-03
1.833202423659734820e-05
2.938680326033711062e-05
-8.438210473857199381e-04
8.197987956270579978e-04
1.823598806220275563e-05
2.902187185338154195e-05
1.449564909046073633e-03
1.371042589684861755e-03
1.820896984380316304e-05
2.891975813475173966e-05
1.637305832479781214e-03
1.025208051680604566e-03
1.812404659028397653e-05
2.880758985894578297e-05
2.372063435158114179e-03
8.033119335075061254e-04
1.896423489280456143e-05
3.051575232010419179e-05
9.840822962047094703e-04
-9.515133728842033005e-04
1.913081115629037231e-05
3.063123325016190021e-05
1.416310189551575442e-03
-6.785394987868353781e-05
1.925550431062589751e-05
3.080239932439844571e-05
5.064651834146990071e-04
-9.416189398315492778e-05
1.859051810029351231e-05
1.869068365378032099e-05
2.984744657828842157e-05
3.016491743710798088e-05
-1.726774196193869891e-03
-2.158359662993931342e-03
1.608857887068339081e-04
-5.430863595790720545e-04
1.838034229740963152e-05
2.916613220309076485e-05
6.963207962024949406e-04
8.354108698985280744e-04
1.825331736490836331e-05
1.806730530804819617e-05
2.905407910926497279e-05
2.013937172245490806e-03
1.230625458654383355e-04
2.898969277916088776e-05
1.378179307559960782e-03
4.180898625798244771e-04
1.852409599474673228e-05
2.955715673029701639e-05
-1.073889600012701813e-03
5.659971890496314677e-04
1.911407652585266144e-05
3.070551726891430488e-05
2.002318942286721200e-03
-8.401855775011478344e-04
1.924205645492407205e-05
3.087143113095830915e-05
7.476487402822224121e-04
-1.973332481534704422e-03
1.915492208790667714e-05
3.073247824143537520e-05
2.058598559582774674e-03
-9.930013701351099280e-04
1.898386234740531071e-05
3.053295278504874577e-05
3.890909845523993823e-04
-6.155418066922862879e-05
1.880313687150198565e-05
1.874042797807616247e-05
2.993028984329135908e-05
-1.515712395346582734e-03
1.464839055669055743e-04
3.031374219753582081e-05
-2.172866467257224092e-03
-4.840672738203978596e-04
1.841851073918969898e-05
1.830326303744720144e-05
1.815713003843090608e-05
2.932772516840287792e-05
2.945467453108960705e-05
1.713501059646288863e-03
2.223386938981017878e-03
1.366442654775775313e-03
1.226046111948542400e-03
2.929946226229957366e-05
1.300100588799659417e-03
8.703281986452409552e-04
1.858388503793817443e-05
2.952183678291781589e-05
-4.194705222346383129e-04
3.043867226287190930e-04
1.905633992924052632e-05
1.917437916883081014e-05
1.930035040124661097e-05
3.091044360994705549e-05
3.077116688120539519e-05
1.686978150574296089e-03
1.781175572480302605e-03
5.020536824992693657e-04
-4.153588574459133131e-06
3.055747354295413606e-05
6.832435745489215048e-04
8.641784291663271019e-04
1.883504779810546157e-05
1.885811398461089523e-05
1.870748597159930892e-05
1.844535290135651762e-05
1.824373396478059283e-05
2.943351033261021028e-05
1.653681689096206039e-03
2.127032632508926800e-03
2.961455455591783704e-05
2.009374666253460357e-03
1.273667243352205602e-03
2.971532985529304916e-05
-1.526622410064596043e-04
1.336565959906354552e-03
3.009492091668498507e-05
-1.944025656611585032e-03
2.448426952121178523e-04
3.024143119196424876e-05
-2.039356308439080681e-03
3.966174029656542132e-05
1.918349050709273633e-05
1.936533929607451110e-05
3.104793317099525219e-05
2.703885533880450321e-03
-1.531752917874095788e-04
3.079686968493082272e-05
1.502302425575127937e-03
7.184835889191487841e-05
1.911761034416778449e-05
3.067258365262345821e-05
1.045921855633155043e-03
4.696344137172495288e-05
1.898066283049415677e-05
1.895515287863932752e-05
3.028445195836963153e-05
-2.155845507806979176e-03
2.207276103489936659e-04
1.881756167193337909e-05
2.997065914046788708e-05
-1.055806228711719330e-03
5.796980024510468713e-04
1.868289345758170726e-05
1.850572112393290280e-05
1.830632603771070540e-05
2.965499450500885627e-05
1.192670918462509664e-03
1.548078488922435781e-03
2.970649670104993925e-05
1.506697693306423324e-03
1.129962828865102619e-03
2.980349580352946367e-05
5.487025612572473624e-04
5.926506322779292448e-04
3.046111432261161423e-05
-3.178331015270813428e-04
-8.576913310894596933e-05
1.924254457005655607e-05
1.941581590791731878e-05
3.131375255495180964e-05
1.409480023092162795e-03
-4.249791044535958630e-04
3.100803105415079943e-05
1.570458825188248081e-03
4.615990800861843575e-04
1.915891073456724763e-05
3.083675291126512053e-05
1.037510475474173873e-03
2.533031114552483751e-04
1.907156319107142654e-05
1.907480274403161434e-05
1.890533589984793754e-05
3.045571785346906982e-05
3.010869557412552654e-05
-1.832001946353371087e-03
-1.106881739446480490e-03
6.346736600232812412e-04
4.054782193948349507e-04
1.873577013935543836e-05
1.858215384831267292e-05
2.991151767220879572e-05
5.038360347169426644e-04
5.549454741359066906e-04
1.833911628706213473e-05
2.976753089772056900e-05
1.408058315055369389e-03
1.187877681684765240e-05
3.058054769569916600e-05
-4.640476710083004481e-04
1.810238067502155325e-04
2.988103650305644441e-05
4.668974842330128171e-04
4.578140893760378931e-04
1.929055328463647322e-05
1.944008165089831629e-05
3.145950718777347407e-05
3.121318033648912366e-05
9.180574224506961789e-04
1.083253934542824370e-03
-7.653286954065533203e-04
-3.038801824109060119e-04
1.922868010004898353e-05
3.085082503969821283e-05
2.922374774395523987e-04
3.234653204545102521e-04
1.926854734331178324e-05
3.080419540987900458e-05
-8.628732757231818117e-04
3.462166411050433953e-04
1.913621241922944439e-05
3.052662142662913424e-05
-8.632635558565794794e-04
-2.492459710455832873e-04
1.895101868826802699e-05
1.892939855071100328e-05
3.015163487533556805e-05
-3.353994410285242528e-04
3.329829321866144168e-04
3.033788152191564503e-05
-6.764679634509176650e-05
-7.764444750517622996e-04
1.877026419932309895e-05
3.020118916295224721e-05
-6.981984608950183571e-05
-9.114207411414882668e-04
1.855205048954240187e-05
1.842164486166999538e-05
2.999323058376355183e-05
3.001546627045379267e-05
7.206891280439257745e-04
5.870096908757227233e-04
-3.655930998220080215e-04
-6.822312138071003279e-04
1.933812573598753649e-05
3.102296591589762901e-05
3.407941607840639093e-04
6.035884171754703383e-04
1.941001321057000652e-05
3.106943795697755844e-05
1.938410559143241855e-04
1.426119106576319165e-03
1.935967721369464975e-05
3.121185866275501074e-05
1.133960591172559953e-03
6.105357289929966595e-04
1.937271675788561164e-05
1.949061451422760466e-05
3.155646486635329786e-05
3.136208736710062369e-05
7.507288754314210251e-04
9.479581064122824616e-04
2.206001024447550940e-04
1.236428516660625497e-04
1.925779074942377046e-05
1.910024720335585878e-05
1.874917666379910500e-05
3.029335083924786768e-05
3.061570078165045945e-05
-2.359255922951139983e-04
5.143110372765432236e-04
-3.042095584419834118e-04
7.281847795596871949e-04
3.075863919450732724e-05
-2.782952288919188374e-04
9.044744359757374459e-04
1.867721485742027454e-05
3.039128354198217133e-05
-8.424719776889060083e-05
-3.917494780821747526e-04
1.852822677903936052e-05
3.034509338952257767e-05
1.533897845408069513e-05
-9.182641372524980386e-05
1.950630535129079101e-05
1.941651505098873108e-05
3.138130248359057375e-05
3.132659012057518598e-05
-2.918714301455765177e-04
8.074705179908411032e-04
-2.971602123584291075e-04
6.886722393043355256e-05
1.951783949285695364e-05
3.151975090998014573e-05
6.323399089402085725e-04
-7.611811861911887305e-05
1.966717219878032029e-05
3.174230851638931765e-05
-6.325688066017434784e-05
-2.815594897401462425e-04
1.934530033168808607e-05
1.932343010738321590e-05
3.105759412096851824e-05
3.165122861992634745e-04
-4.036452707952135660e-04
3.097149883818538425e-05
8.794429364006897632e-05
1.149212369968735485e-03
1.942226534273658770e-05
3.118196143328592185e-05
4.038436759909851148e-05
4.467238103847958610e-05
1.893303397149715786e-05
3.070202389844051664e-05
4.046411972114462470e-04
1.957728721471245481e-04
1.873933812794797494e-05
1.868746109312140313e-05
3.058816973443643898e-05
-1.346709788892308220e-03
7.087288400254149450e-04
3.061679206421810727e-05
-2.857086407757977882e-04
-1.357846571067148657e-04
1.915299943086852142e-05
3.093724864469512339e-05
8.782474965038415899e-05
5.403811198211220206e-05
1.970033408930325767e-05
3.153111662051721875e-05
2.998960081377511776e-04
3.726883217326111813e-04
1.982842910826930724e-05
3.183383495900615572e-05
-6.969255871319552905e-04
-4.915943931608060318e-04
1.961401768465713657e-05
3.160999229024736787e-05
3.540708934066754657e-04
-7.278020551196827392e-05
1.956198766809845807e-05
3.138797636620136518e-05
-4.219320869314945261e-04
2.503328565232619042e-04
1.945536324902963354e-05
1.926704915935585342e-05
3.117290039449156254e-05
-1.037334690272771233e-03
2.473688174176657075e-04
3.126821867694035850e-05
1.318485089620015068e-04
-6.288438558018703654e-04
1.890432946482042991e-05
1.893634835523344952e-05
3.085973324389178923e-05
-1.121519056587589724e-03
1.936942903723099972e-04
3.088358645594184210e-05
-4.784769462459153677e-04
2.144346647314664047e-04
1.909076198416445101e-05
3.099952749867673681e-05
-2.720231306173037916e-04
3.125782437412701021e-04
1.883848827805757555e-05
3.069313343473313756e-05
-7.786350360201566533e-04
-8.587278499084514372e-06
1.963997193026390458e-05
1.990250099684678163e-05
3.144092088889664994e-05
3.164811860804586261e-05
-4.740734928764926432e-04
-6.728703320796180359e-04
2.081896315618570956e-03
5.760368555458636854e-04
2.004039440173517963e-05
3.184789722265034419e-05
-1.381371419969888454e-03
9.930581863097351413e-05
1.943657899032199681e-05
1.928948103287166842e-05
3.131410769945493699e-05
1.365686981722557104e-04
1.306162747737380295e-03
1.910370565725361800e-05
3.112590934168551256e-05
-3.410303268335975455e-04
-2.333168878802185258e-04
1.906428462251653008e-05
3.100959803195363682e-05
-1.064370271502813317e-03
-5.098268653359365231e-06
1.897439951836535593e-05
3.082957936564950993e-05
-1.699955576403886057e-04
1.525381238463137336e-04
3.130997810947350939e-05
2.252746541471605099e-04
1.914340501484093236e-03
1.993455432715848804e-05
3.174153001505531572e-05
-9.428946118158738985e-04
1.422697171057690476e-03
2.024253456162710429e-05
3.202527802884176287e-05
-1.791344830047668238e-03
1.239606719016642100e-03
1.949162058903819008e-05
1.936929745283243927e-05
1.921087851809278013e-05
3.150672382660564048e-05
3.129367566479372719e-05
9.768626274238223148e-04
9.641121276924437917e-04
5.018638217151062935e-04
-1.166597515601561661e-05
1.914685738358058148e-05
3.118461958802745476e-05
1.426065238223078865e-04
-3.366022815851307283e-04
1.914469683733367690e-05
3.111257116614947493e-05
-5.365647490050605645e-04
3.395863092438388266e-04
1.913146178002991845e-05
3.102270642061968198e-05
-4.647418972838125327e-04
1.666842791494540024e-03
3.155208445566081349e-05
2.603974241289405125e-04
1.106180976228085359e-03
1.975549902970087632e-05
3.169343635603112490e-05
-2.886131894735973575e-04
1.070464139904790148e-03
2.007243868562306888e-05
3.200137341234499783e-05
-8.174734654829606461e-04
4.967450255341782485e-05
1.982064415785547744e-05
3.199182624247252427e-05
-7.617142949521645045e-04
-1.291163511624793324e-04
1.957967054257483806e-05
1.960615736600155868e-05
1.933417481246155927e-05
3.192545383024071826e-05
3.158103929342039327e-05
-3.475826264620651457e-04
1.538713716215791248e-03
-8.322418072034248188e-04
-2.203161782411205014e-05
1.922657992583175394e-05
3.138184618931962673e-05
1.353523621644971532e-03
2.586606861881528686e-04
1.918133835714549884e-05
1.921282171502154194e-05
3.128453959127567386e-05
3.117128962997687251e-05
-7.134685370298084336e-05
-6.202814654319003564e-04
8.309857583715557798e-04
2.161229890942456718e-03
1.920116803149309921e-05
3.114093872286812485e-05
1.280872866798616347e-03
1.199398355896075371e-03
2.037512320777573900e-05
3.235542787591613289e-05
-1.144875021850299624e-03
-1.360992525287829397e-03
3.182766428845495776e-05
-5.495434871046703945e-04
8.564344571954808215e-05
2.017849023277448896e-05
2.006067489824301571e-05
1.978524940301531400e-05
3.238654502254688079e-05
3.215657222703116223e-05
-1.565377414987314001e-03
-1.024116001244378777e-03
-1.183339039310264944e-03
-5.092741871908625182e-04
1.986181036041625024e-05
3.222504152475142163e-05
-8.172069650350527459e-04
-1.013267238417233859e-03
1.973796111468443558e-05
3.215759063247710753e-05
-6.396631384520007910e-04
-2.436635181205063525e-04
1.958756511875970742e-05
1.943417560513641351e-05
3.181846469707349758e-05
4.645439740965901063e-04
-2.661392669442938123e-05
3.205233433331258530e-05
-3.820478927678929749e-04
-3.504994404666073537e-04
3.231143906492156906e-05
-6.397856963802763886e-04
-1.934126848033972459e-03
2.039155803267120410e-05
3.263235062446499053e-05
5.463516118589427850e-04
-1.773238023231414953e-03
1.925308263670000376e-05
1.924906906125636253e-05
3.127895567722338707e-05
-1.446817167820152721e-03
1.460122036596850446e-03
1.926841605180648032e-05
1.915603278901869348e-05
3.142602780873408235e-05
1.013709151629551370e-03
-5.768225459039891690e-04
3.134102307914073436e-05
-6.548839628204439081e-04
7.718562522910832791e-05
3.148469095797508610e-05
2.379437218615653230e-04
6.779566703699426745e-04
2.005922718730609292e-05
3.239669389895314148e-05
-9.932667234928346800e-04
-7.428758241093831030e-04
2.002142781303281602e-05
3.238420404732290914e-05
-4.598067046868982931e-04
1.236608203836659292e-03
1.970040207794248859e-05
3.226560275675945241e-05
3.941130671240794330e-04
4.020280819902088596e-04
1.957914980612647803e-05
3.219552228383546920e-05
3.792255435547758034e-04
-4.291769334522882153e-05
1.948217798936851110e-05
1.938889566858548351e-05
3.175054066179516609e-05
3.202879055621520304e-05
-5.241953326823622136e-04
2.917477262706482462e-04
-2.172135520218907183e-04
-3.162067549611701054e-04
2.022742640164836987e-05
2.035210287134274539e-05
3.266770279766792581e-05
4.470173384099391969e-04
2.180357003587713415e-03
3.256391754837223516e-05
-9.473423701860202899e-04
4.919373389954304711e-05
1.931537244258830626e-05
3.150400558293477832e-05
-1.447947731633814289e-03
3.409920229207788044e-04
1.933963241205213459e-05
1.928954266382626370e-05
3.177573685155915236e-05
-6.173151176662790719e-04
-3.819662842838875225e-04
3.161461759758707756e-05
-1.330397449290714532e-03
-3.720139468250083475e-04
1.913374220919333060e-05
3.181947979718551748e-05
7.321416218614133385e-04
-1.647729407908259537e-04
2.018849631576379353e-05
2.028057949378346344e-05
2.007419260220297966e-05
3.244687884456853112e-05
3.254319020295569055e-05
3.281549969045924076e-05
1.692839806264310760e-04
7.742709286697866582e-04
1.412983226836413185e-03
3.249169105778413502e-05
-2.643714711751786331e-04
1.020493577258362126e-03
1.981903111551965705e-05
1.960747564480879793e-05
3.233283187593949967e-05
1.023423870042278324e-03
5.243306397308912428e-04
1.952411935379541326e-05
3.222303313142905741e-05
8.575692841768860989e-04
3.027325717300000411e-04
1.943793800389554481e-05
1.945077286974260895e-05
3.211364937718279327e-05
3.185775828108636931e-05
-1.417500826948837889e-03
-1.574932785985462503e-03
3.546830216331080710e-04
-5.166982223377089047e-04
3.239571372749101234e-05
7.743919826574280092e-04
5.290592577926061819e-04
2.038547650618793714e-05
3.266068280756424900e-05
-3.160895846254236220e-04
4.532942370151805673e-04
1.927330662229876236e-05
1.921101551648710188e-05
3.200370941218174081e-05
8.891152238828662398e-04
1.146583174246978021e-03
3.203342875366397749e-05
-5.216966477996395467e-04
4.656874882925565100e-04
2.028360198392373365e-05
2.045248536031566938e-05
2.022514864471849610e-05
3.277931453846718413e-05
3.267318976263394140e-05
1.697766313169538215e-05
-1.268386761453220446e-04
6.649119755594314323e-04
-3.069189329936609445e-04
3.256863586869589036e-05
-5.082148759874009943e-04
2.300504912540439625e-04
1.988932381069091637e-05
3.257118490266689830e-05
8.731990206216267607e-04
-3.469564805939177334e-04
1.970147678910132011e-05
1.955620894342156575e-05
3.237669231250545635e-05
3.246520086194721417e-05
1.607624654550724157e-03
1.050448351946868834e-03
8.805181901347751677e-04
7.157499024535019904e-05
1.948602642681449186e-05
1.931315802606167417e-05
1.927042757403787894e-05
3.201740382366403091e-05
6.340132666212564341e-04
1.440343588104042423e-03
1.920588032709831733e-05
3.192396545964784193e-05
1.597600155414809295e-03
9.747952044956994340e-04
3.224365969855114681e-05
3.214128031962149468e-05
-7.885760582344249116e-04
1.941484144050721269e-03
-1.445146001529190800e-04
1.945383326777220699e-03
2.027582621340739746e-05
3.289047811149521731e-05
5.081103196824174589e-04
7.399052759869657143e-04
2.044788058788766884e-05
3.299307531223734320e-05
-8.231277125961472053e-05
8.499988821582103336e-04
2.009223727672281620e-05
1.988019362102497423e-05
3.270442321224823628e-05
5.057763196658316644e-04
7.715577253883322724e-04
3.281754216752521104e-05
3.310053534810092129e-04
2.963394836506876517e-04
1.967064360689838704e-05
3.249493171832808425e-05
8.185992830693734294e-04
1.854756237474272933e-04
1.960125927583092537e-05
1.954927329872193940e-05
3.240107930939576503e-05
-5.449878270159129240e-04
6.196419897983241254e-04
1.951613314938211189e-05
1.937911182450402124e-05
3.215464631549420389e-05
-4.525500998102317167e-04
1.707844562692781721e-03
3.227717570782607902e-05
-4.386990345491715432e-04
1.549566696260644676e-03
3.246575501018481258e-05
3.373038242160448672e-04
3.546403930420328728e-04
1.917726920337707149e-05
1.937050982464327275e-05
3.199649159172169227e-05
3.216556431188806556e-05
1.581294053204137075e-03
-1.573922494445416961e-04
-1.434544151502868884e-05
2.435078013918006963e-04
2.041032421622809986e-05
2.014783960801035342e-05
3.326015933584382527e-05
3.303129570390544285e-05
-4.632923498969949722e-04
3.383627761009538317e-04
-4.974067571453041773e-04
2.560265959885143637e-04
2.004571840924832503e-05
1.986516187703997791e-05
3.285231993183810532e-05
3.302745316847328780e-05
5.753093052101245115e-04
-7.019966631491799704e-04
1.110744773466267694e-03
6.562438688816770414e-04
1.972915106450508265e-05
3.261219298944304900e-05
5.410704161032560671e-04
6.630756579614301887e-04
1.962763056756203298e-05
3.261085848385668324e-05
-2.007137826289459581e-04
5.502279689756924648e-04
1.955605783189135889e-05
1.951879485792431420e-05
3.252751406951081165e-05
3.237995445344985141e-05
-4.850132170938739780e-04
-7.895036486593553886e-04
6.761718815416359546e-05
-3.536705224829057295e-04
1.938374592876446943e-05
3.232885103070746584e-05
-1.918844661652269927e-04
-4.080902119999903752e-04
1.923906953020661120e-05
3.231755562126163516e-05
2.508016237735923894e-04
1.065646999252995407e-03
2.017577853556831483e-05
3.331378722706634872e-05
-1.336124336941549643e-04
-7.884583832402739531e-04
2.012301362472429761e-05
3.325669156579410716e-05
-8.309854071393761544e-04
-4.316794352686353421e-04
1.994431989837457890e-05
1.972709251430915700e-05
3.287390056857771373e-05
4.418713821573244877e-04
9.503405937786368668e-04
3.305577783411545759e-05
-3.768615200493494861e-04
-6.583023838814071446e-05
2.032640309461169364e-05
3.352007038840370781e-05
5.329154180819034234e-04
-1.930604138265112511e-04
1.958138206216759964e-05
3.277018676111160742e-05
1.039571230888422813e-04
4.237994644880559137e-04
1.954209079872099310e-05
1.940645422257861392e-05
3.264010243892698270e-05
3.251587500835237144e-05
-9.048480464510261657e-04
-7.417666429494756009e-04
-2.425202844213590527e-05
1.334868543962473928e-03
1.930355875289036251e-05
3.253800926165639594e-05
2.742849458488595942e-04
1.904467437522513193e-03
2.021819061298401010e-05
2.022905928069667665e-05
3.345100995101972632e-05
3.347615183642928981e-05
-8.062434711093415863e-05
7.143002108649807108e-04
2.986912076686317927e-05
-5.940583666787983916e-04
2.032008626080768592e-05
3.369883420395752718e-05
1.232389934313789497e-03
-8.804625584437795419e-04
2.010793449402841984e-05
3.329256386631225653e-05
-4.512898855877857840e-04
-2.418001830719924842e-04
1.992857130688040771e-05
3.313804454468686833e-05
-4.145784639650974888e-04
-2.625470846754409402e-04
1.976811865557280191e-05
1.964645792792476793e-05
3.301770552899821942e-05
1.727500403385048594e-04
7.270448734113792860e-04
1.957657305344932840e-05
1.952902521560327234e-05
3.271151651505519944e-05
-1.786924581121762320e-03
1.056455331191829151e-03
3.283244930922223363e-05
-1.152092757440689773e-04
3.887711028265981969e-04
3.300993490341886348e-05
3.481465629985987199e-04
1.495120813891199997e-04
1.946247639590523897e-05
1.930946925567095631e-05
3.272577011424045396e-05
1.106824411210367365e-03
1.332284406238834224e-03
3.274444743328453177e-05
-7.111861811095741056e-04
1.477723324759188956e-03
2.031120530358110430e-05
2.035016404619961498e-05
3.375407117582140368e-05
4.996407403780844499e-04
-1.001210160338655538e-03
3.362173786392596723e-05
-8.374191268893340550e-05
-7.438347158334717834e-04
2.025964627152423186e-05
2.010530025224069466e-05
3.337107018594251672e-05
1.631745912314183492e-04
-9.143549968900901515e-04
3.348191485289825098e-05
-5.842627374000818573e-04
-7.670524003408952553e-04
1.988815669596422816e-05
1.976467362567427654e-05
3.326908545205830111e-05
3.319040679968166045e-05
2.134635256562686747e-04
-4.042956456579557069e-05
-1.169977978976744284e-03
-4.073693691918636945e-04
1.964196347820145410e-05
3.318134319439880941e-05
3.278944262311799234e-04
-5.989660023280759214e-04
1.960685017838724965e-05
1.958279071100067659e-05
3.288212101663184320e-05
-1.376894542932273393e-03
9.218706589587390100e-04
3.300112781760015023e-05
4.854856807742561047e-04
1.260244647459993596e-04
1.957590404693419826e-05
3.297870072022456278e-05
-1.023045798189049132e-03
9.571196513678244602e-04
1.946654910498167151e-05
3.302084300832866997e-05
2.200682255401704100e-04
1.371858080900893511e-03
1.932644928950181336e-05
3.295876967971732519e-05
2.405255794448435229e-03
7.607786855722499433e-04
2.031668731005242852e-05
2.022740195579661085e-05
3.357864526215058543e-05
3.348693769192708007e-05
-7.203878824655566421e-04
-5.752667495797407840e-04
-1.369318265849694700e-03
-1.494669760780878518e-03
1.998778049634472278e-05
3.343399440111934599e-05
8.697862657627196620e-04
-1.512032782938710134e-03
1.991066169381438625e-05
3.334245400205444336e-05
9.522188207688777857e-04
-1.319451452260526252e-03
1.979718631248583550e-05
1.967121966568881851e-05
1.965091682558441517e-05
1.965483095845415717e-05
3.323850940056181463e-05
-1.256466296105595475e-03
1.188629524008056638e-03
3.317526779225099352e-05
-1.548864344568154339e-04
6.871287058054064822e-04
3.335912341218904789e-05
3.597940706748702306e-04
2.877069278927005410e-04
3.340507147460295892e-05
3.416254413252756096e-04
-3.670384089497886158e-04
2.034814295906316211e-05
3.367232703915651711e-05
1.706396177633896414e-04
4.619941846637762631e-04
2.039254111268536744e-05
3.378690516783705811e-05
1.311815475069700622e-03
9.262359342803949897e-04
1.946641411457790839e-05
3.317823161630699836e-05
9.767696161952325873e-04
1.915989736377478358e-04
1.939486463457703425e-05
3.312512505310449422e-05
1.869313209055357928e-03
3.255346003178162810e-05
2.029977068521262844e-05
3.355280113634546822e-05
-5.055123915293431884e-04
1.548900702371577755e-03
2.037771923277140141e-05
3.369877176907823911e-05
1.508320754607294571e-04
1.353210992409225851e-03
2.048994532523245050e-05
3.386311167610481677e-05
7.826273201131891434e-04
6.979751071493987130e-04
1.994954227665374829e-05
3.347727847709888879e-05
2.737134289131583267e-04
6.710551646741187877e-04
1.967702295540491920e-05
3.347230988975378508e-05
7.420335968993114605e-04
6.119271983870431869e-04
1.967305934927964748e-05
3.341702279381765061e-05
2.654724814139940593e-04
1.200867285423823242e-03
1.969035486889548551e-05
1.957922808993007460e-05
3.336354314705018237e-05
3.343816525459690649e-05
3.511541615465499063e-04
-6.619176727570028149e-04
-2.228824275465269075e-05
9.696798862372041578e-04
1.948791684406431428e-05
3.326682940732991528e-05
1.101723854228016429e-03
-1.661047987412490119e-04
1.951958969393195398e-05
3.319815855621728519e-05
4.058771306768137882e-04
4.808781358504077589e-04
2.036997922866455943e-05
3.364675373912423209e-05
-1.399523997409004737e-03
1.762355418028661554e-03
2.009060359307157363e-05
3.356341403783291244e-05
-1.807516246896942512e-04
1.473779211612656365e-03
1.982692297312811127e-05
3.349845566267910089e-05
6.227447593074458571e-04
1.036498271238323098e-03
1.963181372518580720e-05
1.955127542708218614e-05
3.350069158556364578e-05
1.471065664140949617e-03
1.466888543365827769e-03
1.963864702863477604e-05
1.963634381088003402e-05
3.344380108901967563e-05
2.390089576815791392e-04
3.475037330626856778e-04
3.350134133781530911e-05
-2.078318887726720589e-04
1.102513483330081314e-03
2.049958313386875247e-05
3.380375434772224161e-05
-4.351637600847947673e-04
1.172388247545128612e-03
2.065377599351312323e-05
3.401699168387243817e-05
-5.020347402861688978e-04
8.098894645409224907e-04
3.348176541387699417e-05
1.454790752871227026e-03
1.242689244422090803e-03
1.955510413142425935e-05
1.959611582415151905e-05
3.320437077411660527e-05
2.995978153406464234e-04
-1.989865800580888574e-05
3.332639244301733173e-05
6.122904519244144837e-04
2.408878051427937848e-04
2.027709559894718075e-05
1.996481276108379090e-05
3.383089293411527265e-05
3.311459953026464273e-04
1.455786245733938118e-04
3.390045785060681724e-05
-9.837263255140645760e-04
4.145737092040679256e-04
2.049962349823862919e-05
2.067719531385765923e-05
3.435205821778304435e-05
-4.095903619863794972e-04
5.907404681622336695e-04
3.398706799523450222e-05
-8.910406584307236331e-04
8.473335542026097207e-04
1.963252209519001222e-05
1.951823902279590186e-05
1.952579060018094073e-05
1.966239485523769488e-05
1.971306378750743734e-05
3.344825211935873122e-05
3.362375077765224619e-05
4.683983970835953040e-05
-2.033075427984821430e-04
-1.015002765735305550e-03
-5.362052700365313234e-04
1.966184144302702462e-05
3.346326269035514677e-05
3.468636427093366409e-04
-2.907015560976355310e-04
3.358154514672638107e-05
3.365993121193161855e-05
3.360002837919654541e-05
7.781538164603258494e-04
5.222898891319301910e-04
1.538389789984752560e-03
3.698247644500677429e-04
1.644656078736070597e-03
6.609438077435628904e-04
1.964072131240911953e-05
3.339891164570564313e-05
-1.027991506444129489e-03
2.188357849736188084e-04
2.021868179241104993e-05
2.051157373101065138e-05
3.437341571102708236e-05
3.418617069138444903e-05
3.156154930381149392e-04
-1.582918219011850158e-04
1.160888506927207353e-03
-3.453625937127125563e-04
2.040984792139610173e-05
3.418602037021817465e-05
-2.797775871616541921e-04
7.146858615095207643e-05
1.988226802651165369e-05
3.401084476288530282e-05
7.530561104613436255e-04
-4.075744872198944864e-04
1.970812339687337905e-05
3.378164173885952906e-05
1.432162710404078073e-03
2.193292765998097749e-04
1.959331629682504219e-05
1.948036319271191443e-05
3.377627751808477577e-05
1.368241448576880794e-03
1.988208190242748031e-04
3.389271290579297917e-05
1.333176305863296648e-03
-7.598044301034202102e-05
2.058453741404248845e-05
3.444342198887940246e-05
-5.230940872351345786e-04
7.264829104943667246e-04
1.973525669020435684e-05
3.372850144070750546e-05
3.637578336377404156e-04
3.366559952725756664e-04
1.975889954219686747e-05
1.967970756338628199e-05
3.361324593342654204e-05
-8.954530884120427085e-04
1.860069405044539577e-03
3.361752248292992744e-05
-3.713230079737401125e-04
1.130075212593984867e-03
1.954675444673225905e-05
3.389004992416462444e-05
7.641762678646089489e-04
1.283061261378958462e-03
2.025785044601289742e-05
3.435754802202067696e-05
1.005759055436023994e-03
2.785907268156729687e-04
2.043468791236939316e-05
2.051564217258980240e-05
3.449231353458837561e-05
-4.984067584553764779e-04
4.701778843154382674e-04
3.441759193432258863e-05
2.390621657201487133e-04
3.092396420107858002e-05
1.995834209072417081e-05
3.424157995083720440e-05
4.850785635145721968e-04
-6.110771210781466584e-04
1.956608680772739363e-05
3.403332439613211246e-05
8.138966811276108441e-04
7.174653792132482891e-04
1.967079093881490048e-05
1.965498981612471901e-05
3.402972061277940443e-05
-1.085337850802647755e-03
7.623166129209223195e-04
1.964069859689423242e-05
1.976263975566994695e-05
3.374596345759778336e-05
3.381755272457636572e-05
-6.406891016678176697e-04
4.150354380683759126e-04
1.850939066475304441e-03
1.601797646715728352e-03
1.968411972209489850e-05
3.383099147015642912e-05
-3.269389466285546023e-04
2.255648097396539744e-04
1.961071809569486286e-05
3.379308763232518367e-05
-5.868543099204911556e-05
5.234340123226627773e-04
3.414282834366607228e-05
8.421497568677444070e-07
9.274583605420903874e-05
2.032436875848262934e-05
2.034723425390917831e-05
3.445078230319138075e-05
3.456376292557251066e-05
6.383388084928688579e-05
1.715682960670996912e-04
-4.634025806380872182e-04
-2.123567502450967313e-04
2.048428656159787182e-05
3.462491230533727195e-05
4.339950805531266769e-04
2.903515691836369619e-04
2.013128331091195938e-05
3.436861032181226771e-05
9.192785737724561319e-04
-1.508380939219183738e-04
1.985171113261146648e-05
1.980988128035206217e-05
1.967431711537930662e-05
3.425242175482999741e-05
3.410840090602751835e-05
-1.540440135858926014e-03
-4.390973663792530545e-04
-1.918244241962845694e-04
-2.768089042941060374e-04
1.964721606670095889e-05
3.394718792376750875e-05
2.876384163717397120e-05
3.414862627078539548e-04
1.965736605400678636e-05
3.384552520177100838e-05
-9.058561425733945190e-04
4.220257391970053492e-05
1.959740786939982352e-05
1.951212297238194392e-05
3.399106564451271413e-05
3.396620470111764880e-05
-5.728470652973335388e-04
-1.108804266312433387e-03
3.226182842642398530e-04
-2.465219116766041436e-04
1.992441519614992636e-05
3.425881093276459966e-05
3.427987362344154127e-05
-2.002212463774447244e-04
-4.339993359719279209e-04
1.731147247990634692e-04
-2.289642888753754284e-04
2.023258327724985212e-05
2.008280770471396599e-05
3.443735981338416142e-05
1.515444242542061861e-04
-6.948153463496578239e-04
1.996465072524007404e-05
3.440657101581064673e-05
-2.625794934177003419e-04
5.612744902014258041e-05
1.985710768234581107e-05
3.442465073951358595e-05
-1.015005323705603585e-03
-2.015204215178400569e-05
1.966827539876308195e-05
3.425747642920249356e-05
-2.508874640691215489e-04
-4.375801888850497671e-04
1.961271087736104338e-05
1.951482017781581020e-05
3.412715633771601419e-05
3.408132283052927800e-05
-1.518696531140315692e-03
-1.881005836399753160e-04
4.489719671523800955e-04
-5.230656762508608789e-06
3.450963363691835688e-05
-2.046876250631974909e-04
-7.872895128420626977e-04
2.028227755882573588e-05
2.045056027469343285e-05
3.472251382884065202e-05
3.459050422375628016e-05
1.270794461029583437e-03
-2.619495565847785733e-04
-1.901683628336827784e-06
-1.932645271079365477e-04
1.939576801774960658e-05
3.417437970338069121e-05
-9.073610267044004117e-05
-4.528086799853149819e-04
2.013344681748068793e-05
2.029627591156612330e-05
3.468232568682855764e-05
3.452225190081003139e-05
-9.806993866005970454e-04
-4.946331429440864371e-04
1.902695777407718532e-03
1.276524554923374414e-04
1.998430630044957694e-05
1.991885135915183515e-05
3.448642370218121811e-05
3.457519688595557788e-05
-6.328154497238268686e-04
9.605539872110682202e-06
-7.240832533601755444e-05
9.848498325682470810e-04
1.980449354631745774e-05
3.450830786655644894e-05
-6.122750574678088474e-04
6.317764206959982374e-04
1.969771651536265819e-05
1.955082369205236447e-05
3.430380323564003597e-05
3.442690190032534996e-05
-4.264758863631901457e-04
-3.123816826092829847e-04
5.558061063407279418e-04
5.526771217361005914e-04
1.943456762171245762e-05
3.425908514034757004e-05
-8.980283768518200829e-04
-3.139967578456234211e-04
1.932993248800138353e-05
3.428393959003473378e-05
6.935774732690341143e-05
-7.077956415402752175e-04
2.041595180390748276e-05
3.477408215133148277e-05
-3.499038883959359591e-04
1.862567600269455755e-03
2.013177982349474715e-05
3.460703512688610971e-05
4.780844599533269298e-04
1.123927764283450806e-03
2.031401591231719514e-05
3.468593116671626799e-05
-1.343179867664543196e-03
2.524703022522502196e-03
2.043708528643938706e-05
3.475846452464303673e-05
-2.341782184472052802e-03
2.956056391126947111e-03
1.979866525969179567e-05
1.999157429821730111e-05
3.458481316723814125e-05
3.466579824554577517e-05
4.464849510235864094e-04
7.378612433565340635e-04
1.810500041634122842e-03
2.112468656377221830e-03
1.972521904861339003e-05
3.450215401561967102e-05
-4.293891984192826504e-04
9.378876583688530201e-04
1.963646007296131543e-05
3.442458521673246965e-05
3.923800403707355163e-05
6.885212662052901146e-04
1.951475087388991389e-05
3.440298258637961145e-05
3.121891373134726469e-04
5.774798721172746561e-04
1.942620487002661686e-05
1.934657692581703996e-05
3.435059938075631244e-05
3.446433194492823073e-05
8.007623241625506179e-05
6.619070057145832022e-04
5.388517922488233157e-04
-5.901968546125659076e-04
1.933258731369081828e-05
3.440590579796396511e-05
-3.479959482771629339e-04
-1.178206270745919257e-04
2.015561715232078339e-05
2.018405675987127330e-05
3.470396519347125223e-05
3.485749892746196882e-05
-6.032022850638245988e-04
-1.198537245414930518e-03
1.912563411936370151e-03
5.732918446171787925e-04
2.038572614089367976e-05
3.494025082070901801e-05
-1.358238354691411985e-03
7.282013643843026143e-04
1.991267880596819004e-05
3.475324508279531676e-05
8.537981283468797956e-04
1.374611387951727142e-03
1.982150262658709196e-05
1.970439906165534309e-05
1.964805276318799625e-05
3.465242156565077523e-05
3.450327115266087631e-05
7.695647196826556260e-04
3.231104289260089022e-04
4.597618233225499390e-04
8.621300735534887264e-04
1.948046376710384502e-05
3.450331624481854523e-05
8.116373678736918309e-04
-6.133925625416727608e-05
1.940552948997922058e-05
1.931468682715640261e-05
3.463078401616117528e-05
3.448029862909585282e-05
-4.903357301500135303e-04
-3.716407791805096230e-04
4.836415127304405023e-04
-3.618689619762065907e-04
3.470558671506422839e-05
1.171491946620551675e-03
7.213462096783883554e-04
2.000795856622368399e-05
3.481530860659487323e-05
-4.798083731846389098e-05
5.026222871465456767e-04
1.935318586692386119e-05
1.936519788392584063e-05
3.453888903170918543e-05
-4.358615275548378748e-04
5.744770316915544326e-04
3.454326238454898156e-05
2.909251562698256222e-04
4.232961961969134595e-04
1.997128112835404437e-05
3.497213727006496067e-05
-7.216558672256959605e-04
-4.190476226398681323e-04
1.991625515133117532e-05
1.982951675153651230e-05
3.484115478822570817e-05
7.033205145171364785e-04
-1.104131027989062406e-03
1.971449557626395318e-05
3.489096972517769348e-05
-6.291709584123041316e-05
-1.156447375896434539e-03
1.959803192323705497e-05
1.951430306582644929e-05
3.466038438561542937e-05
1.327983368252137145e-03
-2.327266598635483654e-05
1.931029356327236773e-05
3.472001533614423974e-05
-9.717395348305998392e-04
6.101850104065181628e-04
1.937681054480895357e-05
3.461084752270156446e-05
-2.314191834829280577e-04
7.407774312148189240e-04
2.018827939587125323e-05
2.033838088914907566e-05
3.512950733091103455e-05
3.593187399179791183e-04
1.416547669617052767e-03
3.499694387007140444e-05
-8.248269360778974534e-04
2.999201059463508286e-04
3.487767441883960699e-05
-9.819776954468980744e-05
-3.059762340764520276e-04
3.482058444484942484e-05
1.346879923123612318e-03
-3.711970884253460150e-04
1.927869365234540226e-05
3.470119706628948712e-05
-3.908991869110163943e-04
4.113205138126760666e-04
1.934573623714107521e-05
1.937992653565948710e-05
3.458090363232934760e-05
3.463793655195957497e-05
-6.730072675472569075e-04
-7.528995882968949119e-05
-3.956858848345671652e-04
3.879334558790372930e-04
1.987930686056906329e-05
1.975188181168504713e-05
3.504904918368903884e-05
3.498283520929336649e-05
-1.162495452929877837e-04
1.035423279063068223e-04
-5.747986438005251060e-04
-8.091568545658735798e-04
1.993277022862008569e-05
3.509994144027103399e-05
3.467598959011080522e-04
2.249692454449286370e-05
2.007259985550073443e-05
2.028559150198948165e-05
3.540781900440103617e-05
3.513368164611517373e-05
2.652824421911237525e-03
1.703176595982687611e-04
2.931371454140605220e-03
3.138011189679250834e-04
1.960585991793257560e-05
1.944686451627376076e-05
3.490921981362508664e-05
2.914540889899669440e-04
5.376757658791089843e-04
1.926440921306966678e-05
3.479996238565739576e-05
-1.128657818927768187e-03
2.565150297285115019e-04
1.930857191712279667e-05
3.465884479806505232e-05
1.208808290326701446e-04
-5.607548857505560225e-04
3.498647968487886777e-05
6.300875697586045404e-04
-1.288934202102059957e-03
1.986225337872432714e-05
3.512351742570330593e-05
5.914283268963126073e-04
7.351977820413366791e-04
2.001653458225198298e-05
3.527939135679997277e-05
8.173222514362755466e-04
1.458464373776715553e-03
