5.030610590655002170e+02
5.031861435381892420e+02
5.031610381480084015e+02
5.029001830983900732e+02
5.026858437612689841e+02
5.031682554882613090e+02
5.030682561602411056e+02
5.033237989497561102e+02
5.032902148485977136e+02
5.029607795438888047e+02
5.025018697839085462e+02
5.020712698313218993e+02
5.029394395039019514e+02
5.031595819885757237e+02
5.037159419177856421e+02
5.037071615385737573e+02
5.031306935025577900e+02
5.026231215548522755e+02
5.016853586885821983e+02
5.012477429777430302e+02
5.027171792242466495e+02
5.025352379985793050e+02
5.027058599955945510e+02
5.032623409789940183e+02
5.037919480170917268e+02
5.041915341408225686e+02
5.042004626715595919e+02
5.040631775929440437e+02
5.035581943427977194e+02
5.030280409707344802e+02
5.024461971783541117e+02
5.016817056749671337e+02
5.008812735197768689e+02
5.007486622229736781e+02
5.001797787721192776e+02
5.024460646852236891e+02
5.021130415647713789e+02
5.019768461966650079e+02
5.017438620433769074e+02
5.012965777619718324e+02
5.024552072078735705e+02
5.029762596079168020e+02
5.042733402518560979e+02
5.043019379712634418e+02
5.050755999050089144e+02
5.048599916454738832e+02
5.042472710381602496e+02
5.034262216453246310e+02
5.025476680355644135e+02
5.013502518257813563e+02
5.003521224923907766e+02
4.997542451944528352e+02
4.989278078928823561e+02
5.009477318207052008e+02
5.014858645151444421e+02
5.014252270571846566e+02
5.027321038985901396e+02
5.041207536568315390e+02
5.055592784376003692e+02
5.065833617786106515e+02
5.060885857152165954e+02
5.053835649434880679e+02
5.044039631007299249e+02
5.038467269376435524e+02
5.024931010551216559e+02
5.015032189476803524e+02
5.000102323365703114e+02
4.991277385900635295e+02
4.980849646243232769e+02
4.975016875474289577e+02
5.008043461600112778e+02
5.002423927733171922e+02
5.053822589187936956e+02
4.999561528991320642e+02
4.996792174950784329e+02
4.990118248540652530e+02
5.003091262672724611e+02
4.997271448812345511e+02
5.014182992216685761e+02
5.030124019434599631e+02
5.045567653542033213e+02
5.057137490032721985e+02
5.072136405963782977e+02
5.088680616098242808e+02
5.077413810454175405e+02
5.068081465052321732e+02
5.065964069288830274e+02
5.050658735743038505e+02
5.052055448351112545e+02
5.038449323644105675e+02
5.025209396811033571e+02
5.010999808654994467e+02
4.996443797275908878e+02
4.983031427803023234e+02
4.986818833580883847e+02
4.979240834509514571e+02
4.967927568187578800e+02
4.966988119210499235e+02
4.958802943606471558e+02
4.983937262648598789e+02
4.986870109172853063e+02
4.980995660969385881e+02
4.998674649592471155e+02
5.018236167066883127e+02
5.036150602533843426e+02
5.064045650263343532e+02
5.070372357677164814e+02
5.086769146715477063e+02
5.102979081618344139e+02
5.117617847068388528e+02
5.097561532356521070e+02
5.081907502964153878e+02
5.087054026755434961e+02
5.066739372678824225e+02
5.045636009853481596e+02
5.036102821302879420e+02
5.017378530617405659e+02
5.006398964125344264e+02
4.989198100065364088e+02
4.979717808962682852e+02
4.963921069768250049e+02
4.971134356270455328e+02
4.956887281655344282e+02
4.951973840781994909e+02
4.941423709780206082e+02
4.983044790553938697e+02
4.975614546395796083e+02
4.968126279986577174e+02
4.967554222243661002e+02
4.959809957906019235e+02
4.972540546982457954e+02
4.955893052848778666e+02
4.968764762925119953e+02
4.984178377119647507e+02
4.992873514768886594e+02
5.007143785214570357e+02
5.024338400154042006e+02
5.051024591895160256e+02
5.090633099407970121e+02
5.091895760850711667e+02
5.119002499536788378e+02
5.138309454447671669e+02
5.138486351228942794e+02
5.121940638720236620e+02
5.115467551130718675e+02
5.091913739546837974e+02
5.071906601461000150e+02
5.051820549853327407e+02
5.052967474627365050e+02
5.100794815648415010e+02
5.028825450932474723e+02
5.002925614546394968e+02
4.999148609258229499e+02
4.980371591828744613e+02
4.967920420434016364e+02
4.952533190307646578e+02
4.941211928984100155e+02
4.951860898508936089e+02
4.937839067750146569e+02
4.932452620390004654e+02
4.922581501036283385e+02
4.952792838439699494e+02
4.950824352279498726e+02
4.951135756372747778e+02
4.942073881421500232e+02
4.940474014474138471e+02
4.954957939985492885e+02
4.972127307141180950e+02
4.974180970060622826e+02
4.996702989259163701e+02
5.029894894652161383e+02
5.060717389890800177e+02
5.096244349168389363e+02
5.113299641729097971e+02
5.128753786707503650e+02
5.117441952629812931e+02
5.138304551348019231e+02
5.154335518309150075e+02
5.160629193156039491e+02
5.152686918950283825e+02
5.137541112879080174e+02
5.136351572465416666e+02
5.117612638200723723e+02
5.092192604708448584e+02
5.073792531044391581e+02
5.046944287712881874e+02
5.021740122614287998e+02
4.998485213085912733e+02
4.974158752528976493e+02
4.952442828186709676e+02
4.945021580247404245e+02
4.933000746646251855e+02
4.916396420874511364e+02
4.917710060260577620e+02
4.933656923414602602e+02
4.937149864803355399e+02
4.922015762732299322e+02
4.912847178336342608e+02
4.902556672751312021e+02
4.934746655872397696e+02
4.933209778647196799e+02
4.923479501900585547e+02
4.920141066974331920e+02
4.932247696428485142e+02
4.947908416228085571e+02
4.945699730462301886e+02
4.957935809857581830e+02
4.976419852225094473e+02
5.007383944330396730e+02
5.027727006131174790e+02
5.052725752098430689e+02
5.078708592950705452e+02
5.110851316553270181e+02
5.131261931368280784e+02
5.145586281200779695e+02
5.163986324382456132e+02
5.193583618867194218e+02
5.183244739562576342e+02
5.165857825626131898e+02
5.147219860230918584e+02
5.118268388729263734e+02
5.097781191693261462e+02
5.071011428070084435e+02
5.044275215270126296e+02
5.011770199769180749e+02
4.981874000553263500e+02
4.954194410836869906e+02
4.947796444514183918e+02
4.926074377767545798e+02
4.921072980030308486e+02
4.899503543957360421e+02
4.892501397152692562e+02
4.895092651642011106e+02
4.905693462606514004e+02
4.890668081474171345e+02
4.881978134253478174e+02
4.917551207700545888e+02
4.915989835979193572e+02
4.913805790285236981e+02
4.903306584831624377e+02
4.896273945282734985e+02
4.893265017725227608e+02
4.912991716111579876e+02
4.922890989935937682e+02
4.925368739342355866e+02
4.945824196798392904e+02
4.966738842307431696e+02
4.994674492720430976e+02
5.007438476767290467e+02
5.037140857870763284e+02
5.073264838575964859e+02
5.125945984131532214e+02
5.146177453597681506e+02
5.174720532395404007e+02
5.207647701038418973e+02
5.234762326444827067e+02
5.224796499116301902e+02
5.216513813265150930e+02
5.211981559605586654e+02
5.186777965497607283e+02
5.168823279140856357e+02
5.137768652597675327e+02
5.110529858457247769e+02
5.075660086353644829e+02
5.049539958554734653e+02
5.022784581022836505e+02
4.993614188392250526e+02
4.961764505313997233e+02
4.924405227397346607e+02
4.908017324571538893e+02
4.895977399404110884e+02
4.877927730456644895e+02
4.871922514979071934e+02
4.871738719353236320e+02
4.870914456993305635e+02
4.871414202825392863e+02
4.860319374015960534e+02
4.932028385416214178e+02
4.886729150900328591e+02
4.897010121519258519e+02
4.894393527183397623e+02
4.873353531492278421e+02
4.874563351678806953e+02
4.871374398496108142e+02
4.879163295645772109e+02
4.900236456551310766e+02
4.898212231526710525e+02
4.920978921335443488e+02
4.939865477779953267e+02
4.979808506727204644e+02
5.010551094750507559e+02
5.046541597895227937e+02
5.093068156142452381e+02
5.131654491403299971e+02
5.159730856924674072e+02
5.172005082146447421e+02
5.196259243045770972e+02
5.224754474653173020e+02
5.254226186190907129e+02
5.279530171210557228e+02
5.265318697753930337e+02
5.254427037990340068e+02
5.232874280416129977e+02
5.200201212974392320e+02
5.176383965033135155e+02
5.147609845192707780e+02
5.141147773509533181e+02
5.115168176625393244e+02
5.084826493273787378e+02
5.064099247044341610e+02
5.019546830483905637e+02
4.977340913660611932e+02
4.944268857161592905e+02
4.913759696896149762e+02
4.894857348108308770e+02
4.888463570164954604e+02
4.883783060830587033e+02
4.868772278646234781e+02
4.862347249804444687e+02
4.859928741258949572e+02
4.853167863808762945e+02
4.850340141832859899e+02
4.853142891553841309e+02
4.838403999378197113e+02
4.882779109835940972e+02
4.902108834137036411e+02
4.872380502432328626e+02
4.861011168416037549e+02
4.851120789165518090e+02
4.851807285933749654e+02
4.853637726803034980e+02
4.855868569922229199e+02
4.856660366699289852e+02
4.874078825438467106e+02
4.870584708802010709e+02
4.903430961031961033e+02
4.919110617699590762e+02
4.945546581634855556e+02
4.984041400557932775e+02
5.010846353614099939e+02
5.029767213904070786e+02
5.068700103853879568e+02
5.102384367642924872e+02
5.145716082133682221e+02
5.170524153455273790e+02
5.191068345521044876e+02
5.230123723262641988e+02
5.264881718254174530e+02
5.314163456285876919e+02
5.323266968471050404e+02
5.323829287714549992e+02
5.274220282971411962e+02
5.259266993499535374e+02
5.213521574866459787e+02
5.182893054574940379e+02
5.155307414520999600e+02
5.124263282807118003e+02
5.085762341230687866e+02
5.094102477031132707e+02
5.053759269276107489e+02
5.021595583738941286e+02
4.980141090358388851e+02
4.939574129232240693e+02
4.903085296030953373e+02
4.876475505452354469e+02
4.866464435998097429e+02
4.857824703254150336e+02
4.840957605467226017e+02
4.836696507464807269e+02
4.837936974492579338e+02
4.826724812336818218e+02
4.827638061967892327e+02
4.816348232982703053e+02
5.000739150453161983e+02
4.839203390545654315e+02
4.826471516860063389e+02
4.833803453953324833e+02
4.826894949203077658e+02
4.838213164355563549e+02
4.833416127909648026e+02
4.843832829531482389e+02
4.835654997923306837e+02
4.862991801671866483e+02
4.890400056177384727e+02
4.907613668172578514e+02
4.947030618962096469e+02
4.987770826182879773e+02
5.005219769616056738e+02
5.056531909884683387e+02
5.089561489280282558e+02
5.140763490075997879e+02
5.182588478089421642e+02
5.216603643603168621e+02
5.272103083614738352e+02
5.296681664583503562e+02
5.315194729844773747e+02
5.298300366459433235e+02
5.237810866572689292e+02
5.207730092257880870e+02
5.161968497456440446e+02
5.133048886451576891e+02
5.107926379655979758e+02
5.077653275742536039e+02
5.053177271708851208e+02
5.014795681218859045e+02
4.973751953540406134e+02
4.932658183309563924e+02
4.908016915887752134e+02
4.869362508026949286e+02
4.843847137181557514e+02
4.845849817318620580e+02
4.836587184059563356e+02
4.821627021620491291e+02
4.806793306276372277e+02
4.806652635041614872e+02
4.820700721519463059e+02
4.806534064001446040e+02
4.806291577208784247e+02
4.805993938151177645e+02
4.805538740280298953e+02
4.793942896157274163e+02
4.817099403333214696e+02
4.806211842447862637e+02
4.806796316502163222e+02
4.807310928163714721e+02
4.818287633529712366e+02
4.803930855773996882e+02
4.810146550699663521e+02
4.800435203267196584e+02
4.816122661910817442e+02
4.836093772502573529e+02
4.868597214397720450e+02
4.877869221069501577e+02
4.911032335480371103e+02
4.930144193396320134e+02
4.964215058748276306e+02
4.976560723191651618e+02
5.019011242715874346e+02
5.051384539519380610e+02
5.063787511153201990e+02
5.096208402629358147e+02
5.120386652425939928e+02
5.153890749189384906e+02
5.210032297845370977e+02
5.242780556778679966e+02
4.820600081565588084e+02
5.274049947853043250e+02
5.244540576669497796e+02
5.199462333375156504e+02
5.164955248134623389e+02
5.129980582262053304e+02
5.092832033027462444e+02
5.048916684855885819e+02
5.019521915025763974e+02
4.979056583228498312e+02
4.937752921112495983e+02
4.892373017282785099e+02
4.886828611039303496e+02
4.850412125484526200e+02
4.827649717252477899e+02
4.812055758506257348e+02
4.806760452991372858e+02
4.790451248626774827e+02
4.767195137206554705e+02
4.776598767679475372e+02
4.775957378762767576e+02
4.785889240754355569e+02
4.783858570490156126e+02
4.772187891093140024e+02
4.792612586703113493e+02
4.794890198621574768e+02
4.786611861900980216e+02
4.776751400363125981e+02
4.785990677140176217e+02
4.777427701957689123e+02
4.778996045430570803e+02
4.782136119223413857e+02
4.780905663174075357e+02
4.780178153953719971e+02
4.783786843928186272e+02
4.797062979487866983e+02
4.840364355079749998e+02
4.855290310912711220e+02
4.892591918028167584e+02
4.882559479523651476e+02
4.936335507467778712e+02
4.987742518364125885e+02
5.029566858637047631e+02
5.053373340995159424e+02
5.094867102623977075e+02
5.125300229227327691e+02
5.133708729965895827e+02
5.177165411546407086e+02
4.797169274990084205e+02
4.808046426435020066e+02
5.213065578058130995e+02
5.181104397282714444e+02
5.150722056545116629e+02
5.125071771880351434e+02
5.112472340141175096e+02
5.096533460699031934e+02
5.061089641616134145e+02
5.055991616002982028e+02
5.007280274482331492e+02
4.956064369517647492e+02
4.898109030227536778e+02
4.848930891084273753e+02
4.810175987394706567e+02
4.790327319705651234e+02
4.775547989079287277e+02
4.777088471167090233e+02
4.776629484809353698e+02
4.759847101543458621e+02
4.740918164088723188e+02
4.739963011485647826e+02
4.752081642300686894e+02
4.757213027958889029e+02
4.760178389372616721e+02
4.761560476353122340e+02
4.758189034977188498e+02
4.750704675198653604e+02
4.773006231092117559e+02
4.760639792007880828e+02
4.756320688605025566e+02
4.761792956783510249e+02
4.755496169026801567e+02
4.755482247479872626e+02
4.760084785173600039e+02
4.757117296433523279e+02
4.755975156362393363e+02
4.755101513455848021e+02
4.750786969105658386e+02
4.767766091256099799e+02
4.811194578350329607e+02
4.826865495813235043e+02
4.848783000367376985e+02
4.894999238119918914e+02
4.953546163844817443e+02
5.005837395212191154e+02
5.142007542372816715e+02
5.150341532026922096e+02
5.153792427190887793e+02
5.136412114817649126e+02
5.128926504291389392e+02
4.836801024060985696e+02
4.807495209157922886e+02
4.765649651985236801e+02
4.772480973596247509e+02
4.747106448026533485e+02
4.745569013445332871e+02
4.749425490662189873e+02
4.726823530767325110e+02
4.711617992190711561e+02
4.719038275681170944e+02
4.735752346488428088e+02
4.741941581049290448e+02
4.738046087517675460e+02
4.740913855659741785e+02
4.740066010833616588e+02
4.729637070743653453e+02
4.751594764736876186e+02
4.740661815110896669e+02
4.740725396820155311e+02
4.738748706264494786e+02
4.738099702580747135e+02
4.739245069630471789e+02
4.729224812384633196e+02
4.731905554963104237e+02
4.735684681723521408e+02
4.725220499421297973e+02
4.728107150828063254e+02
4.702219859192599074e+02
4.720914896553049971e+02
4.741446271698019927e+02
4.786858486208836894e+02
4.803580728343084161e+02
4.836185136792644812e+02
5.142675950139820316e+02
4.776090015868336422e+02
4.710952933650670502e+02
4.704397116447707958e+02
4.734630183328301314e+02
4.695831014764194151e+02
4.707726031087369165e+02
4.713817501143286108e+02
4.690314604576341253e+02
4.681852897422205046e+02
4.686816370808621173e+02
4.692105842965150373e+02
4.715609005261462130e+02
4.722673088649034412e+02
4.716233714266026027e+02
4.724322451445113984e+02
4.721523653152310658e+02
4.709753574945069658e+02
4.730480849437774964e+02
4.720661957501872052e+02
4.717841209873665775e+02
4.720469831540292489e+02
4.717956672775192715e+02
4.697688352544392956e+02
4.708350416259813755e+02
4.708033585393593512e+02
4.694933009284314949e+02
4.698236681846245801e+02
4.673755280188423171e+02
4.659676828855356803e+02
4.671579414410422828e+02
4.688721682972006306e+02
4.727198754791593842e+02
4.775007019214523325e+02
4.765417835437188501e+02
4.655293827833532987e+02
4.646530122107447482e+02
4.666156781249475785e+02
4.640007137067993312e+02
4.664715695100722996e+02
4.687948201730816322e+02
4.677952397151150876e+02
4.655741968293892228e+02
4.661808266877209803e+02
4.653246066223608182e+02
4.663230213019492680e+02
4.665275938040245478e+02
4.685455085315724659e+02
4.694583214426328368e+02
4.705279923233655950e+02
4.706547785045459023e+02
4.699624125112165984e+02
4.690628632270380649e+02
4.710658459450281157e+02
4.700968415422040607e+02
4.703247389286723319e+02
4.697234714279669561e+02
4.701673791946415122e+02
4.696407060222992413e+02
4.679259046319734807e+02
4.667483877509247350e+02
4.685405737165173150e+02
4.680367772744702961e+02
4.665081707068099490e+02
4.640871676785376394e+02
4.621108337951800991e+02
4.627503441438718141e+02
4.647873448008921287e+02
4.642772008866093074e+02
4.682037888829142958e+02
4.711236156699210937e+02
4.609792275914461470e+02
4.582605692373497277e+02
4.625442669926810595e+02
4.601119193823067803e+02
4.596385815019288543e+02
4.624810954557672744e+02
4.629986224616056916e+02
4.626155564689245807e+02
4.630708638769748404e+02
4.642629283337902848e+02
4.646795657568512752e+02
4.663271412271499798e+02
4.677011624247871850e+02
4.675187760711643250e+02
4.683512400379091787e+02
4.681995132612087218e+02
4.672696134762358611e+02
4.653305313431766308e+02
4.691492545677589305e+02
4.682773893716777707e+02
4.683069491374781137e+02
4.680241057509081202e+02
4.685189154343417499e+02
4.667784340253909363e+02
4.655770329817382276e+02
4.643420597342354768e+02
4.647850961808055672e+02
4.658206743584660217e+02
4.654218729026917458e+02
4.625651899846810124e+02
4.605975646825313561e+02
4.588744770925385410e+02
4.598502329647478177e+02
4.578055253949195276e+02
4.608837589498226635e+02
4.596600988145263500e+02
4.648532736391875915e+02
4.560972552367861113e+02
4.520037907235587795e+02
4.579824249281516586e+02
4.556353089155337557e+02
4.553868977733830548e+02
4.580887033140398898e+02
4.601997400525042394e+02
4.597047194085006936e+02
4.590938580048191398e+02
4.602915818866548534e+02
4.608937528163941693e+02
4.618037841159831487e+02
4.630537722613844380e+02
4.628581095760825974e+02
4.640232433380722910e+02
4.657646407935479260e+02
4.664139093545145442e+02
4.664814800277687823e+02
4.656362178745568485e+02
4.673542564923649820e+02
4.666177033318418239e+02
4.662826747807548600e+02
4.651513908802327819e+02
4.665573744408970924e+02
4.644476111571869978e+02
4.629980443441236275e+02
4.616963248099157795e+02
4.626152268000976733e+02
4.634545752716813922e+02
4.613069293732776259e+02
4.597833897159901539e+02
4.593007628204012462e+02
4.566483401905086339e+02
4.549455132760411402e+02
4.516384950873547268e+02
4.557757674116266458e+02
4.538631804246213051e+02
4.584339040881884557e+02
4.537410565734821262e+02
4.501772035385515096e+02
4.456643777674755142e+02
4.508971382457506252e+02
4.539914753067852189e+02
4.569697774775233938e+02
4.561653936873054249e+02
4.570779710738943891e+02
4.590582495098599907e+02
4.594587923159912179e+02
4.597097845474735891e+02
4.613802150700468019e+02
4.614235623493707976e+02
4.626293030221565914e+02
4.632532234118140764e+02
4.648272575272089853e+02
4.647207500456379989e+02
4.641413741118161624e+02
4.520824446632513514e+02
4.657369563945401296e+02
4.652396899104820704e+02
4.650069305828413917e+02
4.643909528755561951e+02
4.635335399349616523e+02
4.627398427380903740e+02
4.612846460454264843e+02
4.609121787300819051e+02
4.593984325200613057e+02
4.591268390675959381e+02
4.600939369164622121e+02
4.585798903497162087e+02
4.574250357969644938e+02
4.569408892684236321e+02
4.536281808308430072e+02
4.521899775530476404e+02
4.493768029829018928e+02
4.466823184208246857e+02
4.468645502223332642e+02
4.504874209416001918e+02
4.477746342745088555e+02
4.521697021522159048e+02
4.483332524476103345e+02
4.445797989154959851e+02
4.401820430500932844e+02
4.394058319770182379e+02
4.468073105340996563e+02
4.465139306209848087e+02
4.500636927887929346e+02
4.510585039401708514e+02
4.541389980074846449e+02
4.525223585402577555e+02
4.542635316097058649e+02
4.543547315977753556e+02
4.552996598396623540e+02
4.573435888376378102e+02
4.578482094241953178e+02
4.582464116656516353e+02
4.590325121210566408e+02
4.601767622779779572e+02
4.606752923219598301e+02
4.617445297150984516e+02
4.627041015710138367e+02
4.634182726930058607e+02
4.628319420132801270e+02
4.603541961926463273e+02
4.637670097193033598e+02
4.642385881867875241e+02
4.641857529757002112e+02
4.635359727533796104e+02
4.628443782355327585e+02
4.616840350192701976e+02
4.600965261629801830e+02
4.595471668831232250e+02
4.579624605958438224e+02
4.573101834407992783e+02
4.572398920232814703e+02
4.560193811272595212e+02
4.548535655237284914e+02
4.517978432698618576e+02
4.500741315057306338e+02
4.470164597869503496e+02
4.439655789375368045e+02
4.417679933610141347e+02
4.437163034571715343e+02
4.458999681954603602e+02
4.429220636004415041e+02
4.405583023212738567e+02
4.366620635617221637e+02
4.347869473685921662e+02
4.333309142051045910e+02
4.435033100834914990e+02
4.475651083930974323e+02
4.497829844626596696e+02
4.516505861557498065e+02
4.533056331621226036e+02
4.541590755551530947e+02
4.561286518142420618e+02
4.568569150262169387e+02
4.575169590131528707e+02
4.579760267123066342e+02
4.592982906376802816e+02
4.602886260630838251e+02
4.609132651115971839e+02
4.617978329178638432e+02
4.622748901745537751e+02
4.617139411154876143e+02
4.433684395713641493e+02
4.632795415000772437e+02
4.629136715726062903e+02
4.629375786291967074e+02
4.620676240997882473e+02
4.611478554709925675e+02
4.603708484015934914e+02
4.590792806795004140e+02
4.582509299809437948e+02
4.570229146990266713e+02
4.561046503245241865e+02
4.555915288426530765e+02
4.555018792740511913e+02
4.546499691966029673e+02
4.533959711749511712e+02
4.509001613279074832e+02
4.491619318868935693e+02
4.468123418672722664e+02
4.440534466320067395e+02
4.426060189275140146e+02
4.397474858156281243e+02
4.371903591626026468e+02
4.364023050975186493e+02
4.395236054906629874e+02
4.395732392244550510e+02
4.396225695406567979e+02
4.408102458562161132e+02
4.393596301960168375e+02
4.416283238950255736e+02
4.447660096321676519e+02
4.469511455097615453e+02
4.489218823196920880e+02
4.496729612591520890e+02
4.512622359102380187e+02
4.519067904581630160e+02
4.527484248986034459e+02
4.539083377712242395e+02
4.552299457905340887e+02
4.560532314508963623e+02
4.570352700176003395e+02
4.570345202934509530e+02
4.580543678231712192e+02
4.592896459035048338e+02
4.599490016662886660e+02
4.603402235955401807e+02
4.611754151439695875e+02
4.608080437196629191e+02
4.378985845576718248e+02
4.321998243155476302e+02
4.308855446396246975e+02
4.268615990763200898e+02
4.622287645176403998e+02
4.618128198264102480e+02
4.619958034450918376e+02
4.613079555678372685e+02
4.605732499066663763e+02
4.592520012667061451e+02
4.580640679306059155e+02
4.574788342185472629e+02
4.568751178402497430e+02
4.555884707977842254e+02
4.544165176638318258e+02
4.547063184436563574e+02
4.539654506990646610e+02
4.534206291061897787e+02
4.522760472628586967e+02
4.501694943802924627e+02
4.485983412643724364e+02
4.470181248327831440e+02
4.445566780888036647e+02
4.420963872754186355e+02
4.411186133560105986e+02
4.398022106777279987e+02
4.360647320296681073e+02
4.341542627284592299e+02
4.331404304776198160e+02
4.314632674575330498e+02
4.335368154158035736e+02
4.361021530822579280e+02
4.600351450934793434e+02
4.367894689886319952e+02
4.351740318889427499e+02
4.371489351189023864e+02
4.355389521403620847e+02
4.381522379323995438e+02
4.397746432800694265e+02
4.419142130927340872e+02
4.441887084968008139e+02
4.463115978485739106e+02
4.477895141734180697e+02
4.495222342452984208e+02
4.502361667176726314e+02
4.516012150940034644e+02
4.527510006711605115e+02
4.542879450200142060e+02
4.551453895311107658e+02
4.558540448796817941e+02
4.561973357209329265e+02
4.564741397285424114e+02
4.572244039794482546e+02
4.577364608902138343e+02
4.584915370532296492e+02
4.590881440906576358e+02
4.596249102291515101e+02
4.598963628414269351e+02
4.601198084930097139e+02
4.604434977442896866e+02
4.275523304962767384e+02
4.261752980598045610e+02
4.224894250830378155e+02
4.206668120769831489e+02
4.311742158416591337e+02
4.612368686489542142e+02
4.613558233021566934e+02
4.604856485994192781e+02
4.598222137383952486e+02
4.588348888627901374e+02
4.580498239226321857e+02
4.573159745705791579e+02
4.567229357140745378e+02
4.559047174766783996e+02
4.548228484445983213e+02
4.538782740608808695e+02
4.529195358642921860e+02
4.534517672680418627e+02
4.524340532619373789e+02
4.514719316589050209e+02
4.496514583714192099e+02
4.479581557278720538e+02
4.460186823265059388e+02
4.436818480735686876e+02
4.422727185218195700e+02
4.399406319408195714e+02
4.400433281495845108e+02
4.383356945652855643e+02
4.358366502856522402e+02
4.332375550151465973e+02
4.316857243204055408e+02
4.304677564789822100e+02
4.289243187678530944e+02
4.265032101580264339e+02
4.271007645249379152e+02
4.608972004006586189e+02
4.325565415677864962e+02
4.283644099336737554e+02
4.246699092810354728e+02
4.232535652475776260e+02
4.213399029130219446e+02
4.175055580177427714e+02
4.142354552063084725e+02
4.356754157090854278e+02
4.336820974895256313e+02
4.318871140741113095e+02
4.372398287064363558e+02
4.399318693667774482e+02
4.419876473676914657e+02
4.442540055595590616e+02
4.459660157744783078e+02
4.468416687214906915e+02
4.483118674793713581e+02
4.498083785453295604e+02
4.509228609137837225e+02
4.520519960403965456e+02
4.537274533818508644e+02
4.547729677117952747e+02
4.555778561870221210e+02
4.568087716740703854e+02
4.571311494250944634e+02
4.579990269608192648e+02
4.586798913254942818e+02
4.584006277675426873e+02
4.591401178072494531e+02
4.591847066016121630e+02
4.595432219203505610e+02
4.595989055083988433e+02
4.597069891535554120e+02
4.605214295818837513e+02
4.605781982713963316e+02
4.602152283350200150e+02
4.596314716396839231e+02
4.599308128165618541e+02
4.589994657647833947e+02
4.582773744863195589e+02
4.577907712033659209e+02
4.571079217550485509e+02
4.564521832055052073e+02
4.556340783937959031e+02
4.549027539067512862e+02
4.539797372720656767e+02
4.529453845220764379e+02
4.520835160413117251e+02
4.515429574812367264e+02
4.507701863431871061e+02
4.491898905784132694e+02
4.475640532779103182e+02
4.462245690638294491e+02
4.446537385375163467e+02
4.427223880105796070e+02
4.412608349159747831e+02
4.388076675164545577e+02
4.369787820134166623e+02
4.347755644246803399e+02
4.316273581874718843e+02
4.298736237113451466e+02
4.282268086640875708e+02
4.266752621688087288e+02
4.246403609407007593e+02
4.221599912373800976e+02
4.208302178798717819e+02
4.377630807740097225e+02
4.291544935063818684e+02
4.250756790367050257e+02
4.210837042059526993e+02
4.178373181320065441e+02
4.126673654147494403e+02
4.121324348760941803e+02
4.079715479603738117e+02
4.337719680604943164e+02
4.350950021145341111e+02
4.369527338638893639e+02
4.384074283429320076e+02
4.402624860295578628e+02
4.416235950742826049e+02
4.430321021649919544e+02
4.447571622344155458e+02
4.449188259869527542e+02
4.464639614105209944e+02
4.466232042726754230e+02
4.480126156629049206e+02
4.490644493791703553e+02
4.500796012968378363e+02
4.510427946768718357e+02
4.516540359524843211e+02
4.527667426651939309e+02
4.536512903975361723e+02
4.544451724479857262e+02
4.545813851253575422e+02
4.554107888895743486e+02
4.562555781489526225e+02
4.563746802796015913e+02
4.569887245048901150e+02
4.575216054867090634e+02
4.580396177087652063e+02
4.584560139316479876e+02
4.589236828587220316e+02
4.593629745667656152e+02
4.595118222024692614e+02
4.596015402761326527e+02
4.314626234035790731e+02
4.289074319234730410e+02
4.600599384264731952e+02
4.598067411204502264e+02
4.593559705271496796e+02
4.587555048285154840e+02
4.579519543823965932e+02
4.573241529238018188e+02
4.570440802785548726e+02
4.562575146091022020e+02
4.557128057142400621e+02
4.549123781614371751e+02
4.542093908716312853e+02
4.529881135976629025e+02
4.518932019027825504e+02
4.509174195716709050e+02
4.502772190841553197e+02
4.494118216864522992e+02
4.479866459093587991e+02
4.463724917831618200e+02
4.449239029071839013e+02
4.425731328001770635e+02
4.398907082595321185e+02
4.381094047361557955e+02
4.365187988637119929e+02
4.339567117314480242e+02
4.304517238754078789e+02
4.278776672669889081e+02
4.264549491884338295e+02
4.247317077752137493e+02
4.229729543672962109e+02
4.205793997130551816e+02
4.173763621659451246e+02
4.144443580359187536e+02
4.596365148429969167e+02
4.262907967852067372e+02
4.260044984070982537e+02
4.276420605504690684e+02
4.297679524221532006e+02
4.313919036465942440e+02
4.333999023266894710e+02
4.338274686046032684e+02
4.356278961494152782e+02
4.380803809632515708e+02
4.403825963547085394e+02
4.426450092060699717e+02
4.436373460134603306e+02
4.451674029461684086e+02
4.452040669992495054e+02
4.471370241742679355e+02
4.486170330700235240e+02
4.502068343639977570e+02
4.509552374093312324e+02
4.519693882761009718e+02
4.527613296550572386e+02
4.536284462076826571e+02
4.536895088002160605e+02
4.545949574550928673e+02
4.549852985222494226e+02
4.558128043458801812e+02
4.566068632441762816e+02
4.573550775640060806e+02
4.223962654300369763e+02
4.185428054348760725e+02
4.157646926150636091e+02
4.131850478140524956e+02
4.094617028311439526e+02
4.086078230813918140e+02
4.051904227650531993e+02
4.016816033257642857e+02
4.586599214262831765e+02
4.591620327573548934e+02
4.596965691180512295e+02
4.596987869925327459e+02
4.591685445807470387e+02
4.585529886225419318e+02
4.581433552377649221e+02
4.574622958103243491e+02
4.572099880832887493e+02
4.565603003973961904e+02
4.555770921643156157e+02
4.553782156628187749e+02
4.546021109194024348e+02
4.538166569183661068e+02
4.529667559893101156e+02
4.519210339309587425e+02
4.507043187235674964e+02
4.496841749786858031e+02
4.483652773534950597e+02
4.473860890808508657e+02
4.455870496932173523e+02
4.443874909962528932e+02
4.427853876505749326e+02
4.409024671507862081e+02
4.392044774858919141e+02
4.372193359963932835e+02
4.344886769721899213e+02
4.320421380126800841e+02
4.297393641681454142e+02
4.279792613182514742e+02
4.253272430421747572e+02
4.247734640507620156e+02
4.226766578049948180e+02
4.211248305470205082e+02
4.190466248399758342e+02
4.157253767157380366e+02
4.119860390726675519e+02
4.080448604181377164e+02
4.594822377374462121e+02
4.242209363008166747e+02
4.234654800506353922e+02
4.213748627334189791e+02
4.194153965630061975e+02
4.154012596406569742e+02
4.128346136585338400e+02
4.106897427117909274e+02
4.066964436243340515e+02
4.050257858474969908e+02
4.017786630504693903e+02
3.978673333241266050e+02
3.953183712051003340e+02
4.260754054073407247e+02
4.288670700188291107e+02
4.299741005627965365e+02
4.324500794312879748e+02
4.314567487461183077e+02
4.322018099944823462e+02
4.338718104874641313e+02
4.354726294128545305e+02
4.366296337686830498e+02
4.379091744159974269e+02
4.393157342745596452e+02
4.408834941179358680e+02
4.417761683621897646e+02
4.436819683959187728e+02
4.438299362624263722e+02
4.446545816876353570e+02
4.458499668022849960e+02
4.470272685267568136e+02
4.479802475817088521e+02
4.490444473389484301e+02
4.499887484324403886e+02
4.508745202254212359e+02
4.518640317249925147e+02
4.527838249779383659e+02
4.532388181385037456e+02
4.541199990563964661e+02
4.527925853772648566e+02
4.596062755460376934e+02
4.592547625076511508e+02
4.587536101759216081e+02
4.567127384002989174e+02
4.559237371852997285e+02
4.550943941178284149e+02
4.547755641046520054e+02
4.537862277114851395e+02
4.529434801747935353e+02
4.519529254603866661e+02
4.509772237964687633e+02
4.501597283620684493e+02
4.494816708584539242e+02
4.484248456986355222e+02
4.472871617937209976e+02
4.463803755269752287e+02
4.451362714161367649e+02
4.440760350181171248e+02
4.425104094578917966e+02
4.414123535900195634e+02
4.399335703349749451e+02
4.381101538681330112e+02
4.364085233977917824e+02
4.351521243649530106e+02
4.335444381307231083e+02
4.320899471014413962e+02
4.303417812737789063e+02
4.280176313533039547e+02
4.272645819225974151e+02
4.255907589899244385e+02
4.232511770011564636e+02
4.224384563457942932e+02
4.200140413558480077e+02
4.197099309109343608e+02
4.175819026795499553e+02
4.155959416162402249e+02
4.118323105336468757e+02
4.100314881717373510e+02
4.063342999222469416e+02
4.015110546526863686e+02
4.203872976396806393e+02
4.219747981376581834e+02
4.239199556725997695e+02
4.251945258766937172e+02
4.274296618909619951e+02
4.282279229591359240e+02
4.301337694128339422e+02
4.305429250389536833e+02
4.321083361669559508e+02
4.335062435055646120e+02
4.348175810673053547e+02
4.364161789872926533e+02
4.383372216216363313e+02
4.396889392484329733e+02
4.398691702702921589e+02
4.410736378775407616e+02
4.424290123857309709e+02
4.433607578322692575e+02
4.445925304131899907e+02
4.457135602572869288e+02
4.468962886282650402e+02
4.476243490698407754e+02
4.483393349158051251e+02
4.490257183464159425e+02
4.495043403489679577e+02
4.504566676095849402e+02
4.514034601252453740e+02
4.523248635191412177e+02
4.173044596083775559e+02
4.136784229915713809e+02
4.118377958130427032e+02
4.090805716110353387e+02
4.052277537555643221e+02
4.026120291681647814e+02
4.013069252912645197e+02
3.976015624275026425e+02
3.931094859045757630e+02
3.887332740327508418e+02
4.079236390251922444e+02
4.542326907932326776e+02
4.533500279228329646e+02
4.529015704417769825e+02
4.519829168478642600e+02
4.510444457992119851e+02
4.500882122031219410e+02
4.492782433600520449e+02
4.485010648281957515e+02
4.472406900528519600e+02
4.461403220760968225e+02
4.449690886935492813e+02
4.437150182696637444e+02
4.420156800822419996e+02
4.405181622980140901e+02
4.389782742397963489e+02
4.373037950457341481e+02
4.353275784539778783e+02
4.342214963970502595e+02
4.320202400189082255e+02
4.303681729258485689e+02
4.290629492582118019e+02
4.273901254925192461e+02
4.250678353247643031e+02
4.256251833320116020e+02
4.238817299208511145e+02
4.220562874992671141e+02
4.200077158967179116e+02
4.176377255814402361e+02
4.173216026352200174e+02
4.156622424859961598e+02
4.136220616164688408e+02
4.099884183936181898e+02
4.074094626512138575e+02
4.078661612957389480e+02
4.049233704789028820e+02
4.009656058672554195e+02
3.982083728071079349e+02
3.952203896268298422e+02
4.178405174188675915e+02
4.198263732085557081e+02
4.202758707064923556e+02
4.227270002168822316e+02
4.245053257147321233e+02
4.264485191699891402e+02
4.267657434137126415e+02
4.285917880306442385e+02
4.287834635120565281e+02
4.304414881154514774e+02
4.318463056965205737e+02
4.330709406443355078e+02
4.342133398916001283e+02
4.354890926554961084e+02
4.369486251828029140e+02
4.379316962485258387e+02
4.390515032648441434e+02
4.401776099235007678e+02
4.411920465825758697e+02
4.420915842969454275e+02
4.422619800535296122e+02
4.430823796936343797e+02
4.439704670233013530e+02
4.448345014652831537e+02
4.460901375683459946e+02
4.468671825671254396e+02
4.480234840576004558e+02
4.485364868672156717e+02
4.154875308332474901e+02
4.122314060633908070e+02
4.100013001444659153e+02
4.067377398246762823e+02
4.032549158059978254e+02
4.009146710095162689e+02
3.980572673089640716e+02
3.943485399997658192e+02
3.904522255555559695e+02
3.885222364891520783e+02
3.844154607729860800e+02
3.821860661596803652e+02
4.524367744600152150e+02
4.515155307250587953e+02
4.510437529149012903e+02
4.500992562448292915e+02
4.490270609556433783e+02
4.482739861836869864e+02
4.472076395132721700e+02
4.461387179275513404e+02
4.459688397455634572e+02
4.450793295404945411e+02
4.440256752242226526e+02
4.427657220808848706e+02
4.417185453414804783e+02
4.409347303071006081e+02
4.398264071725919280e+02
4.386259775234645417e+02
4.372163590106359266e+02
4.360678867271476520e+02
4.348334051728892291e+02
4.337557230297348383e+02
4.324925909760160039e+02
4.308837290181519961e+02
4.291973884467536777e+02
4.281788474408479601e+02
4.265335330139004668e+02
4.254945066630370434e+02
4.235168798263865142e+02
4.226337477683566135e+02
4.228852983507941872e+02
4.200472191230149406e+02
4.174915988609687361e+02
4.153124986131620631e+02
4.156791985956138546e+02
4.140579751211267876e+02
4.119887494305604037e+02
4.084674092761899828e+02
4.067197262185654836e+02
4.036774099477090090e+02
4.015975239148845048e+02
3.992564194727364679e+02
3.951451621352727557e+02
3.914748875891375519e+02
3.888222666602109712e+02
4.050959206093742750e+02
4.177530420669795603e+02
4.160159739556219733e+02
4.140735667336259098e+02
4.124000916747436349e+02
4.104615665392847745e+02
4.094158696305430567e+02
4.069369297125566618e+02
4.044084487114901663e+02
4.016200513646174386e+02
4.003366199418733800e+02
3.977131647885201460e+02
3.947747634480738270e+02
3.911886632181670507e+02
3.870905713753974169e+02
3.858539058519474452e+02
3.808676317166904823e+02
3.784375806745084105e+02
3.757221535898227671e+02
4.181892855001761973e+02
4.187778188882003860e+02
4.208796235972403110e+02
4.227063646388874076e+02
4.240836376637334979e+02
4.255160744069690963e+02
4.271488179815931971e+02
4.277158811331631796e+02
4.290188890595518956e+02
4.302575281142388235e+02
4.315168674981193249e+02
4.326243862145739740e+02
4.338403682480513339e+02
4.348717391061035187e+02
4.359303416924087173e+02
4.366408803288902050e+02
4.375597615807463399e+02
4.388577865721645139e+02
4.400853903805689242e+02
4.413771332664856004e+02
4.410980505672341678e+02
4.421908743402029245e+02
4.430514916104962140e+02
4.438497439151055346e+02
4.445787674125483022e+02
4.456226031140793680e+02
4.465717248226824836e+02
4.475564511612427054e+02
4.505662930860813731e+02
4.496150330717541124e+02
4.491343473695583270e+02
4.482612628656744960e+02
4.477524314133458461e+02
4.466166481391613274e+02
4.453196037278098061e+02
4.441219837504066845e+02
4.428054167217043187e+02
4.416860162976680613e+02
4.404013578891988345e+02
4.389078393489036216e+02
4.376053072506097124e+02
4.360579322039567387e+02
4.347128837321701553e+02
4.337292695261147060e+02
4.324387505400649161e+02
4.312933974762095772e+02
4.298980168831479887e+02
4.293330295909140091e+02
4.280311581339474856e+02
4.269418569630811362e+02
4.255007770927444426e+02
4.246751631564012541e+02
4.232035274930381661e+02
4.220291658290299210e+02
4.211460771393849427e+02
4.205501532716903625e+02
4.177543143876451381e+02
4.150327438451952844e+02
4.130510867681945228e+02
4.132444444497829181e+02
4.104680868336217827e+02
4.076096089940995171e+02
4.045985562584490935e+02
4.012610659727471329e+02
3.994616721943272637e+02
3.975342181555807883e+02
3.954032231828822432e+02
3.911331977887559219e+02
3.889715815064081994e+02
3.866804155817706601e+02
3.823752671671330745e+02
4.164853112078513959e+02
4.175698875864313777e+02
4.195161401738710651e+02
4.211615914035168657e+02
4.220760582164176071e+02
4.234038530470509727e+02
4.246176184871945907e+02
4.261000606458656534e+02
4.276091940264057598e+02
4.286207523698985824e+02
4.296337660238772287e+02
4.306685080207764145e+02
4.313559189701770720e+02
4.322312029977022689e+02
4.328480820842130470e+02
4.338523321833495743e+02
4.347776560745482470e+02
4.357751132160715883e+02
4.367053259891185348e+02
4.378718835291415417e+02
4.391230755034386561e+02
4.401334563407493761e+02
4.410474685280047993e+02
4.415551007124401508e+02
4.425614590705244495e+02
4.435706929445603350e+02
4.142336694786649787e+02
4.124778859246736147e+02
4.107566258873515039e+02
4.087453901852098284e+02
4.077936875337675815e+02
4.052248627533954277e+02
4.044916401112924973e+02
4.026656356566764430e+02
3.998976363555581202e+02
3.991104011445306128e+02
3.963303712996792569e+02
3.950201997459258223e+02
3.919721847507680081e+02
3.880742624287570948e+02
3.834453060262275699e+02
3.829974655640523338e+02
3.780925542464454452e+02
3.749056379291463941e+02
3.734520697119945112e+02
3.693722403510764707e+02
4.455828952748432812e+02
4.486437605609237380e+02
4.476690443130187305e+02
4.471832240492906863e+02
4.460932371867458528e+02
4.451929977939958007e+02
4.441705547271727141e+02
4.429926313727048637e+02
4.422399488462568229e+02
4.411182013999479068e+02
4.401089105088749420e+02
4.391267241557490593e+02
4.381951403082757110e+02
4.372340890273345622e+02
4.360384734673692719e+02
4.350222730844543548e+02
4.338825698280371057e+02
4.327962289612387394e+02
4.315480248307183615e+02
4.309332787219894385e+02
4.302060170814576168e+02
4.288686682805460464e+02
4.278143658501210211e+02
4.270518551298209786e+02
4.256817240419298400e+02
4.242976126705407296e+02
4.241755617766561386e+02
4.232008777588696375e+02
4.218418338261774352e+02
4.205796946802952334e+02
4.194255876300551904e+02
4.189249845206401801e+02
4.168236618523452535e+02
4.150754278637937205e+02
4.124444450876588917e+02
4.113367686762881590e+02
4.108978596157884340e+02
4.081362942747357465e+02
4.049975188562754056e+02
4.025236753722965659e+02
4.000186739861004526e+02
3.977100902918691077e+02
3.958067453465812378e+02
3.933332442586430489e+02
3.886635151241047197e+02
3.862213736730165010e+02
3.831540772331027824e+02
3.789197869799056093e+02
3.759180909734306510e+02
4.160929211862841157e+02
4.169553986374311307e+02
4.183265226800066898e+02
4.193942430741811336e+02
4.206217272940099292e+02
4.213704370784881235e+02
4.229534235437745338e+02
4.245433689346530173e+02
4.263525906771956784e+02
4.274949813624565422e+02
4.284597003914769857e+02
4.295385394201061331e+02
4.306332651601317139e+02
4.317704147667147367e+02
4.328308918611368199e+02
4.339444107004616171e+02
4.348431871928671058e+02
4.357260746606120847e+02
4.369506845522418530e+02
4.366395449867765706e+02
4.146282638300299936e+02
4.129323336538820399e+02
4.119222576535495364e+02
4.102391045581323965e+02
4.085423232913108222e+02
4.067309675443073047e+02
4.047359436233618908e+02
4.029873079556123230e+02
4.022880832719934006e+02
3.998607642092911192e+02
3.975066066864412733e+02
3.948185313671653489e+02
3.933862212207997686e+02
3.907832978637636074e+02
3.878257458961019779e+02
3.839422024103358240e+02
3.802056218510905978e+02
3.779205312557313619e+02
3.803805790474029322e+02
4.379805564845243566e+02
4.389296154583049656e+02
4.395141475697110991e+02
4.405319484925894358e+02
4.065946729740148271e+02
3.855970422717171004e+02
3.743397065862696991e+02
3.710087979885438472e+02
3.687316722866375471e+02
3.632622605786943382e+02
3.626406049460852614e+02
4.466826439595349711e+02
4.456929694685451864e+02
4.446890161625987048e+02
4.436915663480495482e+02
4.431403819211236055e+02
4.421900358986113702e+02
4.419039102421343159e+02
4.410806587860727745e+02
4.400839380920715485e+02
4.391142708148479983e+02
4.379626375169328298e+02
4.366509377576101656e+02
4.354092129109901066e+02
4.340766837854567370e+02
4.329589464851590037e+02
4.318250125758144691e+02
4.308450346606950916e+02
4.298410773611482796e+02
4.286576909506935067e+02
4.276218852889459754e+02
4.268348791173361292e+02
4.256079755089330092e+02
4.244310100536122263e+02
4.233487741057702465e+02
4.222379379692828252e+02
4.209144707755492050e+02
4.201226861855147945e+02
4.185282633633706837e+02
4.166295744593064114e+02
4.146081321170556748e+02
4.134394539629111023e+02
4.112961576720113612e+02
4.100500686883064532e+02
4.075828616756897986e+02
4.095842126292402554e+02
4.180327817981171847e+02
4.057698325487414195e+02
4.035577108829488111e+02
4.015645617750926704e+02
3.983393606086225986e+02
3.971737752235952144e+02
3.945508811520054451e+02
3.939830373933480132e+02
3.915806870520028724e+02
3.887770663152222141e+02
3.857488520874919686e+02
3.841539891530150044e+02
3.800806467672823601e+02
3.770706308768679946e+02
3.741994622929088905e+02
3.694698182260386261e+02
4.154022623295418271e+02
4.147268950519635951e+02
4.134186365625428721e+02
4.124410400889763082e+02
4.111014937821550461e+02
4.099656041998064211e+02
4.090118759584863142e+02
4.075126596447980205e+02
4.068147538986858081e+02
4.047394021114954512e+02
4.023880202324379525e+02
4.003361530212322918e+02
3.975688267154420714e+02
3.958469322175600382e+02
3.939230996154138325e+02
3.917191698175602141e+02
3.890585003350884108e+02
3.855590111349362132e+02
3.822273734148561743e+02
3.792100714349330133e+02
3.765904519855849912e+02
3.738414641618734890e+02
3.702526199927356174e+02
3.667569410437354236e+02
3.619327251731863271e+02
3.575684777756601420e+02
3.557976094983609983e+02
4.177207687274604950e+02
4.189093984486532918e+02
4.202119041216081996e+02
4.216545128261170703e+02
4.223573284637507754e+02
4.235309607402373331e+02
4.244458970172336194e+02
4.254536076193815006e+02
4.264168004355753965e+02
4.275101114024293452e+02
4.286041075181453834e+02
4.291731173227692580e+02
4.302126058907629158e+02
4.312503126537646381e+02
4.322941274006832373e+02
4.333295707281410500e+02
4.343643784228975164e+02
4.354044148883359640e+02
4.364306631194264128e+02
4.374645180269878324e+02
4.384900700701994651e+02
4.165576990977077685e+02
3.913890780285865958e+02
4.426765952171899130e+02
4.416578139096080236e+02
4.406453602080579799e+02
4.396171923989464290e+02
4.385995410245305379e+02
4.380845932495132047e+02
4.371598831737647401e+02
4.360277767328656751e+02
4.348603334272549432e+02
4.340161578318613351e+02
4.330103936769464212e+02
4.321666606192991367e+02
4.308220074618122339e+02
4.293396968842604338e+02
4.285273921418886403e+02
4.276299417231431335e+02
4.267901711142264958e+02
4.262915243703556598e+02
4.250010645630175077e+02
4.236226734052589222e+02
4.223599856297622068e+02
4.209757696857781184e+02
4.198329806845299004e+02
4.190097088953481830e+02
4.178413098925055920e+02
4.167677757985331368e+02
4.152606346641972550e+02
4.131925485387057506e+02
4.120562998826515582e+02
4.098408255646759244e+02
4.080902166188831188e+02
4.057308522889502456e+02
4.031253646091074074e+02
4.014984770268130774e+02
3.990654896882824687e+02
3.964867453861144782e+02
3.954232705346815351e+02
3.922245382832415430e+02
3.909374604394512289e+02
3.869413142043081280e+02
3.839923084419742167e+02
3.810971298932353193e+02
3.752371005319992605e+02
3.741471926145825364e+02
3.700082896287100880e+02
3.642325994395649786e+02
3.628268090571982611e+02
4.159992804752242250e+02
4.147831899926794677e+02
4.139007909046598002e+02
4.124346303940690746e+02
4.109318744131102221e+02
4.098134371779143521e+02
4.088319364884781066e+02
4.074857084899254573e+02
4.061389700223445516e+02
4.060372082070895772e+02
4.049811845676373991e+02
4.037513137154265905e+02
4.028109853494456729e+02
4.010672637463552519e+02
4.000791510979495911e+02
3.977132973417167818e+02
3.957610779628055298e+02
3.939019375802423610e+02
3.918869454243704240e+02
3.898665252663651017e+02
3.876198981875307936e+02
3.853788325183551819e+02
3.822209256603401855e+02
3.776770007391237982e+02
3.756508037662521815e+02
3.726991481505323804e+02
3.696399631405380433e+02
3.657557881655682763e+02
3.614527844976348661e+02
3.566978900442881582e+02
3.514334126484655485e+02
3.526697879083624230e+02
3.493628428482091408e+02
4.138622789767663903e+02
4.191015886243993123e+02
4.177842460622252929e+02
4.169230053887436043e+02
4.207144614259163404e+02
4.217555444398096824e+02
4.232023903031542318e+02
4.244045113276762891e+02
4.254548913704936126e+02
4.264743941481018510e+02
4.270834593633788927e+02
4.281227211787982014e+02
4.375677331525471914e+02
4.365413388780253854e+02
4.355070195172277749e+02
4.344764574508960209e+02
4.334336867882150273e+02
4.324018588502388525e+02
4.318785036250143889e+02
4.313513245894754959e+02
4.303147815144294555e+02
4.297908423627916363e+02
4.292626344201438542e+02
4.282249742839606483e+02
4.271724042762622844e+02
4.261291089154670999e+02
4.256047334208563484e+02
4.244491840999689316e+02
4.235011885504216025e+02
4.224253824450258321e+02
4.211880861576876214e+02
4.203976540726762323e+02
4.198132682189631169e+02
4.184771863785457526e+02
4.169295242438697073e+02
4.153552554159691681e+02
4.139852081348150818e+02
4.127465822120020107e+02
4.116238631448393335e+02
4.103065301787409567e+02
4.086595366109780230e+02
4.081281036585342576e+02
4.067947443458412522e+02
4.050894147875770273e+02
4.032128047228765695e+02
4.013392097318443916e+02
4.001796522463947667e+02
3.973270821849803269e+02
3.945706237514368127e+02
3.934738138603198649e+02
3.900147700037264258e+02
3.876462616914997739e+02
3.849911452721797787e+02
3.819325052495525483e+02
3.807223503059802283e+02
3.776061001799523069e+02
3.736247559792541324e+02
3.710194236489604123e+02
3.697593905097527340e+02
3.643091601856761486e+02
3.584377594825591586e+02
3.559077074271627339e+02
3.894147701863884095e+02
4.151766043575136678e+02
4.165511599975630475e+02
4.173219025453785207e+02
4.181256896185054188e+02
4.191967106469830924e+02
4.202682521804335920e+02
4.210635066323397382e+02
4.218282497744936563e+02
4.224178033324397461e+02
4.228926168122295053e+02
4.239306922151379808e+02
4.249879071047609500e+02
4.260291247356811368e+02
4.139169927759830330e+02
4.127835370828593113e+02
4.115579156707627817e+02
4.107202490717574506e+02
4.095406226093859345e+02
4.087176821776890847e+02
4.075025310658637636e+02
4.061020892754087868e+02
4.044862595209430651e+02
4.030661956923703997e+02
4.021075850555734519e+02
4.004989243525491815e+02
3.994773149542049282e+02
3.980300699965060858e+02
3.960595069167505926e+02
3.940749893493319291e+02
3.920316707237539617e+02
3.900634848376992068e+02
3.879472555078236837e+02
3.862923850596496891e+02
3.842953582100258814e+02
3.830686503023183604e+02
3.808795730677486517e+02
3.793081973106132523e+02
3.765695882762927340e+02
3.739820950632148993e+02
3.737759286680336004e+02
3.711749714602104859e+02
3.685450878833738670e+02
3.652694204743170872e+02
3.593616979740418742e+02
3.543291117209438426e+02
3.509252996221608782e+02
3.470777297909539243e+02
3.440319163271402090e+02
3.470775920022223886e+02
3.426545612632226607e+02
4.250790908105788617e+02
4.240323101063411855e+02
4.229754746015864271e+02
4.219318605261658490e+02
4.213518151014612840e+02
4.203615918695159621e+02
4.200563384816366010e+02
4.192346016872560881e+02
4.181918796969265486e+02
4.171703462718764968e+02
4.161719877105517753e+02
4.152167712997767239e+02
4.139137498658146797e+02
4.125906084314050872e+02
4.115907364433149951e+02
4.102630401483090736e+02
4.090846471095379684e+02
4.076558894297149322e+02
4.058956986466328658e+02
4.042206090934776057e+02
4.031900809740939167e+02
4.012511782686009383e+02
3.989181476925526795e+02
3.965361879199658119e+02
3.950090510830371500e+02
3.927431030109788708e+02
3.918368646474083334e+02
3.895155632201423259e+02
3.868656673150001666e+02
3.836213470911311560e+02
3.804253272664700489e+02
3.773434047200104260e+02
3.720021482383272655e+02
3.683453461355153991e+02
3.670199372771937192e+02
3.622467569194134853e+02
3.584395173961646037e+02
3.530531561380327048e+02
3.519594388546728965e+02
3.492820228023977620e+02
4.069353978833541987e+02
4.154859575950337671e+02
4.144407013891373595e+02
4.139497447722876586e+02
4.128405133507089317e+02
4.117532906375369635e+02
4.107105041638819216e+02
4.096956859944493203e+02
4.086943537289789674e+02
4.075035917917784900e+02
4.083925376612097580e+02
4.160033416827978954e+02
4.165618662649287671e+02
4.176176602312567638e+02
4.186751674855846090e+02
4.197236865000946295e+02
4.207778523242001825e+02
4.066624286495272713e+02
4.056319155187140950e+02
4.045337426180655598e+02
4.032725088996976979e+02
4.017127587293957163e+02
3.999361443836812668e+02
3.994499448500046128e+02
3.989794206770877736e+02
3.974991655387996161e+02
3.960896486835904966e+02
3.947189422476367895e+02
3.930688862809413422e+02
3.921014128232955045e+02
3.902003539103071148e+02
3.882837702336988741e+02
3.868365898835422740e+02
3.849026344092505383e+02
3.824213371905304939e+02
3.810119230883076966e+02
3.781731612456736684e+02
3.758154507221802305e+02
3.735910532870558995e+02
3.707428269379082053e+02
3.708000610246823499e+02
3.677008443035263667e+02
3.643044184623904016e+02
3.599265219759464571e+02
3.546266616782047549e+02
3.501303733530002091e+02
3.457182689309444754e+02
3.421763862833413441e+02
3.383542403514388184e+02
3.371526977830840224e+02
3.359844759697911059e+02
3.413643054923027194e+02
4.208718691276480399e+02
4.198116741379469659e+02
4.192067854235083928e+02
4.181754584166259292e+02
4.171695749802117916e+02
4.159751061296965986e+02
4.146218532944670301e+02
4.139828698794629531e+02
4.127466473814677670e+02
4.117524669769098864e+02
4.106412184923270843e+02
4.093607376938156790e+02
4.087222377249069041e+02
4.070809534062439639e+02
4.057464079664619021e+02
4.046282406680043096e+02
4.032688100857109248e+02
4.023323017914692059e+02
4.007693632074615948e+02
3.995952047698228284e+02
3.978254445475312764e+02
3.957862113406418985e+02
3.943900071393125017e+02
3.929897036709116378e+02
3.911751937214820032e+02
3.905867794070954915e+02
3.881904503988320130e+02
3.852027632421344947e+02
3.819688104209343464e+02
3.779616231740092758e+02
3.741162938871618167e+02
3.685303094018838692e+02
3.643291995589330554e+02
3.637528144738158744e+02
3.588234771475289904e+02
3.524639501409042737e+02
3.465745852473631317e+02
3.489013322725936064e+02
3.464098349172468829e+02
3.426839970879588577e+02
4.133708343182396447e+02
4.123150564642089648e+02
4.117739180258020042e+02
4.112430413161370097e+02
4.101838698671156180e+02
4.091127314496898748e+02
4.080434712680721532e+02
4.069719287991465535e+02
4.063767080264613014e+02
4.054344454682242258e+02
4.044436100739011977e+02
4.036207346716028610e+02
4.021484601125486620e+02
4.009609687951761430e+02
3.999365988112392074e+02
3.990432160630564908e+02
3.983779283968653999e+02
3.964536539009110925e+02
3.951947186752493053e+02
3.935550554773341219e+02
3.918089734567594178e+02
3.911372291673115456e+02
3.895941288077866602e+02
3.880373525686021594e+02
3.858026218454187983e+02
3.835250978566690492e+02
3.828570747185876257e+02
3.815694195203301433e+02
3.796652366377351768e+02
3.770785635876269453e+02
3.741958072473374841e+02
3.712785721578987932e+02
3.679614549508990535e+02
3.675415913142232966e+02
3.641036614777273712e+02
3.603660581014332251e+02
3.551247825768226107e+02
3.502866578455214608e+02
3.448944699336963708e+02
3.402834243757627632e+02
3.353710978170933572e+02
3.316976004734068511e+02
3.312936185674736294e+02
3.291534896528519880e+02
3.884614346245513730e+02
4.187621689487792196e+02
4.176974214740017146e+02
4.166461462684310959e+02
4.161095720118920553e+02
4.151540425075949656e+02
4.139856097665053767e+02
4.132973377824383192e+02
4.119699095021724133e+02
4.108602347940682762e+02
4.096527277016684820e+02
4.086441550386855965e+02
4.079821667591564278e+02
4.066089680868934124e+02
4.055280858140866940e+02
4.047407416530555793e+02
4.032610136054109944e+02
4.018862224306377584e+02
4.007734513213213177e+02
3.994105379312283048e+02
3.976377570268089698e+02
3.959675925450350746e+02
3.940183185492251141e+02
3.920276628702969219e+02
3.902474778874477011e+02
3.893794972082923209e+02
3.870565188069300575e+02
3.847290303589196583e+02
3.825824150927557525e+02
3.799466001673403071e+02
3.775150064137948220e+02
3.741833029049332708e+02
3.712498850333943210e+02
3.677974713331876160e+02
3.644885104197673513e+02
3.596621080367114587e+02
3.549445093163338356e+02
3.486962244339778181e+02
3.463586887591521304e+02
3.414594326820272840e+02
3.395823709007115099e+02
3.443398876705806515e+02
3.411867146200603429e+02
3.359784881356275719e+02
3.604116782209490566e+02
4.058993863897925394e+02
4.048173159169114115e+02
4.037463581483762027e+02
4.034154402635861061e+02
4.025276444449276028e+02
4.010726701956330089e+02
3.999548844464636659e+02
3.988797232221614308e+02
3.978045356338832903e+02
3.965830890528434338e+02
3.953610562533089592e+02
3.944050679265865824e+02
3.931075662796685037e+02
3.918195711004042323e+02
3.907677288936671971e+02
3.899628595580289812e+02
3.886088420902669327e+02
3.872029765916072392e+02
3.857596751465596867e+02
3.842712112417178218e+02
3.830434046801589716e+02
3.816700585423587313e+02
3.790420413063022806e+02
3.774240454276862806e+02
3.751938527208374694e+02
3.720413852697154766e+02
3.689384745642879579e+02
3.648010534801342715e+02
3.643164326874471044e+02
3.601689502019026463e+02
3.566451532156174835e+02
3.506428848326237926e+02
3.455888496108361778e+02
3.398029642863155573e+02
3.362920683994314572e+02
3.314216686805550012e+02
3.271593595551727844e+02
3.262259895609280989e+02
3.249660763029029340e+02
3.219529162833374585e+02
4.155804260252393760e+02
4.145220368095099843e+02
4.134564903001760285e+02
4.127826560240049503e+02
4.119255082537504791e+02
4.109664770647821683e+02
4.101784359815478638e+02
4.086410894873999951e+02
4.076121641791833099e+02
4.063967638154915107e+02
4.053319697572384257e+02
4.043454884233049711e+02
4.032533925254803648e+02
4.021140327316132357e+02
4.018272989319843873e+02
4.009723079741177685e+02
3.999211061134700458e+02
3.988273553311759656e+02
3.980393830788656260e+02
3.971273566561073949e+02
3.960735381797280752e+02
3.944832873134095621e+02
3.923208944116734074e+02
3.901605802558059395e+02
3.884973566689722588e+02
3.863513221080030462e+02
3.843920807680706275e+02
3.819849406529007751e+02
3.797847804267841525e+02
3.762852584143662398e+02
3.710581815180611329e+02
3.734966913099537464e+02
3.690158106799689790e+02
3.649847212796760232e+02
3.673464535953572749e+02
3.641178035836001641e+02
3.606445471531712883e+02
3.543928078708708540e+02
3.473704208364149508e+02
3.438613480221178520e+02
3.407551713370501147e+02
3.345630852732887774e+02
3.277778821881879026e+02
3.231106094798332151e+02
3.207298143043648793e+02
3.210819984612539315e+02
3.186560866098115525e+02
3.150109201181974186e+02
3.598317429886743071e+02
3.539711358902998768e+02
3.504050231995570925e+02
3.457692754058191440e+02
3.426015220590456352e+02
3.363780701405846116e+02
3.344464970608095769e+02
3.314430823663248020e+02
3.365395186271269381e+02
3.312310167997229655e+02
3.291276101377817440e+02
4.026583628292762569e+02
4.015774515609523405e+02
4.004906566221698654e+02
3.993911860493418544e+02
3.983007935059536635e+02
3.977521751447572456e+02
3.966320811044397487e+02
3.955140199121512410e+02
3.943805536949969905e+02
3.940380376144539696e+02
3.930256269579069794e+02
3.918997243392066139e+02
3.907208923773147262e+02
3.895303617310466961e+02
3.880077529147611131e+02
3.867295427543813275e+02
3.859134940962426867e+02
3.847153945479249160e+02
3.838846286223725883e+02
3.829186761240999317e+02
3.817898996297233225e+02
3.791540981638356129e+02
3.763546236072886018e+02
3.804094196609205483e+02
4.123951660039285798e+02
4.113211478379919299e+02
4.102605596242147499e+02
4.097179532709531600e+02
4.091793967600800102e+02
4.081129503950409685e+02
4.075703430454063891e+02
4.071025125242752551e+02
4.062688219453743272e+02
4.053450727022556066e+02
4.044771186896080053e+02
4.038942298304905307e+02
4.026309165177523255e+02
4.012128038521285589e+02
3.999880874656377046e+02
3.987947843375657158e+02
3.976088400915444367e+02
3.967587419110212750e+02
3.955110283167122134e+02
3.943152395650194535e+02
3.926125766105205344e+02
3.908264857476438578e+02
3.893838094892465165e+02
3.883578499035551772e+02
3.866065943958467415e+02
3.850972244513179135e+02
3.835663033608020669e+02
3.811558006009159385e+02
3.830757108309266528e+02
3.991267269296243398e+02
3.783898755687164339e+02
3.558667504926003744e+02
3.504031399246190972e+02
3.471103629625006306e+02
3.398577990011708039e+02
3.324809562719607925e+02
3.302065457017625363e+02
3.269871165348345698e+02
3.256300456993955663e+02
3.243998097188688803e+02
3.218461515946519285e+02
3.406305202489384669e+02
3.373616877460447654e+02
3.319841498888786759e+02
3.285607275017143820e+02
3.224404335251929297e+02
3.179193006396951660e+02
3.146116538440547288e+02
3.149443827701073815e+02
3.132785516016351721e+02
3.080585555583769519e+02
3.079449203479373409e+02
3.437088470690335953e+02
3.971878116730305237e+02
3.960791506173461016e+02
3.949526174736721487e+02
3.938060773923502325e+02
3.926481350133206547e+02
3.914375002236027399e+02
3.901845660676087277e+02
3.893600829578665525e+02
3.880552333846803776e+02
3.867903697751495997e+02
3.861941520453614203e+02
3.853734607840304989e+02
3.845364219758039894e+02
3.836501230787077361e+02
4.070303456358858512e+02
4.059620040336066040e+02
4.048757296075997942e+02
4.037982594830994003e+02
4.032525396505720892e+02
4.020570625487382586e+02
4.010785059567713233e+02
3.999879204418612630e+02
3.988874829675951332e+02
3.978864279553963001e+02
3.964639755537517658e+02
3.949965049513225495e+02
3.933716380295641102e+02
3.919656402818247898e+02
3.907057586496734984e+02
3.893685485975668712e+02
3.881738487303501870e+02
3.869154743039876507e+02
3.853009756292564134e+02
3.847808873802783296e+02
3.856490794736125167e+02
3.863175626617289709e+02
3.866605001839305373e+02
3.869316528194991633e+02
3.910461303561916679e+02
3.334765919841830737e+02
3.370163142346866607e+02
3.323756438419896995e+02
3.260371029718878617e+02
3.191061638810371051e+02
3.153716222239502827e+02
3.114246670148891667e+02
3.066782429080016072e+02
3.091897215910470891e+02
3.044429169005103972e+02
3.027479705689585785e+02
3.009601838217533896e+02
3.271856491149885073e+02
3.240092383180495403e+02
3.196969343759394633e+02
3.179979338470183166e+02
3.148587998548303517e+02
3.279708003420459477e+02
4.027115721262682086e+02
4.016263701112777653e+02
4.005275023510008054e+02
3.994373433965822642e+02
3.983296468933816641e+02
3.972195149335124711e+02
3.961030738672434381e+02
3.954539286058339371e+02
3.943274377038280818e+02
3.932558781986373333e+02
3.920761021373453445e+02
3.906842388055761717e+02
3.894120928646469793e+02
3.882130594852533818e+02
3.870144587830607747e+02
3.871481372164558366e+02
3.859209285129173850e+02
3.864352195450775298e+02
3.867189004140748807e+02
3.867867988946929927e+02
3.296013670357247065e+02
3.227407972100874645e+02
3.146269762002552852e+02
3.114194013738380136e+02
3.090378355483162522e+02
3.045621978294733481e+02
2.986743401101518316e+02
3.023349180859818262e+02
2.996614596470973879e+02
2.972415422326728276e+02
2.935908866597529254e+02
3.215238268453517776e+02
3.184433942858855175e+02
3.140802438325020489e+02
3.123550929348580780e+02
3.126011031174307391e+02
3.111239888257882171e+02
3.080041822466906183e+02
3.240264513420789854e+02
3.949697370132111018e+02
3.938305560392234383e+02
3.926573908636314059e+02
3.914551821792312012e+02
3.902000133750482860e+02
3.881004324540622861e+02
3.869111204486378028e+02
3.190203070036282611e+02
3.151380944223760139e+02
3.112893965667940392e+02
3.077483680951198153e+02
3.070092489162296374e+02
3.048477491627846234e+02
3.045950216742580778e+02
3.011139646149729288e+02
3.062826544114458898e+02
3.034029256822032039e+02
2.986159469189904030e+02
2.922269695355471981e+02
2.916760334741404108e+02
2.942839788216948591e+02
2.916045408787919087e+02
2.863480333867530589e+02
3.093472879306407890e+02
3.067870200579437210e+02
3.033964558151169513e+02
3.018118187571969315e+02
2.990626405140193924e+02
2.975751633923246686e+02
2.936402948142692821e+02
2.985231321961546769e+02
3.007482822384404813e+02
3.044599011262130261e+02
2.956562709744218864e+02
2.900064958320625692e+02
2.858935051787003658e+02
2.849708804478246407e+02
2.869945708299861167e+02
2.864155508859483916e+02
2.812690670751693460e+02
2.789994511755954818e+02
2.988726593104095741e+02
2.979155079981463814e+02
2.940328408123049257e+02
2.916650810748711820e+02
2.863763152986167597e+02
2.911620344888829663e+02
2.847543248701062453e+02
2.825213206606578638e+02
2.797412646595343517e+02
2.766958164353248435e+02
2.773594875000503066e+02
2.815666482221049591e+02
2.830907638149714671e+02
2.953222513922501093e+02
2.749124892276864784e+02
2.714299390647007613e+02
2.917489090203157502e+02
2.903749208103640740e+02
2.839928273043428817e+02
2.790140555015589712e+02
2.773023980950387113e+02
2.726489542979021508e+02
2.694573507125946890e+02
2.709897064844032002e+02
2.675912883477524247e+02
2.677979567980244724e+02
2.643294567049807711e+02
2.916701302975936301e+02
2.864963842665550828e+02
2.865305815052442426e+02
2.812088499337103826e+02
2.790239710708226539e+02
2.728066950671054087e+02
2.858327521909550342e+02
2.800212965968021877e+02
2.802076395618514653e+02
2.773327042773147468e+02
2.725864303600283733e+02
2.672082267541555893e+02
2.647257432527933361e+02
2.612273607783391185e+02
2.653956754300320995e+02
2.656037128753559955e+02
2.606362591343677764e+02
2.562999232420563089e+02
2.856273338489660887e+02
2.828351210523027248e+02
2.773489671351504171e+02
2.747366311190259580e+02
2.714326062642888360e+02
2.747719628135678249e+02
2.723204603774377119e+02
2.719643383238196179e+02
2.676779482361720284e+02
2.677893559413214462e+02
2.643240531309201060e+02
2.733002815585215330e+02
2.697347784845042611e+02
2.645417244810448096e+02
2.603344161952738887e+02
2.561495680276971143e+02
2.556378946633285238e+02
2.598924924131277976e+02
2.521099540632942251e+02
2.511673032770619614e+02
2.485867569863564199e+02
2.686681788646399127e+02
2.667393867732151307e+02
2.613139016103597214e+02
2.565204011518146672e+02
2.539691238284269446e+02
2.480610825325690030e+02
2.506379872232354558e+02
2.494804531896413664e+02
2.445576515023655304e+02
2.434123042659979035e+02
2.444522892602684294e+02
2.411747019103457035e+02
2.651763902459504152e+02
2.654481832923221987e+02
2.606273238373098593e+02
2.562641932452351625e+02
2.622319767672543094e+02
2.564254932356494692e+02
2.562734417158422957e+02
2.521136736843862991e+02
2.511366514679349962e+02
2.485830708769262571e+02
2.530039612208747144e+02
2.487802533938619831e+02
2.426647824174499135e+02
2.402506706433050852e+02
2.430827389870232196e+02
2.392296594827763272e+02
2.353841622652870740e+02
2.378518147459078307e+02
2.333492340068269186e+02
2.598963782503423090e+02
2.509272728132004602e+02
2.461744878457014067e+02
2.420591887949514671e+02
2.366640150921923862e+02
2.320914152012092586e+02
2.375404097756484987e+02
2.347367504548997772e+02
2.281736285809764979e+02
2.289371775687380932e+02
2.251668736372384387e+02
2.497235882870937189e+02
2.442426838597034191e+02
2.441719185812788453e+02
2.447295040879965597e+02
2.412353332744039562e+02
2.441606543400533269e+02
2.385244138039488178e+02
2.378040486978161141e+02
2.357060764870109324e+02
2.380614421564258123e+02
2.333927722928648052e+02
2.352280640135153078e+02
2.302110769641855939e+02
2.255886057249827559e+02
2.228937398209311880e+02
2.278390805604884406e+02
2.231484213399731402e+02
2.175883418317148994e+02
2.220056275088397229e+02
2.214093396177275395e+02
2.176568392266106855e+02
2.326459875096293501e+02
2.313144892124026626e+02
2.284118961768778604e+02
2.228257627156756087e+02
2.199212133850697342e+02
2.149645274559820223e+02
2.135486238406060977e+02
2.192073283784925195e+02
2.310888931194263876e+02
2.275363587733222062e+02
2.289996528676722392e+02
2.251883193190904819e+02
2.149012210036037516e+02
2.093499897813971131e+02
2.095675194425801919e+02
2.266054551920085203e+02
2.229998046408810239e+02
2.173952772063260568e+02
2.220175429646402847e+02
2.215077769975954709e+02
2.176555735175463440e+02
2.234810305070981542e+02
2.167833201653897675e+02
2.138481685394841918e+02
2.067133543491903254e+02
2.085131816666985287e+02
2.074113012317481264e+02
2.015895257664882081e+02
2.017893333369213167e+02
2.073893150988398588e+02
2.012761595838343283e+02
2.197901583245759980e+02
2.142174526243691730e+02
2.142714721074952422e+02
2.095755393028621256e+02
2.149106508708879346e+02
2.093587488151995331e+02
2.108867076427615075e+02
2.059783360079070462e+02
1.989999874099688668e+02
2.012832568513524905e+02
1.928879816521911721e+02
1.945444452611175734e+02
1.959063116324706186e+02
1.931728084511084376e+02
2.085321143872589289e+02
2.053351108172200270e+02
1.992955535812717187e+02
1.939216772778142683e+02
1.897324815972030478e+02
1.956144148904066924e+02
2.074698348351556376e+02
2.020058972758059781e+02
2.016860522602690935e+02
2.073984942946891579e+02
2.012946140945680327e+02
1.854710212034356118e+02
1.856233593946928693e+02
1.889113589683818191e+02
1.847995831415644261e+02
2.020034318626155141e+02
1.964812703439804125e+02
1.956330918890378996e+02
1.938928512713509065e+02
1.957568038404293134e+02
1.931593539771159271e+02
1.930664562563136428e+02
1.877231165241175006e+02
1.826015332717019817e+02
1.800726706006524296e+02
1.799548049354862087e+02
1.763353989982772134e+02
1.806204093770356280e+02
1.763128939388135166e+02
1.905510812062054811e+02
1.892960001454265466e+02
1.853564367308774763e+02
1.801661376006456408e+02
1.753130338085790640e+02
1.708929754687386549e+02
1.719788912847620850e+02
1.675985062877845451e+02
1.723745685501479556e+02
1.677586338072764534e+02
1.891091573157648327e+02
1.851707490342039648e+02
1.889138965442733138e+02
1.848026696236211421e+02
1.847318254690941899e+02
1.807703184709968980e+02
1.759074459826502164e+02
1.806271838534554490e+02
1.763226819974205455e+02
1.823852395118043717e+02
1.775182188842707660e+02
1.715202879937227749e+02
1.688475187866415865e+02
1.639451279257116596e+02
1.662651120229295429e+02
1.655932744819363620e+02
1.594423673137128503e+02
1.594909943274044508e+02
1.593201582314675591e+02
1.656241385548614744e+02
1.776352655592772294e+02
1.719300550333732645e+02
1.636728663796909871e+02
1.636188035749284495e+02
1.567150476212684396e+02
1.589880849537766778e+02
1.505596112730706011e+02
1.519840871867717453e+02
1.534603344216046139e+02
1.508402319167215637e+02
1.719827584524600752e+02
1.676062753801152780e+02
1.723839460013989822e+02
1.677750976024361478e+02
1.664779133943618206e+02
1.596962489699082255e+02
1.542062080785749174e+02
1.570710562308762803e+02
1.520006547435053506e+02
1.475411429565583319e+02
1.533347364988026413e+02
1.428616641981019200e+02
1.433276911856206084e+02
1.458198127643783266e+02
1.420284632941601899e+02
1.654183813288535703e+02
1.597735777986331129e+02
1.594549331750704084e+02
1.593657067468699609e+02
1.656381152886459063e+02
1.531332377384209735e+02
1.513887353321501053e+02
1.528872050666714983e+02
1.507803137231885842e+02
1.507647430707953902e+02
1.473397539818796815e+02
1.456530720463845228e+02
1.410015611168745409e+02
1.381357459399949050e+02
1.375426015886500295e+02
1.334381050408531166e+02
1.377205987991459608e+02
1.330318188598261884e+02
1.456976773111316277e+02
1.411652957667218118e+02
1.391079884494461112e+02
1.438911745547980843e+02
1.382452242101491038e+02
1.354325244576533294e+02
1.295810829145936793e+02
1.296806052461555225e+02
1.250096727656044067e+02
1.296560517273211417e+02
1.240889171727165063e+02
1.458115802056971972e+02
1.420153042713860430e+02
1.421853328957034250e+02
1.384829416442664751e+02
1.336607711483142964e+02
1.377151509116906993e+02
1.330304463793408445e+02
1.351975549560414720e+02
1.299417526080535197e+02
1.307509639690826191e+02
1.297246456616054786e+02
1.216868521491757207e+02
1.232119407805233067e+02
1.185771208717400356e+02
1.167720148832237186e+02
1.152515186880258682e+02
1.224695126260276936e+02
1.289496028541788917e+02
1.250078982561072110e+02
1.296530372816864940e+02
1.240875827808936691e+02
1.217383504484207464e+02
1.223345448290331916e+02
1.132927376942986086e+02
1.165360245542943431e+02
1.086087993419830156e+02
1.094832019330678179e+02
1.101118334015154687e+02
1.063508983099576000e+02
1.232496672996222031e+02
1.188751274147211632e+02
1.167456809402469418e+02
1.118458411041798541e+02
1.086372405747340224e+02
1.037833756964052583e+02
1.044370926650157685e+02
1.107182747094456374e+02
1.168073895370072535e+02
1.152504527864498272e+02
1.224731130000792660e+02
1.156234760775048471e+02
1.002833928309139537e+02
1.010047160347248791e+02
1.028970620656039614e+02
9.715835135898639408e+01
1.096980561062067494e+02
1.103889643705600321e+02
1.026012698753970938e+02
1.015856833065557367e+02
9.622250550110497613e+01
9.803037133557273819e+01
9.520286442484287193e+01
9.551135375287050522e+01
9.194700910635184243e+01
9.271815771394456362e+01
8.748630318904749004e+01
1.101692155772703359e+02
1.063518196790926993e+02
1.016187643182398688e+02
9.633785811970852819e+01
9.280940003828916929e+01
9.668594760357954954e+01
8.768544415532414860e+01
8.966571213817186958e+01
8.702578291922483800e+01
8.730760498385870960e+01
8.390492243389226701e+01
8.301844679371818359e+01
7.850260381493106365e+01
1.029347982109808157e+02
9.716238002878570512e+01
9.272585599989518812e+01
8.749686382331053380e+01
9.199003235397510991e+01
8.695641766337303125e+01
8.736866995027340010e+01
7.903104446055233723e+01
8.008249302978224193e+01
8.031373979205108071e+01
8.103968042271820593e+01
7.635418490373575651e+01
7.459663131322055563e+01
6.876933360829346498e+01
8.314419906929602178e+01
8.391453433326358891e+01
7.684272582113261763e+01
8.093966372605760284e+01
7.450150544881216774e+01
6.907413392753585413e+01
7.332944767839804001e+01
7.097696871064945867e+01
7.419858522348322083e+01
6.615806725392079102e+01
6.660909884943113468e+01
6.520272618545851628e+01
5.948718259447196033e+01
7.851548121973310401e+01
7.468215370455835966e+01
6.880438359085562183e+01
6.729165549675863645e+01
6.855338152951424036e+01
6.171903889811549959e+01
6.623363646555769435e+01
6.062367907611539408e+01
6.206189806931820385e+01
5.913687234289456995e+01
5.979287712742625160e+01
5.836446124569837934e+01
4.959765674389898038e+01
6.834858586763159849e+01
6.523654056768266685e+01
5.958976523599863384e+01
5.793145302852094858e+01
5.386414341352931245e+01
5.236890067258715931e+01
5.877388823651635619e+01
5.292415231241614038e+01
5.275086589480933696e+01
5.342401869278721449e+01
4.978717723749627311e+01
4.271972395550235291e+01
3.996981243004462669e+01
6.186632213624505994e+01
4.947109646304726738e+01
4.860286345871900693e+01
4.558918867375286510e+01
4.323318671379199429e+01
4.509112308201247998e+01
4.480131843960791116e+01
4.269669517887443533e+01
4.587258707758550713e+01
3.954000300414853797e+01
3.539692814308644131e+01
3.002014959229288849e+01
4.260197844588535077e+01
3.950101522074856319e+01
3.731108854909289363e+01
3.566323117698996015e+01
3.586506206241731576e+01
3.526285741948194641e+01
3.704012741748477566e+01
3.195812259431601987e+01
2.749127649679701335e+01
1.956355451187649308e+01
2.006853187346016654e+01
3.996767944660688698e+01
3.528576158703620536e+01
2.999711900570737200e+01
3.212715305675675381e+01
2.860472540729081103e+01
2.612472198271404267e+01
2.707736757183666043e+01
2.770582623809318079e+01
2.452946987980390148e+01
1.630377589822161610e+01
9.474466556402548534e+00
9.926914615777466366e+00
2.742506294157189828e+01
1.962926948859664122e+01
2.006114213273447433e+01
2.458449344465550723e+01
2.111753154162882140e+01
1.700724619832035245e+01
1.824886136318911056e+01
1.968939441914616850e+01
1.823955875416809747e+01
8.814048153533686758e+00
6.195133305141532709e+00
0.000000000000000000e+00
4.899618181337032752e+00
0.000000000000000000e+00
1.619445885123806761e+01
1.356171838006151198e+01
7.450779569933328794e+00
9.155927830340367279e+00
1.356948230377102860e+01
1.311788085255401803e+01
6.669630146651673641e+00
0.000000000000000000e+00
9.926235887918000600e+00
9.383768406395770256e+00
7.935307492393374851e+00
0.000000000000000000e+00
0.000000000000000000e+00
0.000000000000000000e+00
0.000000000000000000e+00
7.199980084925379664e+00
6.695096794834834775e+00
0.000000000000000000e+00
4.828490843322184034e+00
0.000000000000000000e+00
0.000000000000000000e+00
