1.030820902776103249e-04
1.027356272271179663e-04
-1.312017467822176807e-06
3.822062158580126490e-02
-3.089255026647802407e-03
1.029814269363260365e-04
-1.136498229557463803e-06
3.838219775767112013e-02
-2.586310099101065546e-03
1.032826112008147231e-04
-8.102535180630396288e-07
3.785503804936713595e-02
-2.122687772869721184e-03
-7.099369379059963097e-07
3.672292381004715195e-02
-3.839136458976161268e-03
1.029995478583887764e-04
1.029776327461283880e-04
-1.379899357280676661e-06
-1.815594556719029094e-06
3.995861305225067300e-02
4.085154034984885690e-02
-1.579915260940049178e-03
-3.918517945477506450e-04
1.028668330176998641e-04
-2.028090994209490574e-06
3.882733752827276924e-02
-3.667516651538375665e-04
1.031897010161401739e-04
-1.109783578754352387e-06
3.901952443770252688e-02
-1.182377559460006614e-03
1.034376926179259498e-04
-6.984534643475518357e-07
3.836737137414432397e-02
-6.824597948846543609e-04
1.031786612910520491e-04
-1.403640052778483224e-06
4.087858922556564245e-02
-7.846068099956271871e-04
1.033478922659962078e-04
-1.689395973485683587e-06
4.094989124215255016e-02
-5.409784801458988532e-05
1.034857540877887159e-04
1.032402746860139868e-04
-2.751998905344221297e-06
-2.235963403372237286e-06
3.816976834744643943e-02
3.936116893902232711e-02
2.410727252056328162e-03
1.034276094712322609e-03
1.035693951868193281e-04
1.033672035771420296e-04
-5.917496909375603631e-07
-1.080984636924966190e-06
3.814130586632490105e-02
3.973848350353536424e-02
-6.175302645210839969e-04
-7.396332018512145196e-04
1.034702124838720742e-04
1.036326218740312875e-04
-9.335708150510618521e-07
-1.338408902515207650e-06
3.975018617857098424e-02
4.097124797370214899e-02
-7.369226974171798773e-04
-3.618633948087592814e-04
1.038223600433227210e-04
1.037733382636031333e-04
-1.956634911238799491e-06
3.930957644208753904e-02
4.255936762548649752e-04
-1.613177233325034459e-06
3.984078933814260565e-02
8.590479536166560355e-05
1.042856592943601626e-04
-2.713545481932718868e-06
3.781470979938085508e-02
1.179089079150330739e-03
1.037565506774290857e-04
-2.748880294265239410e-06
3.812006140604218968e-02
2.273013797146481146e-03
1.041270282987556060e-04
-3.378622956725435423e-06
3.682962336477327292e-02
3.263989287656280432e-03
1.038413526997187663e-04
-3.790655889266016362e-07
3.822928718927167541e-02
-6.059781218195998357e-04
1.037773989866082845e-04
-1.186691356275845163e-06
4.052270413989731562e-02
-2.706743323084834013e-04
1.041799482182570664e-04
-1.568499443282078582e-06
3.921759790106299493e-02
2.957430620248006100e-04
1.045398624109188519e-04
1.044300771610512314e-04
-2.379491999494773682e-06
-2.022501059460675215e-06
3.837664778798718229e-02
3.845549100366515982e-02
9.091901426280156679e-05
9.237590434011395241e-06
1.039461774183758727e-04
1.041101821850252490e-04
-7.238872802721768707e-07
-4.408771554162529718e-07
3.955834299192553111e-02
3.868866631108318355e-02
-9.111935648748038623e-04
-1.052764293811120485e-03
1.041419260358215833e-04
-1.554403109766590649e-07
3.846518704921992465e-02
-6.066381937036991866e-04
1.039749293418026687e-04
-1.022415780935248898e-06
4.022984128826663508e-02
-3.878670601903360239e-04
1.042160097617068302e-04
-1.315644036139660298e-06
3.946223127264614217e-02
3.162938147448677521e-04
1.043290282221376363e-04
1.044170042756597687e-04
-1.003907698457821316e-06
-7.168422573220881297e-07
4.000545560755083135e-02
4.008187159039369729e-02
1.689260562721416926e-04
-3.843278314617782341e-04
1.042932610260528223e-04
-4.403085461121341091e-07
3.912895571510615483e-02
-9.488554608486919660e-04
1.044132643249321454e-04
4.238135871160213551e-08
3.816996652022754122e-02
-9.253058418902957230e-04
1.047019972579390828e-04
-1.787409987376777985e-06
3.853725887729776006e-02
-3.934266504174309436e-05
1.045488842555185142e-04
-1.409708872932463658e-06
3.870818110572978032e-02
4.300993829733813366e-04
1.046890158226197851e-04
1.046950108261086859e-04
1.046594952901256059e-04
-5.636083923157872691e-07
3.996630323907578164e-02
-4.047637108501963470e-04
1.044994728180621856e-04
-1.899755562452328571e-07
3.875604139059499881e-02
-1.238468891557726031e-03
1.047145696232089807e-04
2.450299241188115182e-07
3.805616835944339998e-02
-8.362275392191628525e-04
-1.266791751523273796e-06
-9.761024422019714359e-07
3.921077922253553283e-02
2.222962664467479125e-04
3.865490335907188074e-02
5.397733589382648633e-04
1.049359820820354835e-04
-1.611320135560228668e-06
3.861580427867804949e-02
8.978014122094979453e-05
1.051681302938260146e-04
-1.425240701229079714e-06
3.825242477566782179e-02
2.111109514779366172e-04
1.049731676422953087e-04
1.050654398500064314e-04
-7.189676968023941441e-07
-9.749329999978551395e-07
3.902096141614981584e-02
3.884411529107168609e-02
4.876836884771761885e-04
4.554882375416405868e-04
1.047179450643352682e-04
-1.568576608836945167e-07
3.902961834836930072e-02
-1.112060113600514414e-03
1.048999958529260145e-04
1.208782602599970236e-07
3.834178718919645928e-02
-1.091545842678836404e-03
1.050353328970846946e-04
4.585188390807192516e-07
3.819379513562484729e-02
-7.100827879611009991e-04
1.049050310813690181e-04
-4.192220490920025342e-07
3.986855909542512399e-02
-2.505073265856969816e-04
1.054266307583904140e-04
1.053406534616185472e-04
1.053285384685504476e-04
-4.734435172963141833e-07
3.924034366373525123e-02
4.054805919236073521e-04
-7.518656277850892038e-07
3.851860564456197067e-02
6.547579761996980691e-04
-1.229458822695230416e-06
3.827645699363145526e-02
1.781791372884730055e-04
1.050199473151217783e-04
-1.339630795853667502e-07
3.965013750279228200e-02
-5.964357692805634902e-04
1.051041055246484289e-04
2.969465894179796145e-07
3.821508048497224835e-02
-1.158051713109973201e-03
1.053148550533157779e-04
6.417527079949830393e-07
3.787348323116377508e-02
-8.463655976560833334e-04
1.056616077610348075e-04
1.058391372708349451e-04
1.055700563990922587e-04
-9.184736459802483389e-07
-4.314800729818746561e-07
3.797719090505037587e-02
3.884987397367399564e-02
4.526548934998470605e-04
6.307290640282862655e-04
1.053204961913379781e-04
-1.638745782135990589e-07
3.961088181891753851e-02
-1.110028789885626326e-04
1.052445488226025957e-04
1.054623016454013122e-04
1.056256809169565735e-04
8.082814904671394520e-07
3.720005368418934504e-07
3.787317142460458474e-02
3.884536612087720331e-02
-6.687020005468810851e-04
-9.653391523828694061e-04
1.911121235874101959e-07
3.897578442594212128e-02
-7.827222799067104584e-04
-1.089766770555863975e-06
3.839105094846992361e-02
1.322874463322039730e-04
1.060322548150980759e-04
1.057198804068687281e-04
1.054805361425989718e-04
1.056303887702178448e-04
1.056723879727895023e-04
3.735326025647157005e-07
3.898126492164263879e-02
-8.544594869208381894e-04
1.058479640703099300e-04
6.157153194898384889e-07
3.823129164676562775e-02
-9.327634911674352559e-04
1.059386567930687719e-04
9.208458925819518336e-07
3.792101763170263595e-02
-4.645485893839739833e-04
-8.132824230609716439e-07
-3.083438608458579470e-07
-2.494067416360784170e-08
7.985338546950958253e-08
3.945696556177657327e-02
-2.888972747362518511e-04
3.952995333020937335e-02
-1.163088535241657583e-04
3.887317621769436488e-02
6.899724980216481859e-04
3.802239123974202051e-02
4.660040004148169497e-04
1.059531633252630702e-04
1.058599036018935223e-04
1.059663917568716071e-04
-5.314327691464184997e-08
1.776375362822800327e-07
3.944995045955505125e-02
3.965721643148305275e-02
5.248206910195965308e-04
-6.054542208129496110e-05
1.059601898794464847e-04
4.990222284239827254e-07
3.869493163594476398e-02
-6.965180272806355700e-04
1.062003224573075796e-04
9.967824877378154914e-07
3.773515083060356712e-02
-6.499387328078490940e-04
-4.891476466079990253e-07
3.819947573405671482e-02
8.844155622410411000e-04
1.062111083246692521e-04
-7.646088465208890106e-07
3.808919072815699497e-02
5.439880140246611219e-04
1.060587691605864119e-04
1.063494037485387196e-04
1.060956595228622600e-04
1.061601004641698473e-04
1.061884449557201984e-04
1.856658677766668866e-07
6.259738985707203093e-07
3.964964198797197442e-02
3.828904861577766411e-02
-3.815429578189757685e-06
-8.536926015439522076e-04
1.064487655322761688e-04
1.049360171962305985e-06
3.788082692084945857e-02
-4.261483428533997505e-04
-4.121296896619632978e-07
-7.291843182170282793e-07
-1.918572718387133622e-07
3.875369831626839651e-02
6.923512172601639734e-04
3.772104224991210120e-02
3.820174664468398845e-02
6.422572065082855428e-04
9.850212854808279832e-04
1.062642907656954000e-04
1.063389864841506440e-04
1.064796787746347605e-04
-7.430284637539882177e-07
-1.955962844251632623e-07
3.769019428322419041e-02
3.857336576081436819e-02
4.581262447213420384e-04
7.353520704092958958e-04
1.063860109866798489e-04
1.063299420500015828e-04
4.749533107812685590e-07
1.520510901995390173e-07
3.875878973958523516e-02
3.956168355741072201e-02
-6.395373936926333162e-04
-8.592154997431347924e-06
-3.254566847506026856e-07
3.836878730448924774e-02
8.064632762087598503e-04
1.064217402507043516e-04
7.884821474782679254e-07
3.785085772100643675e-02
-8.857818933307593911e-04
1.066632906838835851e-04
1.038529004632064306e-06
3.781728922747759625e-02
-6.939089242091719999e-04
1.065967688318608268e-04
-8.151014696290446456e-07
3.772280303130089163e-02
5.556578075218019048e-04
1.064731967174512294e-04
1.065257896753602456e-04
1.065375277453700420e-04
5.948995391244446333e-07
3.822432731272407125e-02
-8.766971919968766886e-04
8.823621822738572350e-08
3.948409795195523958e-02
4.186093737205583278e-05
-3.161688309630780980e-07
3.839937773957076417e-02
8.153752037297460915e-04
1.068518625248948201e-04
1.059096439428438636e-06
3.796675886421058133e-02
-5.717298292102371369e-04
1.067001817343474110e-04
1.065981200962010214e-04
-9.132239140732726161e-07
-4.367929178751959746e-07
3.769063880764535190e-02
3.836753687380380085e-02
6.001821234655564576e-04
8.177738612967826387e-04
1.066267570307147456e-04
3.395218562445149678e-08
3.940459722012512600e-02
-5.605618179003420468e-05
1.066701306425298551e-04
4.271159275036278682e-07
3.866232280186301939e-02
-7.651531132074085870e-04
1.067765891427997397e-04
7.653834603121477807e-07
3.783187458120042951e-02
-1.034919382281155762e-03
1.070018393420120727e-04
1.015219771168594785e-06
3.772019010757655250e-02
-7.166668512122315862e-04
1.067970344744240623e-04
-1.011437741285501528e-06
3.761471199352044159e-02
6.460362617392887774e-04
1.066925561320503378e-04
-4.338634875083207688e-07
3.865683534626851436e-02
6.661027618542487549e-04
1.067108616952291950e-04
-3.230629899720143384e-08
3.934475661428979421e-02
-1.116635067523441663e-04
1.068055345442318134e-04
5.709452461260373649e-07
3.814274818471662110e-02
-1.020903226369157882e-03
1.071002212745568926e-04
9.870615817146253029e-07
3.767080820769327237e-02
-7.989820369619995977e-04
1.068910914860463898e-04
1.067693647650235454e-04
-1.116369314468546317e-06
-4.817237795432555378e-07
3.769665148678318783e-02
3.875474254821083958e-02
6.776690285681012194e-04
7.484502486942241819e-04
1.067692465227364223e-04
-8.830948356336373605e-08
3.928459504941232000e-02
6.923676299985120648e-05
1.068327441811292187e-04
4.019788914926928115e-07
3.844815550822702072e-02
-9.421700160440064963e-04
1.069622698421373604e-04
5.764088572455460047e-07
3.795091968096240415e-02
-1.111430401542927871e-03
1.071737085204019474e-04
9.747021776966919266e-07
3.785924101019344512e-02
-7.340677159480338537e-04
1.068571149470366949e-04
-7.840212782120230727e-07
3.813773577933228520e-02
9.620441616008233330e-04
1.069804677777092092e-04
-1.208334906925202577e-06
3.785944416131997725e-02
5.149172961290074272e-04
1.068446255626565212e-04
1.068529762505838039e-04
1.066228911756266464e-07
-1.868716065926269796e-07
3.925904011589601700e-02
3.949776589316331132e-02
-6.272866897369395577e-04
2.253253548990177344e-05
1.068490409379960551e-04
-6.139018652375666428e-07
3.865100292980545860e-02
7.649077508431503499e-04
1.070183344538908765e-04
6.071562857041210344e-07
3.786207597612840231e-02
-1.120998135225431550e-03
1.071832829341947974e-04
9.468977551898465510e-07
3.761900854580062237e-02
-7.366478234448907208e-04
1.070252333280135258e-04
-1.275256211029370621e-06
3.769467450333188058e-02
8.009160344131601881e-04
1.069097232917332448e-04
1.068883135920021215e-04
1.069833074667895931e-04
-2.096359938247874398e-07
4.274657741180012436e-07
3.957160635412946409e-02
3.818639094781482030e-02
1.498504643677137798e-04
-8.198726264740011744e-04
1.069281830117629878e-04
2.804799471540417300e-07
3.855139834899849738e-02
-7.460521477504833757e-04
-8.167780817277241869e-07
3.832655074644010507e-02
1.020558540581290204e-03
1.071908260793405070e-04
9.469854431725158602e-07
3.783786476416615974e-02
-4.065566671322629272e-04
1.070780892092427561e-04
1.069151341648563914e-04
-1.329889718845636549e-06
-7.131444391676802842e-07
3.775742039777728321e-02
3.853667342084891173e-02
7.546011573976845474e-04
9.832436694418740779e-04
1.069128419419610235e-04
1.069485129594892092e-04
1.723861025535929066e-07
-2.486023623151578064e-07
3.873525482144390270e-02
3.956955279530140895e-02
-5.516006202597054315e-04
1.464230512451790433e-04
1.070302905760686559e-04
5.926837495159051940e-07
3.786918469552115474e-02
-8.183978229589112001e-04
1.071466889217569292e-04
9.445166125356186722e-07
3.780502202731228500e-02
-5.999468627581337797e-04
1.071156455111257465e-04
-1.393380218765440696e-06
3.779249659531031674e-02
8.683856831153423427e-04
1.069327967189586954e-04
1.068993540101989027e-04
1.069479635824078660e-04
3.717780098517175574e-07
3.826245101188420483e-02
-7.816912895862896749e-04
-2.486850656622849804e-07
3.955381526850709067e-02
2.332390741036307236e-04
-7.916723262957560206e-07
3.847521788750755262e-02
1.094589499030141190e-03
1.071025000362434148e-04
1.019354137552162677e-06
3.791380746487643671e-02
-4.351365003777467539e-04
1.071274834748295947e-04
1.069220736570300641e-04
-1.421876582200940633e-06
-8.100696939897785908e-07
3.772432249728140119e-02
3.851181797917144212e-02
9.338924904847037108e-04
1.126151781991399300e-03
1.068634251681295678e-04
-2.046914603202898297e-07
3.952251041752889021e-02
1.635502711242502931e-04
1.068957322018956440e-04
2.515977737504134056e-07
3.872221043702187004e-02
-6.163368013730654432e-04
1.069495155724460730e-04
6.898638392452366458e-07
3.781966757361403253e-02
-8.860002584898237984e-04
1.070120974404795112e-04
1.075675990485320729e-06
3.771088618517343810e-02
-5.664145341051908490e-04
1.070971633039467758e-04
-1.420905755473959446e-06
3.762943609563468988e-02
9.182472383494358565e-04
1.068488678487140934e-04
-6.661052148708089801e-07
3.881185356377093304e-02
8.928708253075056398e-04
1.068175641602369091e-04
-1.783721636267655098e-07
3.949210282570523450e-02
4.960239943379889988e-05
1.068557056648350434e-04
5.376606418561206653e-07
3.812239314967030140e-02
-8.789413124547871409e-04
1.069008912293022140e-04
1.145424521256839432e-06
3.765118016164564763e-02
-6.382354033407925320e-04
1.070346559747948338e-04
1.067538650446247167e-04
-1.430492316507364454e-06
-5.983642985142748292e-07
3.767011730884503584e-02
3.879635187998486251e-02
7.253077040499190725e-04
7.675328425986864848e-04
1.067641665482453654e-04
-1.561675604539383679e-07
3.943790766093343420e-02
1.897854352728396764e-04
1.067707675266847011e-04
4.165371551076088649e-07
3.840966449413921180e-02
-8.638907345969401054e-04
1.067137973249741444e-04
7.178044224607588005e-07
3.774884915288664877e-02
-1.022759035566139047e-03
1.067897237187200000e-04
1.230923106198341769e-06
3.776591649258884131e-02
-5.847975300507816596e-04
1.067677936941558521e-04
-9.162829011708205371e-07
3.801386055193395341e-02
8.499699390337653575e-04
1.069334760185884392e-04
-1.453152696335871061e-06
3.766125613382511478e-02
3.214147350427158309e-04
1.066786286993661787e-04
1.066103355932599523e-04
1.679670640389796407e-07
-1.171182863533802088e-07
3.934103981979043124e-02
3.933825212499114654e-02
-5.548712027852788784e-04
-7.396233889620327650e-05
1.066269379551349936e-04
-6.425806228191345478e-07
3.853413329200063714e-02
5.713470848785738316e-04
1.066133371106749367e-04
8.443789276414343539e-07
3.749158560614204022e-02
-9.818638501143033080e-04
1.066394955782433391e-04
1.322480298824294920e-06
3.768618577260699626e-02
-5.366382157469622681e-04
1.067672411348626093e-04
1.064865047496924786e-04
-7.143537281335465610e-07
3.822753097881122220e-02
8.008186010515187933e-04
1.064937608342714920e-04
-6.689598605591111732e-08
3.917253548999834190e-02
4.998417302426258902e-05
1.065376152324891401e-04
4.317320268554031739e-07
3.866958455572774150e-02
-6.574578790943081622e-04
1.064539977364821569e-04
9.469297221319284723e-07
3.734936094785707567e-02
-8.787248294574589872e-04
1.064677968565531908e-04
1.417342168152618649e-06
3.736668323013789955e-02
-4.716244000451725216e-04
-1.447795489568609381e-06
3.724202662959730237e-02
5.494200752345382256e-04
1.065746144727343727e-04
1.062791712452741764e-04
-1.483679941162303642e-06
-5.460933188579980606e-07
3.705803655241017569e-02
3.822393309042303872e-02
3.635181388003347358e-04
7.106765959529558587e-04
1.063604258194274937e-04
-9.726714858411723006e-08
3.893116430075308637e-02
2.279557855368514227e-04
1.063671006199419234e-04
4.972062817017756897e-07
3.857596535008518679e-02
-6.302874717447360395e-04
1.062650121275260476e-04
9.933731820764923782e-07
3.726841561714989287e-02
-8.643255313411519472e-04
1.062352574738945695e-04
1.528090652359747813e-06
3.708476229210117686e-02
-4.389009025232596208e-04
1.061927526320494727e-04
-9.223596257074394012e-07
3.723677550619958893e-02
7.192142312203340330e-04
1.063316742008968207e-04
-1.530998386428130586e-06
3.702991772704930518e-02
1.354449232786740542e-04
1.061535537949107250e-04
1.060005183947539234e-04
3.244161324334263228e-07
-9.148565573979824722e-09
3.883814108105532875e-02
3.875928698693880542e-02
-5.379531680549671634e-04
-8.443058737379713255e-05
1.059847000545656611e-04
-6.190729424742636225e-07
3.774315378798630966e-02
4.671137520210821370e-04
1.060737398578870042e-04
1.059404613055114143e-04
1.621460324549320268e-06
9.985727624889935377e-07
3.668921724041748073e-02
3.725073066045376385e-02
-3.208354217115468683e-04
-8.856942624778006918e-04
1.060228154989829267e-04
1.057015447651966130e-04
-7.268307764086041542e-07
3.735240243280701922e-02
7.274286195129269763e-04
1.057784659563764859e-04
3.657246527464260886e-08
3.847671507694847698e-02
6.835747921281981295e-05
1.058735839321032400e-04
7.253984450889564005e-07
3.774968880193239895e-02
-6.207170855181526857e-04
1.057154087357810882e-04
1.201088479287576638e-06
3.680453156481393318e-02
-6.261930261673615038e-04
1.056488981970128216e-04
1.735902531553286523e-06
3.663906801421651371e-02
-1.387454163089478867e-04
-1.547931992772911044e-06
3.651322793254841576e-02
4.028944768064436069e-04
1.057052510748609532e-04
1.053716247956549017e-04
-1.601760064655496813e-06
-5.483490699962688444e-07
3.617596500775153989e-02
3.734780331705307016e-02
2.651287437189487847e-04
6.476983035037484375e-04
1.055373626579551963e-04
-2.285080915043293490e-08
3.811863508621201463e-02
2.033296534079609072e-04
1.055758947060864448e-04
6.464571447786410149e-07
3.782179846308506704e-02
-5.002931634212374416e-04
1.053974608761889316e-04
1.226626264624721758e-06
3.644419933193715488e-02
-6.098689558451904965e-04
1.053059947440344944e-04
1.844372080854316814e-06
3.620548423331040877e-02
-4.244184376333066937e-06
1.051928895483673042e-04
-9.971598812232503648e-07
3.633700522856010001e-02
6.392431854034506811e-04
1.053356013353938671e-04
-1.671085346402866627e-06
3.600451748134980701e-02
9.302485971836628329e-06
1.051882251419375603e-04
1.049019673498634514e-04
4.828213219210136576e-07
5.677227882347723531e-08
3.785725691755609246e-02
3.772935792956941259e-02
-3.855694919867893016e-04
2.628441433247378128e-05
1.048778540697954150e-04
-6.630484974342669087e-07
3.668846782653015226e-02
4.657407683365623113e-04
1.050967961840192517e-04
1.049020566999091242e-04
1.906271784160914444e-06
3.553391783085798478e-02
-3.079103799768966791e-05
1.246543366797788170e-06
3.618528487903256707e-02
-5.759894772114701597e-04
1.048876628304574999e-04
-1.739769125114378217e-06
3.541082315131058311e-02
1.229151774844556243e-04
1.044830889601304632e-04
1.044505448781174700e-04
1.044236645960016849e-04
9.005678509147174770e-08
1.168381996334184169e-06
3.728286214964014050e-02
3.574927020145178547e-02
3.354746062353446194e-05
-4.691298736329764410e-04
1.047800361477532304e-04
8.837634861179439513e-07
3.654652832330797935e-02
-3.933814470324741280e-04
-9.684515607412844447e-07
3.591638605137906226e-02
5.041744798908965805e-04
1.044373195500121866e-04
1.987913464957509109e-06
3.525307330203705097e-02
2.530524353590291303e-04
1.043776896710564908e-04
1.040167665337653777e-04
-1.832211734430642995e-06
-7.771713197013149946e-07
3.491372643910917173e-02
3.571334157582458507e-02
-1.794643701745077746e-04
3.914769597918007550e-04
1.037916992507028686e-04
1.040613127813863408e-04
7.718503337169653305e-07
4.817080340114374119e-08
3.593302871471142079e-02
3.654892903263241843e-02
-4.566941783065636348e-04
-1.338598107601423519e-04
1.040620284283293325e-04
1.470787592792042354e-06
3.497515260556116612e-02
-4.184122027728616575e-04
1.038932319129845061e-04
2.036510272896429682e-06
3.462268249553546173e-02
-1.142351623052248188e-06
1.037994443964341618e-04
-1.970473064439880024e-06
3.438778867618238338e-02
-2.702256255948021668e-04
1.034396399164594994e-04
1.032150862875293748e-04
1.034755593413875190e-04
1.103834231440798593e-06
3.477337908721791354e-02
-6.308517131004726412e-04
-8.791989225649901450e-09
3.592397466124101074e-02
-1.469362631422144975e-04
-9.191755259026933572e-07
3.507537564542612812e-02
2.856083984845648105e-04
1.032872683232755881e-04
2.128079231051456138e-06
3.405983834705531010e-02
1.246819883281777286e-04
1.031439375296238790e-04
1.026755868862982014e-04
-2.104516429518346594e-06
-8.837720814026469154e-07
3.385712585943105590e-02
3.446781675164500847e-02
-3.566097565693677291e-04
1.433563749961790752e-04
1.025972432572579043e-04
1.027812027826053410e-04
8.146965471310051635e-07
3.453199417574059904e-02
-6.119322389376091005e-04
-3.338533063489091532e-08
3.527086887471201498e-02
-2.726786752269564815e-04
1.028316420289441337e-04
1.566229492251537842e-06
3.364312882423856760e-02
-5.826794107658191547e-04
1.025686120504476885e-04
2.168967638135499471e-06
3.311382130305617205e-02
-7.161709335751980664e-06
1.024177915830040253e-04
-2.297147344644023502e-06
3.335044897253776341e-02
-6.399073474206620066e-04
1.020846580286019787e-04
1.019706958994157575e-04
1.022273123986415646e-04
1.085031289189800270e-06
3.362296429188772057e-02
-7.211964200727825599e-04
-8.795531948893694574e-08
3.467489128500909901e-02
-2.577136538953005542e-04
-1.377482881576670611e-06
3.351330654915028046e-02
1.393518253564964330e-04
1.017962541371145093e-04
2.227088671208849436e-06
3.237507214630282182e-02
-4.029147536318095850e-05
1.016067624598184969e-04
1.014782075449130927e-04
-1.144868321079469483e-06
3.330807130892798201e-02
1.165056291753042061e-04
-2.448873018158526160e-06
3.251748617949499348e-02
-6.091849112271972410e-04
1.013675105800114913e-04
1.012693401534692027e-04
-7.773877948520247968e-08
3.395090969742299569e-02
-2.668794598088999165e-04
8.836464008213540503e-07
3.309346499131747554e-02
-6.531495552974642647e-04
1.008771490688213770e-04
1.363483576347805154e-06
3.207830906445546804e-02
-5.298878672585431281e-04
1.009071126083134902e-04
2.323424171033769270e-06
3.163197004221048048e-02
4.296832310907046631e-04
1.010781373098617334e-04
1.006535897637238734e-04
1.002916574667710002e-04
9.991903627750036202e-05
2.371260792328908962e-06
7.610659358691216570e-07
3.047485229941507626e-02
3.251581409633292480e-02
3.074762914240629906e-04
-3.502690560761186327e-04
-6.920493431637390444e-07
3.322871871811306638e-02
2.040686934409975675e-05
-1.830898202903996925e-06
3.231091770476437336e-02
7.441813248473147774e-06
1.007352509632427988e-04
-2.648407871609425160e-06
3.189153521462635005e-02
-6.712337290323218452e-04
1.004099734209205365e-04
9.975409034684409502e-05
9.970098924842279954e-05
-1.394715742323450010e-06
3.165210525634219035e-02
2.446024085312187963e-04
-2.821269285604742836e-06
3.102825152169577314e-02
-4.141768826132338419e-04
-1.816851057589506492e-06
3.180823282301206006e-02
7.855390827211059001e-05
9.991193239471365581e-05
-1.909339097038749510e-07
3.267177632916676289e-02
-7.828112274504319936e-06
9.920138302382789275e-05
8.267342255383522430e-07
3.141981489600846611e-02
-2.837790121626587465e-04
9.882380931685449889e-05
2.498357850683600768e-06
2.979176611926698248e-02
5.925065027264439380e-04
9.887799535594041949e-05
9.915845484610525328e-05
9.821686265929101592e-05
9.796756905705128297e-05
9.758167396665771022e-05
2.619311915182100416e-06
1.132186416125888364e-06
2.894137366039053680e-02
3.009369835366966159e-02
6.703758438647161328e-04
-1.933297506055170641e-04
-2.725341325824650379e-07
3.145310475450201898e-02
2.769980521477468274e-05
-2.506053525440689219e-07
3.210684344842774235e-02
9.023900692084249457e-05
-1.853903964463103965e-06
3.069867411282645522e-02
3.898789982618421361e-04
9.867547861586467323e-05
-3.029854983382644447e-06
3.029392615267848324e-02
-5.472113362724164093e-04
9.798870956800165679e-05
9.714422120966087633e-05
-2.735702176818618140e-07
3.065875539540911451e-02
1.058457159361636253e-04
-1.363776024619597643e-06
3.049051215256018757e-02
3.864429113807914978e-04
9.802672051957985833e-05
9.747445102020867050e-05
-3.189446720075986878e-06
2.927827418197020276e-02
-2.990207151737552253e-04
-2.361097876303199319e-06
2.973106105062297416e-02
2.247636450212207643e-04
9.663958855901654021e-05
1.147781454030230505e-06
2.911302248923706287e-02
-1.393377377716138862e-04
9.620994612781029324e-05
2.781864468375954156e-06
2.812210254338239068e-02
7.003423901831241569e-04
9.669483484626691192e-05
9.589680263162719538e-05
-1.905808941447153524e-06
-3.158205530718419193e-07
2.916187314105269865e-02
2.974807880291845119e-02
4.183377758887358178e-04
5.056193311898449835e-05
9.530236983354469231e-05
9.471438315309851084e-05
2.983617164190282683e-06
1.076435813522019180e-06
2.719602532474729370e-02
2.822684324147912288e-02
7.703329661978316860e-04
-2.288797317011036258e-04
9.616595055467154008e-05
-3.443286616986387943e-06
2.846046328302933442e-02
-5.503601615075223719e-04
9.527465220749254478e-05
-1.540609455548755811e-06
2.865929298537042008e-02
4.087988598018426093e-04
9.407472681880892193e-05
-3.641914439792774228e-07
2.861921391119684466e-02
1.280017469753953394e-04
9.396983595981429167e-05
1.577931150728135023e-06
2.711187820368135548e-02
-1.422550707639653653e-04
9.309335548712625158e-05
3.119608169772774041e-06
2.612859957649454890e-02
6.422108836177391374e-04
9.540632332951732219e-05
-2.660411979998439997e-06
2.789063040151894962e-02
2.704080822027624229e-04
9.472039330892061658e-05
-3.635402829496816535e-06
2.717711254393143094e-02
-5.007578022626032500e-04
9.426303038241906249e-05
-2.312329647908664279e-06
2.746008589878441014e-02
3.606246662858125828e-04
9.296286462346006329e-05
-1.915238864478365508e-06
2.697302472502924320e-02
3.326758905297142561e-04
9.315923174480640319e-05
-3.838189079811595452e-06
2.603734573025280954e-02
-6.450363111000376399e-04
9.255095496123836858e-05
9.247058455060651490e-05
-2.967897387342482358e-07
2.753555466601195767e-02
5.902798093819247104e-06
1.144048665954022107e-06
2.659678271395851668e-02
-2.369903845776598307e-04
9.146686598632009640e-05
1.922097960130352863e-06
2.548261679975034888e-02
-1.799605320555118764e-04
9.128739352805724982e-05
3.363100506050498802e-06
2.522992643348231923e-02
8.927374671421825763e-04
9.183119909777965370e-05
-2.726282445857363156e-06
2.555598313944102903e-02
-4.281469850370579739e-05
9.131915899408337247e-05
9.044019948314364844e-05
8.936171485107347761e-05
3.572806250596653745e-06
1.070764296149394861e-06
2.375412092735386393e-02
2.568763477179901097e-02
6.174193120021002814e-04
-1.956231509225783022e-04
-1.169894747029058858e-06
2.667752377397131225e-02
5.456861493411671246e-05
9.144107015103155711e-05
-4.038165707999924882e-06
2.519852114757132125e-02
-9.730568905296734699e-04
9.039939526766640272e-05
8.940556896397371534e-05
-1.803005760567053481e-06
2.501509100779514619e-02
-9.092946174118257449e-06
-2.997568503624241779e-06
2.450190238593506070e-02
-1.604420132717417037e-04
8.958071204469679753e-05
-4.251501507343282482e-06
2.400433734524096835e-02
-1.072102932997151667e-03
8.965442906767799960e-05
-1.474383492016941042e-07
2.564918810861955417e-02
-1.003044883374547367e-04
8.866140193396101869e-05
1.600702287942061274e-06
2.434138514191560784e-02
-2.545590963801434630e-04
8.728606390786836783e-05
3.852288852590368576e-06
2.272758278528011489e-02
6.737542726544542854e-04
8.847927961696587062e-05
8.740847629571373977e-05
8.825332662465773721e-05
-3.031832899946467143e-07
2.483938441268742151e-02
-1.635767000533763999e-04
8.667014668642977586e-05
1.529618621772493871e-06
2.327471810882190614e-02
-3.898736095689547192e-04
8.526121679349322785e-05
2.501181044361636623e-06
2.197678990236222665e-02
-1.970023852254619036e-04
8.498868153872428063e-05
4.195273072841478984e-06
2.156116536938599768e-02
1.018515817741604251e-03
-3.202058530806115679e-06
-1.875635882506628428e-06
2.381005995275763815e-02
1.503522136165616544e-05
2.324123250621281181e-02
-3.034317067533447610e-04
8.755465611383549888e-05
-4.412796463537869206e-06
2.274209897067493158e-02
-1.163509405255421739e-03
8.639130231220413982e-05
8.514864280756957531e-05
8.399653755338460433e-05
8.257195361550068527e-05
4.478030732834905380e-06
1.533419052965460943e-06
1.986817968613896826e-02
2.215081859201878389e-02
8.833235827751617728e-04
-1.792827131979787922e-04
8.661082652591423786e-05
-1.156410846009736447e-06
-1.730213745989713330e-07
2.300128133610751524e-02
2.391734726430165547e-02
1.527358740618597966e-05
-1.829713537519611893e-04
-3.242578132533546016e-06
2.196674405485118595e-02
-3.195894407166247671e-04
8.532472389298168881e-05
-4.584441929508377791e-06
2.142689307436697679e-02
-1.191294668962383178e-03
8.457887630353626101e-05
8.292405551464161100e-05
8.286091601596393022e-05
-2.229295663419573986e-06
2.073699805898309573e-02
-8.140564536671899285e-06
-4.712738060238461159e-06
2.006109070605723368e-02
-9.719053055109593171e-04
-3.096656376731515096e-06
2.109979171912710824e-02
-2.363279383213499701e-04
8.323801982131562793e-05
-1.026410540375777132e-07
2.218467053694501631e-02
2.386668356513417860e-05
8.134309415151015285e-05
1.855920970059425009e-06
2.057125944060763864e-02
-1.670031192212458314e-05
7.999620107712832073e-05
4.829702008067494319e-06
1.876885294477969451e-02
1.248792840817281122e-03
8.090498158048465541e-05
8.143539598294014523e-05
7.922385961781852018e-05
7.843022180504105590e-05
7.723837136955381008e-05
5.149778227735242513e-06
2.561903873183668882e-06
1.754036843915974739e-02
1.875318372481048906e-02
1.253379845314197541e-03
1.650183926775210719e-04
2.309145314939047655e-08
2.024773330799526858e-02
6.479464369698955360e-05
-7.882658798559549937e-08
2.128185598139061344e-02
9.994362762490372398e-05
-2.894059372162192794e-06
1.936597235571820702e-02
4.586816031898391361e-05
8.035912763597755971e-05
-4.877819227949487182e-06
1.903157785408237518e-02
-1.130922126943990609e-03
7.879015501419274871e-05
7.676660362366784446e-05
1.755974817501932902e-07
1.907241636142785468e-02
1.533149399502806848e-04
-1.893248037351783174e-06
1.896808209033408119e-02
1.803687170104032855e-04
7.892709840375946380e-05
7.764586709705755940e-05
-4.967496670012848930e-06
1.749036446365418232e-02
-7.821079552006862190e-04
-3.649270319336067898e-06
1.807641861249334111e-02
-1.498528090585759002e-04
7.548414882443038381e-05
2.733158082049680310e-06
1.738752947612179703e-02
1.170290769817138710e-04
7.433111806871379936e-05
5.491416851009009770e-06
1.626126684557401697e-02
1.167434703256927915e-03
7.594583125360882556e-05
7.391598913513561437e-05
-2.667207657484944775e-06
2.751651097007470627e-07
1.718882754505365873e-02
1.779667453538436722e-02
1.661217155844352711e-04
5.952371760595301207e-05
7.258895447392210319e-05
7.127845317696375992e-05
5.829750889354076404e-06
2.773158900976050430e-06
1.513995023294726142e-02
1.617479049437242633e-02
1.136731656479937668e-03
-3.296563321448602702e-05
7.476254653481860903e-05
-5.150039413557622501e-06
1.633614851355821504e-02
-1.020725017358288305e-03
7.254539886743794339e-05
-1.716707525301056784e-06
1.639370509252841696e-02
2.320249661879989107e-04
6.982342637250669006e-05
3.478308661231578791e-07
1.625345556902398764e-02
4.999720632687671546e-05
6.968292793721240868e-05
3.517374531032164834e-06
1.481374750491490019e-02
4.012524320535163630e-05
6.809649176085587926e-05
6.080289033266282137e-06
1.378963282219356108e-02
1.012389548165732464e-03
7.313134602596969283e-05
7.170823575658928455e-05
-5.220800080108902526e-06
1.509566044647142613e-02
-7.349483473771950678e-04
-3.787356976951233818e-06
1.557723538785816576e-02
-9.442524418887015181e-05
6.994555242289897845e-05
-3.030863997750622615e-06
1.470840408332847044e-02
8.828647197766201920e-05
6.715140217577683385e-05
6.546474745869034222e-05
-1.667124459861656326e-06
5.418266224043675506e-07
1.440081916147668666e-02
1.457251461364175889e-02
1.165427007014507567e-04
2.920717198607689988e-05
6.672589185986225698e-05
6.478768039800562515e-05
6.376643561229866117e-06
3.110500206989546048e-06
1.269996205331602908e-02
1.393654324803048072e-02
8.300155376231258420e-04
-7.242302353210129705e-05
6.849190277455823950e-05
-5.375814544675309385e-06
1.398504165958429878e-02
-9.909317648512862720e-04
6.667893938207929952e-05
-3.900751838420440880e-06
1.330681874807067462e-02
-1.692992569256333900e-04
6.510288111417362187e-05
6.334569477434786005e-05
-2.708295012073129526e-06
1.263361269370457882e-02
9.374667577365778282e-05
6.209273683988201164e-05
6.444943326122728034e-07
1.342295512004803085e-02
-1.127580801827304032e-04
6.343631014388565121e-05
3.488139519429711674e-06
1.280243659461005774e-02
-2.161261024710581116e-04
6.135263203725357993e-05
6.629676840310270792e-06
1.164176371203326510e-02
5.972761162257414795e-04
-5.430831592551958846e-06
1.274943005038752138e-02
-7.977973783858478742e-04
6.158818335539985376e-05
-5.574836767187242180e-06
1.186715278188408412e-02
-9.215528371786691235e-04
5.964530018022298638e-05
5.970270502572933778e-05
-1.829854167792078633e-06
1.195657179393248316e-02
1.233118261523179964e-04
5.889178502078520915e-05
5.978463860693752213e-05
5.780419921527555998e-05
6.822799224391074973e-06
3.748407676625390974e-06
1.052045704417653091e-02
1.173532598463962115e-02
3.880969759196203905e-04
-3.836914851211372952e-04
6.351455340988021239e-07
1.243958576648266506e-02
-1.372256616191587259e-04
-4.008262397538562275e-06
1.120259998133501383e-02
-9.902532645746152211e-05
5.791971192500467179e-05
5.681870667085164097e-05
5.582296567822665507e-05
5.585253029868025274e-05
3.228982105491561289e-06
1.094069019426223768e-02
-4.523504169897820228e-04
6.416747166725280755e-07
1.156574649905099499e-02
-1.187369603480019098e-04
-3.096169654161801430e-06
1.070826995167063755e-02
1.102019308952431300e-04
-5.652419834141534157e-06
1.070690147292148106e-02
-7.798847034013778367e-04
5.414282537505417587e-05
6.987891378487211978e-06
9.655280199601812968e-03
2.940772117021695853e-04
5.415396494886617391e-05
5.374907480843585709e-05
-2.185282323071347703e-06
1.026520771461654491e-02
2.484084753460807861e-04
-5.756902961442762691e-06
9.714389006818084649e-03
-5.577411639455974934e-04
5.327459826865739147e-05
5.185570688063706376e-05
4.984204119064886151e-05
3.093784959468132342e-06
4.715774117462901646e-06
1.004171125261018975e-02
9.012071308109499690e-03
-4.809487256251898483e-04
-3.536857205225240903e-04
5.037102884868147594e-05
7.092858233439696387e-06
8.924937633727047376e-03
5.577248225840390804e-04
7.633631922462333904e-07
1.087319154570643223e-02
-2.329492888000236721e-04
5.191142279143814905e-05
5.013168355706315750e-05
4.755182591928789617e-05
-8.194523478133335158e-07
7.637501670519446828e-07
1.011668001876053768e-02
9.758976539018845986e-03
3.532322355906808431e-04
3.812156208074586237e-05
4.747243684519660169e-05
3.525308427996807131e-06
8.925418286206491733e-03
-2.887865981585213270e-04
4.651334599426558002e-05
7.167897464074818130e-06
7.926698815288929501e-03
3.639779951644866529e-04
-3.939861320511919231e-06
9.341011953798798381e-03
2.727730580898805879e-04
5.029912736947212743e-05
-5.912089012696777837e-06
8.994331071566703459e-03
-3.693227075157832638e-04
4.917573248506854696e-05
4.634110778433093525e-05
4.661804144172930020e-05
4.426358536520776891e-05
4.463294316046466777e-05
5.672296423770328964e-07
4.501602725910410342e-06
9.094359898648466181e-03
8.066720738063901108e-03
8.872109204437504454e-05
-3.350413619165441576e-04
4.255360721773823296e-05
7.209221697683351221e-06
7.102164124972323508e-03
5.356685638865918203e-04
-3.678127167741138544e-06
-6.048008018083146046e-06
-2.259842714199780016e-06
8.811401605009257926e-03
4.205574625814930269e-04
8.064366030262738391e-03
8.819781894369020311e-03
-1.320860175624766555e-04
4.404250039230559843e-04
4.396385075857658936e-05
4.099444341802950873e-05
-2.505558469077077671e-06
-3.424850501236721075e-06
7.698949984034130292e-03
8.054308926262581866e-03
6.938750907307056565e-04
5.730952001327629291e-04
4.233272915731766214e-05
-6.197473977448254390e-06
7.392544770086518016e-03
-8.215485541826676535e-05
4.192887543723465598e-05
3.429445112869315735e-06
7.818220572765724463e-03
-3.022854036186239934e-04
3.941630849423027308e-05
4.913949738951323331e-06
6.710279453068968177e-03
-9.658607403775713971e-05
3.852135709082198551e-05
7.261723321038868298e-06
6.488749076579684687e-03
6.715410231541738906e-04
4.090791408971047925e-05
3.454613773960422089e-07
8.425910300014771703e-03
2.390507470172049942e-04
3.632631795570502261e-05
3.859863413027290129e-05
-2.205151211571799989e-06
-3.827799093224883015e-06
7.124950803379206596e-03
6.877405701111483603e-03
5.823948226242755231e-04
6.864831515576777510e-04
3.823580746148600947e-05
-6.398685808777292078e-06
6.635409520148819081e-03
-2.798484184524133666e-04
3.823944052826539386e-05
1.958483793103275703e-06
7.756681372803767537e-03
1.447552889535930125e-05
3.621349512162808445e-05
5.213793618565354991e-06
5.958215936405835030e-03
-8.844108386183457981e-05
3.437190284956045375e-05
7.328277072312363350e-06
5.639727105933758922e-03
6.322204943776562865e-04
3.405518988827777537e-05
-6.556020034566656607e-06
5.541364863230114138e-03
-5.660952115153644886e-05
3.259260685844736000e-05
-3.053157116074554700e-06
6.110850589971829339e-03
5.744112260776841746e-04
3.458798095721691087e-05
5.708254642749559938e-09
7.096451093405394678e-03
2.574146604094218363e-04
3.405899231792581920e-05
2.979284329612117479e-06
6.510328665395577301e-03
-1.260374069995657631e-04
3.211151582058578696e-05
5.377469635103423401e-06
5.070575462392333532e-03
-6.394650348878419413e-05
3.009966131714006130e-05
7.388830733705952709e-06
4.733723019527843329e-03
6.491944703131986155e-04
2.980903348110057095e-05
2.860218633779772231e-05
-2.764375585486804241e-06
5.352340900937020869e-03
5.629250272524086987e-04
3.165089149635185508e-05
2.872097674615595199e-07
6.519278188972980372e-03
2.007563138438957641e-04
2.992776559844976595e-05
3.011585968795598587e-06
5.666977678004760967e-03
-2.165798284149520077e-04
2.786405454260657238e-05
5.332179371969482764e-06
4.175071316771004210e-03
-4.463036000428286562e-05
2.569906908751688187e-05
7.496103240087933882e-06
3.965136567444051997e-03
6.749466960539263552e-04
-6.747919807495517422e-06
4.891481929966779406e-03
-1.968769983947614400e-04
2.587793692779127090e-05
2.347439879071420901e-05
-2.569756659987792413e-06
-4.275090329112620565e-06
4.574522317851221175e-03
4.399165743309669044e-03
3.184247879121801473e-04
4.374508269356648356e-04
2.543878031097408557e-05
-6.982083811144832751e-06
4.181648398796728762e-03
-5.509636258831565169e-04
2.838995404280387664e-05
2.553168410257195729e-05
1.840613687798620776e-06
1.239381939933892487e-07
5.144368688780666041e-03
5.856824891364247228e-03
-1.390501159054223772e-04
1.699084004229860288e-04
2.439906448526997959e-05
2.124331499894854217e-05
7.595596151325089420e-06
2.916835645321456862e-03
4.412217416951652962e-04
5.044797497609893463e-06
3.595065333899309396e-03
-1.482905380117810457e-04
2.100114957409235033e-05
-7.172277956979126044e-06
3.072719412134408429e-03
-3.734167668633690883e-04
1.832724859589310374e-05
-3.216489843253601808e-06
3.377778046679566579e-03
2.190679252616958015e-04
2.222163992782703670e-05
1.851758412145310212e-07
4.605614390358005530e-03
-2.200953120274157590e-05
2.124988017227646573e-05
1.729093458313672266e-05
3.621830022761288279e-06
4.148729136729499082e-06
3.456124406935980661e-03
2.515952827905348996e-03
-2.361018224518405542e-04
-4.744145201054565750e-04
1.674467365121942662e-05
7.709162134630618456e-06
2.103792656663305057e-03
4.969363838832333751e-04
1.652466041538537249e-05
-7.434241801640997502e-06
2.495481143267767356e-03
-7.340869584426351581e-04
1.413552824758026171e-05
-5.329474714739740909e-06
2.195363656261232078e-03
7.852921196902240563e-05
1.335409032004530293e-05
1.518786877491802734e-05
-2.655451361437940901e-06
3.449719922692767745e-07
2.662798963638779090e-03
3.296137282573509495e-03
1.201590930510561446e-04
-2.066551966170323130e-04
1.889122025287207532e-05
7.336322658642044189e-07
3.909282841220516024e-03
-1.701615987357639026e-04
1.343335424760057658e-05
2.840024313396658241e-06
2.329708530244312212e-03
-5.021311720056308289e-04
1.394893975357926812e-05
1.236359150315716090e-05
7.768385867811187893e-06
1.423089787277735186e-03
-8.112633076248008037e-06
5.426220606869720117e-06
1.671075840627642096e-03
-4.804405172549672666e-04
1.220556293533473597e-05
9.369824320283926902e-06
-3.998428254000868967e-06
1.850028521762463185e-03
3.297080273397817057e-04
-7.595592484548460623e-06
1.796140092960499864e-03
-3.859866930752803272e-04
1.101969687416776421e-05
9.442059451721666313e-06
4.094168220316102566e-06
1.408318275810803866e-03
-6.521310026852397473e-04
8.096491490050037359e-06
7.448366298751331832e-06
9.432062987141299646e-04
2.657965373023398283e-04
1.069396761228315888e-07
2.710229518815114765e-03
-1.962396479139623254e-04
7.997257299910508611e-06
-7.343564827625404105e-06
1.225502060456444813e-03
-5.871503597194508827e-04
5.974056345237671982e-06
3.891986586931637571e-06
6.354265478003881750e-06
3.923324561448199685e-06
2.573703059209072457e-08
1.973000809415175603e-06
2.131925686005364286e-03
1.151222111844308260e-03
-6.400473104191726050e-05
9.899367004960199712e-06
6.037591670128264582e-06
4.871933041470380051e-06
7.802796352705425927e-04
-1.848582333100205386e-04
4.161611326653037732e-06
6.002116983060954161e-06
3.978400139491306952e-04
1.054239071579873106e-03
-1.946263423544324853e-06
1.305034493359650931e-03
-4.971857451150876088e-05
-4.804595322275294490e-06
1.108583842188046089e-03
-3.890996899892668087e-05
4.114008025882046444e-06
1.506726965440973818e-06
0.000000000000000000e+00
0.000000000000000000e+00
-2.508893016581908985e-06
3.623032223083430695e-19
3.454435947830468358e-04
-1.347162817200262504e-19
-4.232150204722261882e-04
-5.942915379360126520e-06
5.871071305519035043e-04
-1.267044327240018226e-03
2.292838452903226415e-06
5.621676754407072065e-09
1.032586790428955412e-03
6.698280864778591766e-06
0.000000000000000000e+00
1.522398942969076419e-06
0.000000000000000000e+00
2.531960480555124075e-06
3.103512909134912477e-19
2.555336260227582170e-04
2.093503324128762493e-19
3.640508151858878536e-04
0.000000000000000000e+00
0.000000000000000000e+00
-3.036919873740495953e-20
8.473137015889087908e-20
0.000000000000000000e+00
0.000000000000000000e+00
0.000000000000000000e+00
-4.556817498250853207e-20
1.972589353852417911e-19
0.000000000000000000e+00
-4.586701713505427081e-19
-7.149817838465420592e-19
0.000000000000000000e+00
0.000000000000000000e+00
-1.066069953252345917e-19
2.604179009184291337e-20
