0.000000000000000000e+00
5.567335489680067940e-09
-1.877044904550956107e-09
4.460557203131785607e-06
-2.720522124439695902e-06
6.795350018424240988e-09
-3.511741610542176411e-09
6.217258385063731486e-06
-5.643196081159445587e-06
0.000000000000000000e+00
0.000000000000000000e+00
0.000000000000000000e+00
0.000000000000000000e+00
0.000000000000000000e+00
0.000000000000000000e+00
0.000000000000000000e+00
1.352392691220711365e-08
1.266991217218990534e-08
-5.252183720699149576e-09
-3.487065525070157588e-09
1.245097235377055929e-05
1.163792084742191380e-05
-7.343054388214269029e-06
-4.130244596081617826e-06
1.199104902390952694e-08
-1.717225201707077853e-09
1.100998069026289836e-05
-9.719181894512188769e-07
5.633875055672137998e-09
0.000000000000000000e+00
0.000000000000000000e+00
-5.396812440361493035e-10
0.000000000000000000e+00
4.884543482146567578e-06
0.000000000000000000e+00
-2.120859976852575685e-07
1.959668012078703124e-08
1.872010168908720060e-08
-5.187165868535245108e-09
-3.516048498325918799e-09
1.851806162357116957e-05
1.755096166802358102e-05
-5.550692253727844210e-06
-2.594856715359894696e-06
1.790921689833056398e-08
-1.828648759729293508e-09
1.664469858053407248e-05
3.885937905992013751e-07
1.146011514491808110e-08
4.978029446646227075e-09
8.316057920244679367e-10
-1.170389157572676345e-10
3.968926384778709804e-06
1.045938258025956910e-05
2.321108731314154898e-06
1.963358280127983271e-06
2.048553428037936625e-08
-6.929098598347066858e-09
1.927783009992734556e-05
-8.725012501487397826e-06
0.000000000000000000e+00
0.000000000000000000e+00
0.000000000000000000e+00
0.000000000000000000e+00
2.538296324363251460e-08
-5.620035311808660556e-09
2.393181497971192225e-05
-4.888484670421312868e-06
2.637426979218912052e-08
-7.308696910194597846e-09
2.511835739419679981e-05
-7.889858143535417086e-06
2.742039824101020979e-08
-8.985307643212725345e-09
2.621746520098622936e-05
-1.090846323310282956e-05
2.438397709425746352e-08
-4.009359045232567706e-09
2.254838080106725536e-05
-2.110612571020250579e-06
2.334164873175601001e-08
-2.389028304232594527e-09
2.106849141927212571e-05
7.369155457320889317e-07
1.706396196942778930e-08
1.096181859516546274e-08
1.523836987584311681e-09
1.009939064941582678e-05
5.004145556869639998e-06
5.412863263926424851e-09
2.107688824223038169e-09
5.108128955871434652e-06
4.889746904039024350e-06
0.000000000000000000e+00
0.000000000000000000e+00
0.000000000000000000e+00
0.000000000000000000e+00
-3.028599010402054652e-10
1.553343752610681104e-05
3.139636094645504156e-06
3.090168280518761937e-08
2.978876293822279365e-08
-4.760126004924189382e-09
-6.368340243122060653e-09
2.651949558349603914e-05
2.844190252208589592e-05
-2.484797384092088312e-06
-5.207559057891895140e-06
3.199646258144564667e-08
-8.015245620832273911e-09
3.013088060996259627e-05
-8.078709863619096523e-06
3.309637262589106785e-08
-9.656907702748880400e-09
3.169700969577444143e-05
-1.092502970872617933e-05
3.421856996532817419e-08
-1.134248492905338624e-08
3.305140183184983706e-05
-1.405678975280993790e-05
3.631030641360852790e-08
-7.230379097558013245e-09
3.203232825849356243e-05
-6.300505759249613301e-06
3.747278846828273998e-08
-8.869044325870279561e-09
3.428971293023964066e-05
-9.122697573366656324e-06
3.860418790059910190e-08
-1.050689673363752250e-08
3.634157545487148129e-05
-1.187998594931601140e-05
3.974016831443538319e-08
4.092316447971699841e-08
-1.380408104558015322e-08
3.984660060232542590e-05
-1.779929503667944090e-05
-1.215572749233478588e-08
3.815990756761834628e-05
-1.482693788631656657e-05
4.293777782340913430e-08
4.407424740787750989e-08
-9.722868657831278613e-09
-1.138084075268648493e-08
3.760112289183254868e-05
4.020428303312002918e-05
-1.080320948496645894e-05
-1.355679320624934752e-05
4.520026352540346839e-08
4.633602249398677516e-08
-1.466255680992918459e-08
4.461469363104746626e-05
-1.923875652653951466e-05
-1.301982785208210526e-08
4.250058879085959055e-05
-1.640544964453495357e-05
4.749215490762606669e-08
-1.628819732542701424e-08
4.646197822404494083e-05
-2.229932551784871031e-05
4.961828493933858689e-08
-1.215034962692583261e-08
4.330000101373238092e-05
-1.573568766713757955e-05
5.071040376485277992e-08
5.178564580558567362e-08
5.286613825812782734e-08
-1.545948677448763496e-08
-1.707739600579907392e-08
4.869629885673573455e-05
5.096046213636563373e-05
-2.135637657683488389e-05
-2.426392789396424808e-05
5.398630067051278402e-08
-1.870257674555920349e-08
5.304345997033970328e-05
-2.720686756421400118e-05
-1.380143205641215212e-08
4.613740438042229758e-05
-1.857345043940135431e-05
5.736233634006471207e-08
-1.608625982579911084e-08
5.216871341730643769e-05
-2.391707503525948797e-05
5.636718344987017649e-08
-1.439578352996990252e-08
4.910327108925790129e-05
-2.109266041542231428e-05
5.835242875795409484e-08
-1.771502740718486990e-08
5.485574224841999679e-05
-2.676045522246987569e-05
5.935538997898132379e-08
-1.935404775472392951e-08
5.730832306646916675e-05
-2.959916778426453888e-05
6.037411590729336137e-08
-2.093294072662954013e-08
5.943166800016731408e-05
-3.259423466884992426e-05
6.314513155402279642e-08
6.402667343581224196e-08
-1.645315715468529471e-08
-1.810783634607384251e-08
5.507517313704465584e-05
5.824152367090316344e-05
-2.667482366721097680e-05
-2.954919892905992902e-05
6.490508421777608644e-08
-1.977471014783319656e-08
6.106748855958017848e-05
-3.237933890633417191e-05
6.578921264461996781e-08
6.670488144326004983e-08
-2.297149396493458266e-08
-2.136687219190965511e-08
6.579355376574006246e-05
6.354228376892743265e-05
-3.817510667783286058e-05
-3.525362758313482954e-05
7.069267181928562439e-08
7.143379795090370530e-08
7.219005047919412899e-08
-2.314417978312404947e-08
-2.151282193505471324e-08
6.978436903394364332e-05
6.724168200131691369e-05
-4.099037633110547125e-05
-3.813829273518371552e-05
-1.989566163943155383e-08
6.443627727844907990e-05
-3.529435722790849318e-05
6.995162223470309733e-08
-1.819091509380772756e-08
6.120133489900375081e-05
-3.236687072817606573e-05
7.295761652413237472e-08
-2.468877582060084871e-08
7.195749251267010815e-05
-4.393104185952623143e-05
7.794583436662572607e-08
-2.298153166625158178e-08
7.346591755603538532e-05
-4.386651094872444817e-05
7.854657470334665721e-08
-2.455364014192553565e-08
7.589804240545081158e-05
-4.671207174086883636e-05
7.917016921633595141e-08
-2.614094737574063102e-08
7.810648770655392154e-05
-4.961943985490088857e-05
7.735060832089752849e-08
-2.131621541040373803e-08
7.066288004591360654e-05
-4.098415606904362677e-05
7.676377714668719058e-08
-1.966584390994126215e-08
6.752548803125835131e-05
-3.807088819230311196e-05
8.399833684727904678e-08
8.357151400490560399e-08
-2.074885844195869413e-08
-2.245233385077036606e-08
7.384777893800898287e-05
7.697666049004989013e-05
-4.354353691811170269e-05
-4.652982417269345194e-05
8.443001097453056219e-08
-2.405687112250904218e-08
7.962531943482891383e-05
-4.937909458781399735e-05
8.487857044578510594e-08
-2.567714463401049240e-08
8.199197104915577935e-05
-5.225051800419183712e-05
8.533457349168286853e-08
-2.720022551252828842e-08
8.393156326228312192e-05
-5.511069342506977103e-05
9.036544663207424153e-08
-2.154030056128026731e-08
8.032027984288603653e-05
-4.876625504054079039e-05
9.062069162374764294e-08
-2.318007163795143637e-08
8.326948235308845249e-05
-5.169146125444477863e-05
9.089546694284753146e-08
-2.483530135485112278e-08
8.582734660072101427e-05
-5.459846768572779310e-05
9.117709269653532213e-08
9.147557788795185708e-08
-2.796666594461562343e-08
8.973000282603830926e-05
-6.027490944758594394e-05
-2.639310660418797348e-08
8.793093622639405185e-05
-5.740044496295297095e-05
9.712188274975678169e-08
9.722135255279064258e-08
-2.192741738130191225e-08
-2.361546097464411976e-08
8.686656887943032968e-05
8.967308988324038392e-05
-5.341760072145523906e-05
-5.646746761230112785e-05
9.732942536974858638e-08
9.745682901493817927e-08
9.758827890601491130e-08
-2.832600348328401435e-08
-2.681441038162480098e-08
9.537775906572827406e-05
9.390095732854478487e-05
-6.498148005880868415e-05
-6.216294872779762229e-05
-2.520728267534851669e-08
9.195247060191564820e-05
-5.930002450017701136e-05
1.038465570653168260e-07
-2.203325455594120530e-08
9.357733862720811751e-05
-5.764249441057381633e-05
1.037801237708391735e-07
1.037419248440814137e-07
-2.529247066519578537e-08
9.814155219222156187e-05
-6.355459000027500343e-05
-2.365579615763091708e-08
9.607003411351589266e-05
-6.060297142725086197e-05
1.036888227922264471e-07
-2.840042891012022287e-08
1.010681810083292583e-04
-6.921454339642565327e-05
1.037096890754663644e-07
-2.683926644581436623e-08
9.975444024076838103e-05
-6.634204556813448042e-05
1.103081675764355216e-07
-2.343097724288842390e-08
1.025785764708788918e-04
-6.419023640190294323e-05
1.105089499563652212e-07
-2.177015757399135341e-08
1.003330310952496557e-04
-6.106975426890252532e-05
1.101182777447159128e-07
-2.500788254314823414e-08
1.042676782093837233e-04
-6.703933914801256367e-05
1.099490030563355774e-07
-2.659786905264110808e-08
1.056121290257569615e-04
-6.993441207868366055e-05
1.097820476574438209e-07
-2.810540603443030071e-08
1.064392319005839156e-04
-7.270285999178799732e-05
1.171293130411594882e-07
1.167841513020987481e-07
-2.126645982213000064e-08
-2.286770176522678050e-08
1.072160793285672321e-04
1.090416241220207088e-04
-6.385224193695278295e-05
-6.683658055148159838e-05
1.164716064805201490e-07
-2.448080196180791213e-08
1.104515767914813340e-04
-6.981524752226824740e-05
1.161666139017436884e-07
1.158718757238094694e-07
-2.757032846026592453e-08
-2.601951025326838014e-08
1.118283281190324334e-04
1.113362635000313708e-04
-7.543307814259347791e-05
-7.258010376187226296e-05
1.232247398820885964e-07
1.227870334485689953e-07
1.223715072043716766e-07
-2.521975942049087470e-08
-2.364671594750436751e-08
1.171361400704204296e-04
1.165507151145543245e-04
-7.456837061406711327e-05
-7.168676439594301789e-05
-2.208444148866603200e-08
1.155943730976334273e-04
-6.884551891231953564e-05
1.236748816083852185e-07
-2.045664100474320304e-08
1.140733709798466181e-04
-6.568397577142487029e-05
1.219575049327669355e-07
-2.672751506635490715e-08
1.171629115239073804e-04
-7.733358111857109639e-05
1.290775961963943328e-07
-2.261592459828969616e-08
1.227211134530166003e-04
-7.289981452145922656e-05
1.285553267042358648e-07
-2.414712065211894954e-08
1.228819556530697855e-04
-7.568741095558993368e-05
1.280413162314399040e-07
-2.568753223938740054e-08
1.226514600079032038e-04
-7.856383988471818327e-05
1.296060943326698337e-07
-2.102987371483283878e-08
1.220723112243831039e-04
-6.990583703334019797e-05
1.301707580177987864e-07
-1.945282597168708631e-08
1.210487915212115132e-04
-6.690349321084696648e-05
1.359482515279276092e-07
1.365832977675286530e-07
-1.822100260940336506e-08
-1.981122684395484980e-08
1.277857006833207692e-04
1.285915649590061208e-04
-6.720289901825651161e-05
-7.034474713297011821e-05
1.353269095664335557e-07
-2.135684156458445040e-08
1.288200444675369964e-04
-7.321715041892441409e-05
1.347281516655644025e-07
-2.290980244590373748e-08
1.286959962747785636e-04
-7.613041761024544785e-05
1.341289556592245588e-07
-2.441918164515794045e-08
1.280256754451441332e-04
-7.893646359875808771e-05
1.429415120606832539e-07
-1.685891023141452314e-08
1.345679524333026232e-04
-6.694920601506751238e-05
1.422268755930717605e-07
-1.841062766305426976e-08
1.349742297977614121e-04
-6.992795818245708061e-05
1.415506961653703489e-07
-1.996759930138061757e-08
1.349676970511142274e-04
-7.290300855279925976e-05
1.408821182096405834e-07
1.402208349919260083e-07
-2.302227536890105404e-08
1.334690113281225955e-04
-7.857983187132168564e-05
-2.149219824822731156e-08
1.344137274615526143e-04
-7.569551702407475709e-05
1.492085923005116711e-07
1.484637582940168827e-07
-1.536754177226392787e-08
-1.691849033191875460e-08
1.412712060122437731e-04
1.414284070942646316e-04
-6.573326293156290417e-05
-6.886582718659421719e-05
1.477328833588714113e-07
1.470257754874507986e-07
1.463195075939025650e-07
-2.149581170460404485e-08
-1.998224888874740697e-08
1.387790265904997747e-04
1.401944422955269244e-04
-7.737850337022301669e-05
-7.459641265461208878e-05
-1.844860500925757888e-08
1.410007922768668185e-04
-7.171048218341384594e-05
1.554196412257111916e-07
1.546351656959421459e-07
1.538880932145458234e-07
-1.687300358440800554e-08
-1.534563268463636183e-08
1.471018789457800228e-04
1.477774620225796778e-04
-6.989822515681310289e-05
-6.693124328530430998e-05
-1.382023687333341767e-08
1.480899755790259680e-04
-6.394591177631177162e-05
1.524192837684211205e-07
1.531481127752646913e-07
-1.839041300362344535e-08
1.458871940686198518e-04
-7.268574377825609317e-05
-1.991002643272338026e-08
1.442078275472540136e-04
-7.555125194702649665e-05
1.607656721468317847e-07
-1.374422059379972183e-08
1.541495638509802742e-04
-6.453192211788736027e-05
1.599984452890625671e-07
-1.525628970891387939e-08
1.531175631262784141e-04
-6.739610031161107160e-05
1.592559566593956736e-07
-1.676912713550700767e-08
1.516981251297627221e-04
-7.027580450784859161e-05
1.585154144985300356e-07
-1.828250571745899870e-08
1.496291435178524960e-04
-7.308379526241115889e-05
1.615454251317911150e-07
-1.223185190665056758e-08
1.546252266203916733e-04
-6.142536200192165940e-05
1.660805837200441129e-07
-1.363579287496258849e-08
1.592020035008792449e-04
-6.460239425844749273e-05
1.668321728490927029e-07
1.676204486536510624e-07
-1.063839447782798026e-08
-1.213743681644557484e-08
1.611238962885084679e-04
1.603458057623180304e-04
-5.870572915086216717e-05
-6.167171000271448491e-05
1.646062421416682616e-07
-1.665012988055092602e-08
1.552766550798454935e-04
-7.031218529277141532e-05
1.653366886147761425e-07
-1.514319348447752152e-08
1.574903356274244103e-04
-6.742644152450359143e-05
1.728582810294563768e-07
-1.055277874287836706e-08
1.665624160723132492e-04
-5.857603944023837743e-05
1.736128155199087418e-07
-9.076296908382939517e-09
1.673303686155832735e-04
-5.557089338963096226e-05
1.714003126388905152e-07
-1.353864676228148347e-08
1.634268997144291155e-04
-6.430265285593331757e-05
1.721165966551364110e-07
-1.204676388879933207e-08
1.651914195046462149e-04
-6.143346081900560060e-05
1.706854391390078215e-07
-1.504807232359473640e-08
1.610379903077089345e-04
-6.722568283634121615e-05
1.795536562568278976e-07
-7.565070060269819775e-09
1.735668231336760456e-04
-5.228621551381063502e-05
1.788206675944910203e-07
1.781234802772932094e-07
1.774329039848807734e-07
-1.050839838977580292e-08
-1.200355187796830966e-08
1.712493462291583531e-04
1.693456330256230759e-04
-5.809458858610323312e-05
-6.096677208720162572e-05
1.767567633173730674e-07
-1.349521142873904270e-08
1.670075134364218459e-04
-6.390254385368051378e-05
-9.038577745473549539e-09
1.726041155636346195e-04
-5.520767949544493183e-05
1.847433284545858016e-07
1.840824963803683435e-07
-7.603163189980418545e-09
-9.077625225962168568e-09
1.786819988604322791e-04
1.772045500915444519e-04
-5.173699659739254954e-05
-5.459761677731675292e-05
1.834471288991709247e-07
1.828152748033298067e-07
-1.204994826267362253e-08
-1.054708287057013145e-08
1.728218055648601565e-04
1.753409371774908971e-04
-6.044135783316277876e-05
-5.747623255722818453e-05
1.854151527890999883e-07
-6.161005972751820253e-09
1.795457558000741131e-04
-4.880612248159701494e-05
1.900120731760646865e-07
1.894256825461673766e-07
1.888599788713368484e-07
-1.070882586041399385e-08
1.787665186068413249e-04
-5.675225820262029005e-05
-9.233060400209106384e-09
1.812425246190000944e-04
-5.383146564069214219e-05
-7.752015230881011795e-09
1.832132384126372571e-04
-5.096112518565537570e-05
1.906067234690366414e-07
1.912321593723936371e-07
-4.858965800456818484e-09
-6.308245576766603268e-09
1.855483085149790866e-04
1.845738334731384029e-04
-4.524529469285626994e-05
-4.812528319079870977e-05
1.953793196876199812e-07
1.948713408138811771e-07
-9.521787964326813109e-09
-8.030705660469142489e-09
1.847597498631484874e-04
1.872731729770392753e-04
-5.329108509836169528e-05
-5.029996424846765987e-05
1.958939068214175561e-07
-6.581130801880507282e-09
1.890915344283099924e-04
-4.746719258396737349e-05
1.964351897627584587e-07
-5.125892116813112053e-09
1.904857667375229224e-04
-4.462970201331136952e-05
1.969856436377427956e-07
-3.711292836018629731e-09
1.912390393804132131e-04
-4.178084743842062828e-05
2.008572527965452283e-07
-8.447317622462420203e-09
1.909548405679028951e-04
-5.002761894557944150e-05
2.012884488183018340e-07
2.017448093443806533e-07
-5.526952582520041038e-09
-6.990057497703841106e-09
1.950448956364586454e-04
1.932503295189303251e-04
-4.420121050104214695e-05
-4.709220884387841841e-05
2.022088889611468125e-07
-4.106635506584954497e-09
1.962118745393406666e-04
-4.141168727547846516e-05
2.027026832718878883e-07
-2.680239856383743417e-09
1.969350483481826055e-04
-3.857017149785828481e-05
2.071679062467647279e-07
-6.070796824091072835e-09
1.993369648246531584e-04
-4.409068350389183796e-05
2.067981956851950630e-07
-7.542677577158800267e-09
1.970888837807184698e-04
-4.712684096455527916e-05
2.079484729673569108e-07
-3.209735841125741321e-09
2.019919572430460303e-04
-3.844091447474551907e-05
2.075442639443007812e-07
-4.643438962258892696e-09
2.008874169762512056e-04
-4.126635396269735611e-05
2.083614764965379945e-07
-1.819855277221938754e-09
2.023740669512808204e-04
-3.566768983834791928e-05
2.127101333931013564e-07
2.129969401845533439e-07
-6.765763380328751534e-09
-5.330345169831945948e-09
2.033434250578570839e-04
2.053304281783319433e-04
-4.437730865487185582e-05
-4.143616673079266615e-05
2.133113715672357757e-07
-3.888538519247632827e-09
2.068098400461842979e-04
-3.854236853929409828e-05
2.136338092485921406e-07
2.139848654868270579e-07
-1.087309223647093585e-09
-2.491222630329709164e-09
2.079281221930096089e-04
2.076283544882975601e-04
-3.297801533657266433e-05
-3.578434485624907495e-05
2.187935931575737505e-07
2.190257322035080558e-07
-4.720514707474074504e-09
-3.315408884290583154e-09
2.114328968457335060e-04
2.126289352686176770e-04
-3.900560911204615117e-05
-3.619339453622637238e-05
2.192858570722696515e-07
-1.903836500626376764e-09
2.133700777809639055e-04
-3.337468359896143659e-05
2.195526750837257058e-07
-5.372754698810560943e-10
2.134114602432932585e-04
-3.057588907922401784e-05
2.185686176933209157e-07
-6.169852175339773142e-09
2.095544774331466263e-04
-4.207063878441470235e-05
2.247073669062379621e-07
-2.872056968541079273e-09
2.185286856773086927e-04
-3.419583753175790933e-05
2.245350753482137351e-07
-4.289895758929507080e-09
2.174486569174346974e-04
-3.711132344102817626e-05
2.243916140421361747e-07
-5.701434482653827769e-09
2.159347580480599615e-04
-4.007164377126893533e-05
2.248852349056144277e-07
-1.497438312899962537e-09
2.190200782274352720e-04
-3.141110280346132882e-05
2.250886454923065280e-07
-1.163277683817696549e-10
2.190300558864302985e-04
-2.857158770838887373e-05
2.304541686667700498e-07
2.305784273228251696e-07
1.275794059081287911e-10
-1.219031902290476210e-09
2.244230188621587044e-04
2.247368888987580241e-04
-2.701910081381166814e-05
-2.981778173064416834e-05
2.303349041437733873e-07
-2.606332598735843482e-09
2.243295704980742642e-04
-3.267276368741133875e-05
2.302427586986876217e-07
-3.987185656785314609e-09
2.235037308006194870e-04
-3.553054450255036179e-05
2.301591157031766931e-07
-5.410010875328155665e-09
2.219969701057533716e-04
-3.859033551942003544e-05
2.360446291730893807e-07
2.480061653242238143e-10
2.298844429247378447e-04
-2.580295407666795829e-05
2.359771416845621064e-07
-1.113318053659952268e-09
2.302781304774271685e-04
-2.860071267053046628e-05
2.359303593009719565e-07
-2.469057951843575812e-09
2.301773336276302987e-04
-3.134863049329538875e-05
2.358926242930764894e-07
2.358878983415081746e-07
-5.249490479347417262e-09
2.280835496841339492e-04
-3.713520643567950715e-05
-3.861971161563835252e-09
2.293717480106128106e-04
-3.421968211840159703e-05
2.414778998257750319e-07
2.414742632591132648e-07
2.164585027719520598e-10
-1.117585472053961992e-09
2.352001825086280813e-04
2.358964927873473925e-04
-2.488042013088306807e-05
-2.763545275218772247e-05
2.414753135516662130e-07
2.415042725047516156e-07
2.415451142103113986e-07
-5.242049242304085161e-09
-3.846620721187557564e-09
2.340765046845291937e-04
2.353232151798445744e-04
-3.617097720235477540e-05
-3.318113095641319357e-05
-2.484255012167477657e-09
2.358440116287103378e-04
-3.041372759635079914e-05
2.468910167988335851e-07
2.469275293997797365e-07
2.469871448062529493e-07
-2.586593162774773097e-09
2.416011496663519908e-04
-2.984629765465648206e-05
-1.247824764579916706e-09
2.414012055314484161e-04
-2.710477292637577550e-05
9.473177178644611633e-11
2.406437651173669171e-04
-2.430995685544479993e-05
2.471544386543004913e-07
2.470535144287379227e-07
-3.953641831972399444e-09
2.411625869021987486e-04
-3.269898644627305208e-05
-5.317172474122112922e-09
2.402605321428729593e-04
-3.559575907483946404e-05
2.523522623707542152e-07
2.524430998618759501e-07
-1.453524610081266176e-09
-2.795651291067026300e-09
2.470336511197697730e-04
2.472761916050279004e-04
-2.687199978436276179e-05
-2.967088632150956549e-05
2.525627690612081019e-07
-4.134502323762644570e-09
2.470660521696015337e-04
-3.247637547966533011e-05
2.526909438497476889e-07
-5.497149722658382071e-09
2.462018977993562173e-04
-3.548168075911022404e-05
2.522656909458494563e-07
-1.349444322863317492e-10
2.460425109723785313e-04
-2.407996000908078655e-05
2.578647663449554232e-07
-3.072126267442334746e-09
2.530239330203366702e-04
-2.961463821059647688e-05
2.577290737635533947e-07
2.576163840008210516e-07
-4.314708259148579466e-10
-1.753179732814892084e-09
2.515863514195974013e-04
2.525726529726601073e-04
-2.404830793805164233e-05
-2.685298970561737314e-05
2.581840411905584257e-07
-5.746664584080590547e-09
2.521604264513974407e-04
-3.534739185836965159e-05
2.580076248576736688e-07
-4.410695810460772924e-09
2.528081559481695621e-04
-3.245284397576485161e-05
2.630772010688078828e-07
-2.108759710818777921e-09
2.582205909443550593e-04
-2.698679386714636263e-05
2.629275574272949467e-07
-8.060644841236254351e-10
2.570810750402636492e-04
-2.416223141115927459e-05
2.634132826916366483e-07
2.636057199798699459e-07
-6.075683312549339125e-09
-4.743280618889656081e-09
2.578250749568124505e-04
2.585837145323558644e-04
-3.542495791544295628e-05
-3.252343925834259018e-05
2.632309674951399609e-07
-3.426987001624188827e-09
2.586219113961592828e-04
-2.975200039615598713e-05
2.682154671641507201e-07
2.683777129974601591e-07
2.685629322840034890e-07
-3.823840287917064661e-09
2.642811802117635885e-04
-2.995744172140663567e-05
-2.524043533563561195e-09
2.637435884251889307e-04
-2.720792742052757017e-05
-1.223056463924555585e-09
2.627274039682991674e-04
-2.440890328146497337e-05
2.689823511166662638e-07
2.687553293911175452e-07
-5.135357799058919159e-09
2.641483732067054680e-04
-3.272600604648083251e-05
-6.445902096494500887e-09
2.635370911767277832e-04
-3.554203805710548763e-05
2.736493366170272835e-07
2.738384570665554915e-07
-2.965528440883923831e-09
-4.259398458879582785e-09
2.693259399898725068e-04
2.697808834450742660e-04
-2.754230421093782763e-05
-3.027689158774245725e-05
2.740568616712662543e-07
-5.552992125766074843e-09
2.697811310487918516e-04
-3.300104869425460655e-05
2.742850810634312270e-07
-6.854655250181191556e-09
2.690242928085519593e-04
-3.581232312041647271e-05
2.734653413207138452e-07
-1.678792746452621672e-09
2.681086718326382702e-04
-2.474338434058538582e-05
2.790787567852933200e-07
-4.705649338984691360e-09
2.753497085463920595e-04
-3.077777169740460015e-05
2.788707013342996681e-07
2.786893897391484484e-07
-2.146165824854497851e-09
-3.425931718695755984e-09
2.735730221704624513e-04
2.747374262517288958e-04
-2.532487498597226739e-05
-2.807477490976470859e-05
2.795434495354446693e-07
2.792947646709666454e-07
-7.275487111109254390e-09
-5.990476575680098306e-09
2.746364170865073446e-04
2.752530494237692650e-04
-3.626450094202667397e-05
-3.349808424452019041e-05
2.840591341568648364e-07
-3.891172395359482286e-09
2.802663993982881948e-04
-2.860801406873429725e-05
2.838631494127948795e-07
-2.624133557898492907e-09
2.789853166833254909e-04
-2.581716505745723146e-05
2.844938370053570307e-07
-6.431804931434170191e-09
2.808244941950217583e-04
-3.400164556535249262e-05
2.847328994677226635e-07
-7.704723826894755031e-09
2.801551560507915145e-04
-3.683941716829581571e-05
2.842615009782570590e-07
-5.161381002234953222e-09
2.807869858681663372e-04
-3.130353744187096331e-05
2.890019310168613792e-07
-3.107345673670527499e-09
2.845840593247206439e-04
-2.633652112851078009e-05
2.891901240489659000e-07
2.894080741284429614e-07
-5.618793968028379333e-09
2.863126004035913656e-04
-3.183136926365571178e-05
2.896309800539333289e-07
-6.877003177498390588e-09
2.863030411337203580e-04
-3.457648874809719905e-05
2.898831153485109346e-07
-8.135302545523043139e-09
2.858365894622797473e-04
-3.737606934247271836e-05
-4.363125693635306217e-09
2.857040727401286592e-04
-2.910601770804649782e-05
2.940820507878122370e-07
2.942849210575892629e-07
-3.599449847114252600e-09
-4.841306239012388850e-09
2.899360506135696745e-04
2.912158829584915280e-04
-2.686245694387300644e-05
-2.965866333734806256e-05
2.944939801554848851e-07
-6.084880790689790654e-09
2.917393677727966525e-04
-3.239761096805646282e-05
2.947325140209129326e-07
-7.328096762975477434e-09
2.918224574043428213e-04
-3.514893217673622887e-05
2.949772786671616736e-07
-8.574245857840045308e-09
2.911932418745460829e-04
-3.799172829972670201e-05
2.991273544705175802e-07
-4.100201970427524840e-09
2.953729198729836288e-04
-2.748537420270947364e-05
2.993220665436399727e-07
-5.332019709919719339e-09
2.965515688327442410e-04
-3.021483352818235394e-05
2.995439773024011595e-07
-6.563694544216062309e-09
2.972160551082478753e-04
-3.290580992031599887e-05
2.997743297273530917e-07
3.000354716648168515e-07
-9.029587772592640706e-09
-7.796632711730705514e-09
2.965806423390790719e-04
2.971417380234130058e-04
-3.835913188292843651e-05
-3.560433549571862899e-05
3.041189748392732089e-07
3.043253423863098270e-07
3.045372754421220958e-07
3.047787219641103435e-07
-8.272607323006833878e-09
-7.050926108457431419e-09
3.025266051872315559e-04
3.024842586170181538e-04
-3.604871476696759592e-05
-3.340253762431482103e-05
-5.829762438002853940e-09
3.019713061881442286e-04
-3.076185590155475512e-05
-4.608941152408842964e-09
3.007019210223080144e-04
-2.800410218522133890e-05
3.050295748891752870e-07
-9.494613779511130921e-09
3.017940972254845849e-04
-3.878968475185023057e-05
3.090790971254101817e-07
3.092728621338850668e-07
3.094943720824168133e-07
-7.534485972547261070e-09
3.078314768662966140e-04
-3.388554214013885093e-05
3.097216755281165570e-07
-8.742766631354445877e-09
3.077629138300657622e-04
-3.654701119700956802e-05
3.099814972097418263e-07
-9.952262813328099597e-09
3.071673112287772963e-04
-3.925806012761143596e-05
-5.116756572445117189e-09
-6.325147983303478867e-09
3.072522895573530756e-04
-3.121898234481226386e-05
3.061934513016099208e-04
-2.850587217092460227e-05
3.139871083925364148e-07
3.141857257410791709e-07
-5.609667452391402457e-09
-6.807072471129769679e-09
3.113589020464413632e-04
3.125857603915548869e-04
-2.894020111790501494e-05
-3.168088484491636753e-05
3.143903310247409137e-07
-8.001702921555012249e-09
3.130670436022269074e-04
-3.434763232983510108e-05
3.146251988337261161e-07
-9.197781602373686325e-09
3.130992015223017810e-04
-3.700920526529817128e-05
3.148658255846621185e-07
-1.039165193406499952e-08
3.124036458857793190e-04
-3.976828345079209010e-05
3.188585609275270726e-07
-6.080749947763123817e-09
3.165657417070941149e-04
-2.960197347427513811e-05
3.190378572922863856e-07
-7.263759060324703648e-09
3.177162462927650508e-04
-3.226345436535546572e-05
3.192490795638877771e-07
-8.447649799620428138e-09
3.183593976727401077e-04
-3.488267218585933778e-05
3.194673646383121786e-07
3.197132736118269425e-07
-1.081351598121391069e-08
3.177364874276630054e-04
-4.022873939016050922e-05
-9.630062197742158420e-09
3.182906454759649312e-04
-3.752969103996366791e-05
3.236621302254893540e-07
3.238508775755412950e-07
-6.537154169216269611e-09
-7.708150401689374359e-09
3.215853050296333792e-04
3.229149473747943821e-04
-3.015131129262112877e-05
-3.280077102657326680e-05
3.240478437718344249e-07
3.242747459023202552e-07
3.245053640428588645e-07
-1.122109599668810533e-08
-1.005039244343677764e-08
3.229363719107449437e-04
3.235513019537258504e-04
-4.074212505661900172e-05
-3.799156138041097770e-05
-8.879108388813460306e-09
3.234632243988880512e-04
-3.539349099061597396e-05
3.284212804612798061e-07
3.285986962077489641e-07
3.288094561482651528e-07
-9.310333883642405001e-09
-8.153630399312395591e-09
3.286333681469691772e-04
3.279563732561657373e-04
-3.593990563398816049e-05
-3.334261072619746545e-05
-6.996342601791678436e-09
3.267233589541555252e-04
-3.070954832240874530e-05
3.292655231024600652e-07
3.290240915398812060e-07
-1.046857815474915624e-08
3.286786197576500933e-04
-3.857829191364971514e-05
-1.162651109277361797e-08
3.282856021206780159e-04
-4.127591393300448532e-05
3.333056944954681724e-07
-8.614320242675223614e-09
3.331059684281926082e-04
-3.393405000316408900e-05
3.335074042913833370e-07
-9.757933819222475544e-09
3.336977532546419158e-04
-3.655078013514398585e-05
3.337392328431494495e-07
-1.090020482981142295e-08
3.338366835415444993e-04
-3.919680451520502694e-05
3.339760335387796976e-07
-1.204604882333730268e-08
3.332770256993216186e-04
-4.195267042836531063e-05
3.331086553045412608e-07
-7.473110557596768661e-09
3.317499607249022996e-04
-3.127095499061932984e-05
3.381677499096511322e-07
-1.023666240325834470e-08
3.388231658773094247e-04
-3.693896534053099981e-05
3.379515541729738201e-07
3.377601174901314087e-07
-7.974252942600617495e-09
-9.105685570246508229e-09
3.368824413759356827e-04
3.381053807933442879e-04
-3.173607820704581553e-05
-3.435526342149144654e-05
3.386493002208741975e-07
3.383916926610946020e-07
-1.249956810142579375e-08
-1.136829075961279046e-08
3.382901093696248358e-04
3.388055235759222209e-04
-4.219827333768251017e-05
-3.953852770256584178e-05
3.425649282595158610e-07
-9.609586744097240288e-09
3.431737226802791200e-04
-3.479895461721761892e-05
3.423637069669224670e-07
-8.488026933402982446e-09
3.418521484427475884e-04
-3.215085037900271097e-05
3.430027905673571175e-07
3.427689884638775140e-07
-1.185029611608940770e-08
-1.072941301182847162e-08
3.438574073274360877e-04
3.437462651518574728e-04
-3.987003959261206253e-05
-3.733530607260900379e-05
3.432475886559328831e-07
-1.296927828011594911e-08
3.431970314200831701e-04
-4.251657156403674539e-05
3.469411627102175799e-07
-8.989603716063773874e-09
3.469478004437286708e-04
-3.269834570455382123e-05
3.471242543793275855e-07
3.473327303988113588e-07
-1.120764631480276260e-08
-1.009775949171631549e-08
3.487419865510538630e-04
3.480895787296705711e-04
-3.786285501398658397e-05
-3.530518936792872211e-05
3.475456875139929168e-07
-1.231213007134497609e-08
3.487731828850690980e-04
-4.042517729668201513e-05
3.477941305893590321e-07
-1.341862408776650518e-08
3.483146349847621040e-04
-4.303332502175746615e-05
3.516502039526906699e-07
-1.055695225435928021e-08
3.530648140222046160e-04
-3.590299730005378821e-05
3.518325321234848250e-07
-1.164890608906737930e-08
3.536323437922957299e-04
-3.847156193985687498e-05
3.520451302809484890e-07
-1.274306167958705704e-08
3.537684795130696235e-04
-4.104186878625555839e-05
3.522626253386304833e-07
-1.382816088533827805e-08
3.532476048947313647e-04
-4.372576411035171889e-05
3.514714980561917333e-07
-9.455680380044171239e-09
3.517488588911397767e-04
-3.327177622104031846e-05
3.562940417139479947e-07
-1.205400764385996725e-08
3.585704534136437659e-04
-3.912673853637175868e-05
3.561169950238341243e-07
3.559687094206707135e-07
-9.885053576294076716e-09
3.566247968801558761e-04
-3.404123500504903230e-05
-1.096855487847554703e-08
3.578579844127057559e-04
-3.660040226183536159e-05
3.566894629951270829e-07
-1.420639168290222049e-08
3.582021442676191830e-04
-4.427944396701365235e-05
3.564766341902399923e-07
-1.312914318982651123e-08
3.585934058267087050e-04
-4.167245374642130582e-05
3.605467447518905309e-07
3.604055995079236833e-07
-1.026887570210637498e-08
-1.134715329442530215e-08
3.614080712096962001e-04
3.627402522986685157e-04
-3.461634975604881847e-05
-3.720323279429564329e-05
3.606931062363720878e-07
3.608696915999778604e-07
3.610518924289146689e-07
-1.454035911819320576e-08
-1.348251491902703501e-08
3.628310205013069605e-04
3.634318784747972973e-04
-4.476998694118887386e-05
-4.219143702121822800e-05
-1.241390911763457612e-08
3.633076308033248271e-04
-3.968879426116896406e-05
3.648049458194678240e-07
-1.062527727896121358e-08
3.663644982331222847e-04
-3.507590126182959011e-05
3.649145780373294170e-07
3.650536503476422884e-07
3.651979109860566799e-07
-1.274440120118626336e-08
-1.379292618055996963e-08
3.681033479117231354e-04
3.680437863939425586e-04
-4.011056761307026845e-05
-4.257736443286068851e-05
3.653743621538989410e-07
-1.484363697896725593e-08
3.675086776660224782e-04
-4.510013454009196990e-05
-1.168385892651701686e-08
3.674787979282457965e-04
-3.761208708115858690e-05
3.692444142085497956e-07
-1.198735848665688870e-08
3.722774874723546509e-04
-3.796318757982077165e-05
3.691435043304310342e-07
-1.093453369711968454e-08
3.710891742066145852e-04
-3.538168848849049491e-05
3.693492649386156704e-07
-1.302699424618176451e-08
3.727219273249579362e-04
-4.041354584622104077e-05
3.694854250939015259e-07
-1.406914370658181949e-08
3.727111461023548404e-04
-4.285842937307178101e-05
3.696283042028579823e-07
-1.509896101640053570e-08
3.718954558753412363e-04
-4.531702963519851742e-05
3.734463940718136180e-07
3.735104167690178125e-07
-1.120147897225252348e-08
-1.223310062118913639e-08
3.758525410654529452e-04
3.768804465382501255e-04
-3.582596783813854084e-05
-3.832871181454890972e-05
3.736049755434812781e-07
-1.326747744875496226e-08
3.773972977072995866e-04
-4.077887565933702770e-05
3.737054313213614136e-07
3.738386023253183315e-07
-1.531241848737783047e-08
-1.428846395308417281e-08
3.764219403613995271e-04
3.771877047281226112e-04
-4.561811290466016535e-05
-4.318009036915702577e-05
3.777370349135710716e-07
3.777943603199051108e-07
3.778838768352117796e-07
-1.445870423563992105e-08
-1.344317754991388672e-08
3.817738410894909343e-04
3.819080135355367085e-04
-4.354567891594943705e-05
-4.114228425168568639e-05
-1.243059514656058443e-08
3.815511770827828921e-04
-3.873624013207554317e-05
3.776853231462201384e-07
-1.140379825949654309e-08
3.803905744764334192e-04
-3.621966112761154590e-05
3.779780148580087962e-07
-1.546014886883955405e-08
3.808795085467805161e-04
-4.602744078959490642e-05
3.819426532778493386e-07
-1.356880720733572092e-08
3.864927355778777413e-04
-4.149672226725974422e-05
3.819945161756205471e-07
-1.456174395118622852e-08
3.862328220047986718e-04
-4.390405187205063248e-05
3.820766771782002277e-07
-1.555724551337039070e-08
3.854856077823805489e-04
-4.636683459160943456e-05
3.818951462494065415e-07
-1.256268731949361226e-08
3.860476051116052310e-04
-3.907748718368242609e-05
3.818820415674803848e-07
-1.155892385968405905e-08
3.850482738635770835e-04
-3.662099860240235964e-05
3.860096968431145291e-07
3.860036971373966381e-07
-1.165825575879583219e-08
-1.265438486225422395e-08
3.895347111742882159e-04
3.906342002514158192e-04
-3.684355602209482094e-05
-3.932504844044743409e-05
3.860214420169907941e-07
-1.363808706098228663e-08
3.909185210614624507e-04
-4.171259453537279316e-05
3.860657256311152683e-07
-1.462367235166028358e-08
3.907235546763288946e-04
-4.412197900766665575e-05
3.861136643943016830e-07
-1.559765684484268347e-08
3.897316003486075639e-04
-4.658523867435057620e-05
3.900804434148483374e-07
-1.172670641634343828e-08
3.941292671561792932e-04
-3.685354593343138381e-05
3.900527284247434784e-07
-1.270126806243319888e-08
3.950288824444863657e-04
-3.927128343192393096e-05
3.900584970322868718e-07
-1.367762870574633526e-08
3.953944514145289421e-04
-4.165215575864858049e-05
3.900700709831556821e-07
3.901132105249330930e-07
-1.561026076900481047e-08
3.940191861454520896e-04
-4.640967950493323283e-05
-1.464294859727922528e-08
3.949869961333784770e-04
-4.400465851590916136e-05
3.940843333325892210e-07
3.940528213984619015e-07
-1.175230107453703815e-08
-1.271837341095035100e-08
3.984772667143330195e-04
3.994842857071852584e-04
-3.672972529903200219e-05
-3.917192336711740796e-05
3.940265076806625178e-07
3.940334037538708620e-07
3.940456679907230505e-07
-1.558011123977873872e-08
-1.463197078729055242e-08
3.981593354128272672e-04
3.993358854519065771e-04
-4.624139764844693938e-05
-4.384501577675858658e-05
-1.367413046454804063e-08
3.996667285518651770e-04
-4.150693344366782544e-05
3.980449594043643426e-07
3.979810249818796691e-07
3.979518030259246235e-07
-1.363705798288865754e-08
4.040099859190375326e-04
-4.135820895302271026e-05
-1.269031498720501243e-08
4.037350385397847630e-04
-3.901789714418244605e-05
-1.174547808213721548e-08
4.028904232678031717e-04
-3.663851054401556941e-05
3.979364447543210551e-07
-1.551404040412672678e-08
4.024320390882993141e-04
-4.605476563561636543e-05
3.979276371720266955e-07
-1.457449032802141273e-08
4.035077602629239023e-04
-4.368027143896046250e-05
4.018647432063618690e-07
4.018049675022975024e-07
-1.263051125897386206e-08
-1.355658254878821052e-08
4.080688913462081975e-04
4.081786793279361153e-04
-3.880426297553264280e-05
-4.110503779236492739e-05
4.017791297181975473e-07
4.017571331874158813e-07
-1.540359480724364051e-08
-1.448441643024238949e-08
4.065082909793676946e-04
4.077653693054919862e-04
-4.579778956214978732e-05
-4.341551956117936152e-05
4.019299371425912035e-07
-1.169550994181360798e-08
4.070935543396409493e-04
-3.640857496635433409e-05
4.056143736323006964e-07
4.055594603539753729e-07
4.055370840695938422e-07
-1.526632195562591185e-08
4.106723425504553958e-04
-4.537165048587224182e-05
-1.435669046281391331e-08
4.118379285127511365e-04
-4.302256616754055287e-05
-1.344868868464166334e-08
4.124198247199544615e-04
-4.073018348139733702e-05
4.056741808425710172e-07
4.057692192110659849e-07
-1.161836638774748929e-08
-1.253279454474786334e-08
4.114130300368922574e-04
4.122123713436791847e-04
-3.609055779332753344e-05
-3.842770225961089918e-05
4.092971764956630529e-07
4.092466256100063161e-07
-1.509592552554521937e-08
-1.420561588094596236e-08
4.147056445715823826e-04
4.160068114249683554e-04
-4.487450625207470978e-05
-4.249038125641523375e-05
4.093509636477149729e-07
-1.330794795620891023e-08
4.164872056246914263e-04
-4.021439935500303089e-05
4.094383005788453950e-07
-1.241168687984168294e-08
4.164527663006380056e-04
-3.794682104389077203e-05
4.095301164613992668e-07
-1.150894933444222517e-08
4.155919510881349375e-04
-3.555442769179539635e-05
4.129139289047412666e-07
4.129631798274593436e-07
4.130438787758815280e-07
-1.314641630253746032e-08
4.206203781487131022e-04
-3.963835464825766960e-05
4.131271777508087051e-07
-1.226214064512420891e-08
4.205204767704315305e-04
-3.734252782580381219e-05
4.132443577061560048e-07
-1.137897743314592282e-08
4.198955538677492353e-04
-3.500779334607547133e-05
-1.490401022514001622e-08
-1.402457458099126370e-08
4.200194231166485886e-04
-4.192857373506551509e-05
4.189049285376092685e-04
-4.427369172615155875e-05
4.165873691728723159e-07
4.166633322213873505e-07
4.167718034616060313e-07
-1.209566593952368621e-08
-1.296072661055068698e-08
4.246268141431213511e-04
4.245822282453388160e-04
-3.673260304983051071e-05
-3.901424642551865193e-05
-1.382669338311530499e-08
4.240694698405366564e-04
-4.130759603453005679e-05
4.165145717414235823e-07
-1.468758195830038569e-08
4.227403846426896149e-04
-4.366879430982828199e-05
4.168838037532151439e-07
-1.122465745380833003e-08
4.238432236270343986e-04
-3.438207646061862925e-05
4.202398556601000945e-07
-1.276348999655688277e-08
4.285700594355584966e-04
-3.830127672922011689e-05
4.203445365349816757e-07
4.204806516262121953e-07
-1.105521102862925518e-08
-1.190885146118907603e-08
4.278117904063416153e-04
4.284611607910667028e-04
-3.382672201164773918e-05
-3.608177782547911761e-05
4.200735557928276103e-07
-1.446228186414618682e-08
4.266054898720339278e-04
-4.279025446409527773e-05
4.201403077067690068e-07
-1.361230237001650788e-08
4.278600881599157958e-04
-4.052032139956472282e-05
4.238751488737214562e-07
-1.170706242102308007e-08
4.323481054752967246e-04
-3.537861713912911915e-05
4.240082135374497363e-07
-1.086328866850109837e-08
4.315363778521031182e-04
-3.312565199957491382e-05
4.236497504819818688e-07
4.235588989865965957e-07
-1.421570606068932201e-08
-1.338284661912249889e-08
4.302535512972979759e-04
4.317128633730639626e-04
-4.197102218066423534e-05
-3.972364022452743099e-05
4.237458868612912363e-07
-1.254426713373067057e-08
4.322955151669289936e-04
-3.754953730595207977e-05
4.274943017354001024e-07
-1.065343717212529043e-08
4.353641996684778654e-04
-3.243156553661779532e-05
4.273343362737687328e-07
4.272080257707357739e-07
4.270855881359090615e-07
-1.230434430742435241e-08
-1.312381033849664624e-08
4.360973378096107242e-04
4.353644698932513583e-04
-3.681700366630643830e-05
-3.898514997254760519e-05
4.269983777946032365e-07
-1.394494020288960419e-08
4.340259650921883951e-04
-4.120018022876459601e-05
-1.147819185746223889e-08
4.360292139622704228e-04
-3.464546833866174097e-05
4.307488244648195850e-07
-1.122651479036832489e-08
4.398039348812132461e-04
-3.394372242284497823e-05
4.309063594646617469e-07
-1.041306524203179443e-08
4.390008193203425195e-04
-3.170951412715784323e-05
4.305945568276830118e-07
-1.203246797492357812e-08
4.397344657377636780e-04
-3.609372349704717265e-05
4.304751268871514738e-07
-1.283999130843665664e-08
4.391190277298114160e-04
-3.824558473411855084e-05
4.303590556983596698e-07
-1.364037470572760904e-08
4.376252828490247724e-04
-4.048242694570988173e-05
4.342735475226534076e-07
4.340868886212098130e-07
-1.014841965875060461e-08
-1.094143566232612526e-08
4.427272075767745810e-04
4.433894103513129131e-04
-3.105105094946193254e-05
-3.324061892071900379e-05
4.339351288478656753e-07
-1.173591376724781738e-08
4.434508441250945487e-04
-3.538684072536071743e-05
4.337870449311630051e-07
4.336735910389242292e-07
-1.331179427051374843e-08
-1.252304468941384184e-08
4.413420208373312133e-04
4.427014856939933134e-04
-3.973750256558990186e-05
-3.753829063265938986e-05
4.373786722427726292e-07
4.371985618653670203e-07
4.370529185273718282e-07
-1.218190921087448724e-08
-1.140623939568274742e-08
4.463844163273289218e-04
4.469897614605697952e-04
-3.682046144619470089e-05
-3.469705447935454338e-05
-1.063205229657407827e-08
4.470681982057919581e-04
-3.257675493146582540e-05
4.375618841312154756e-07
-9.850946132788611663e-09
4.462966530507011327e-04
-3.035039875223094746e-05
4.369098087454318790e-07
-1.294998485450016971e-08
4.449270928894406775e-04
-3.906681260441165172e-05
4.404160800997127088e-07
-1.105327923398483072e-08
4.505910375997612184e-04
-3.401035475894105623e-05
4.402418191086221925e-07
-1.180840441622707054e-08
4.498874181042672969e-04
-3.615261228571303199e-05
4.401005450999274366e-07
-1.256502862952549847e-08
4.486448709678422233e-04
-3.834419811838248932e-05
4.405922374689090933e-07
-1.029138961620457019e-08
4.505627797098336450e-04
-3.187790266054825656e-05
4.408027491739645227e-07
-9.530843570517252293e-09
4.500053024936097627e-04
-2.970185347051301498e-05
4.437597583976831534e-07
4.439663812793719790e-07
-9.180361339817618773e-09
-9.928380519123491129e-09
4.533350254105858218e-04
4.540915300503856901e-04
-2.903164908416676953e-05
-3.121467911514116657e-05
4.435561089898837828e-07
-1.066987200404756793e-08
4.540018205599854573e-04
-3.333849334596858822e-05
4.433860142495792060e-07
-1.141275250412008394e-08
4.534306458937990033e-04
-3.546321348565997257e-05
4.432177247291688653e-07
-1.214987486804188640e-08
4.520093776210482701e-04
-3.766712286514967156e-05
4.470832447367568996e-07
-8.806151581342142153e-09
4.566916972529923855e-04
-2.855642016664478220e-05
4.468495025058794704e-07
-9.534908913779339842e-09
4.573476398377265676e-04
-3.065085423638407556e-05
4.466508185789815314e-07
-1.026471948117925500e-08
4.574390038797803088e-04
-3.270595828382130634e-05
4.464559504094097370e-07
4.462927277294747802e-07
-1.171559234050477761e-08
4.554000093900406761e-04
-3.688146094711969498e-05
-1.098954105189690341e-08
4.566991433607717936e-04
-3.477067070135067350e-05
4.501185192949904844e-07
4.498921473322840570e-07
-8.408428802671213646e-09
-9.124456423192135397e-09
4.598497747147691915e-04
4.606735997630775122e-04
-2.797194724335956312e-05
-3.006690711050079534e-05
4.496700267331159800e-07
4.494821890909859218e-07
-1.054905518543673598e-08
4.600298598500733951e-04
-3.410447301849469807e-05
-9.836330136758580161e-09
4.606214067911167218e-04
-3.208316125265087810e-05
4.492965932088952215e-07
-1.125835893389135909e-08
4.585670078760239457e-04
-3.622230882817979193e-05
4.531037602919262871e-07
-8.001906479780198014e-09
4.631540061194393374e-04
-2.736106366121117110e-05
4.528547169454113140e-07
4.526428310464732645e-07
4.524335962508695632e-07
-9.396255439309876526e-09
-1.009124147511373531e-08
4.638847845174439745e-04
4.631665775910171596e-04
-3.144237064493199765e-05
-3.346871103560884872e-05
4.522578589706758950e-07
-1.078696341870874343e-08
4.618599068818185667e-04
-3.554543869433505592e-05
-8.698833559428490549e-09
4.638170745051724796e-04
-2.942160849921088335e-05
4.557677199327027016e-07
-8.266739984232161085e-09
4.670572303584800099e-04
-2.878488172081169311e-05
4.560026041254535501e-07
-7.586456384694446313e-09
4.662803385939245059e-04
-2.669217522794528033e-05
4.555356702945111100e-07
-8.945873965689027002e-09
4.669859575346278703e-04
-3.078662088287088653e-05
4.553391007370289014e-07
-9.625435058129098320e-09
4.663916033636668909e-04
-3.279403683666653444e-05
4.551439251412238793e-07
-1.030406089396102935e-08
4.649517763178761544e-04
-3.489700654019643901e-05
4.588509553243492238e-07
4.585974400616153686e-07
-7.166605903085638316e-09
-7.829120802386479548e-09
4.694989908471158325e-04
4.701121109102461169e-04
-2.607403086672143542e-05
-2.811134587867887688e-05
4.583805627278692085e-07
-8.491828883499964543e-09
4.701544930377207017e-04
-3.010951644599413687e-05
4.581662130889959052e-07
4.579856793252502054e-07
-9.817704751547391868e-09
-9.154603031783932719e-09
4.681154806062156454e-04
4.694166618512156039e-04
-3.415550156531661736e-05
-3.210637000017465078e-05
4.613777842014016455e-07
4.611449560110932102e-07
4.609467828145077637e-07
-8.683563835280080429e-09
-8.037123157397115386e-09
4.725154266410500287e-04
4.731281982138289366e-04
-3.135213833864778201e-05
-2.938745596459846370e-05
-7.390775440483247542e-09
4.732497886445177684e-04
-2.742957048481515402e-05
4.616124485858736860e-07
-6.746254116539820877e-09
4.725653175413940441e-04
-2.534506075066410765e-05
4.607493460827986913e-07
-9.330392925210462642e-09
4.710969965756386935e-04
-3.343215231244734401e-05
4.638619104964820284e-07
-7.585155174274528696e-09
4.761507736646486215e-04
-2.861691146401286522e-05
4.636478355730769561e-07
-8.214914152081055103e-09
4.754266020027163786e-04
-3.059719161404700881e-05
4.634663502628411542e-07
-8.844743722550043797e-09
4.742106086425450836e-04
-3.263070663402592865e-05
4.640750883627067406e-07
-6.957247310083821469e-09
4.762129803097822438e-04
-2.662881305669757381e-05
4.643227275765870901e-07
-6.329224559387362983e-09
4.757826140875357109e-04
-2.460245787764216946e-05
4.667249013665799548e-07
4.669531245919177795e-07
-5.919666667898993860e-09
-6.528855401516172758e-09
4.786117649800760180e-04
4.792006786590830253e-04
-2.371819508086661055e-05
-2.577782050772619934e-05
4.664974071093369375e-07
-7.139993143845710112e-09
4.790017474316502670e-04
-2.776308921958636127e-05
4.663032759200080202e-07
-7.751035789402215811e-09
4.783597558610438723e-04
-2.975389640908051033e-05
4.661091976874573745e-07
-8.365310402604421646e-09
4.769244318721678998e-04
-3.179554645063351168e-05
4.695367798526009945e-07
-5.510941075413027336e-09
4.814416699697869921e-04
-2.301342045995126412e-05
4.692950603219741909e-07
-6.106172643027849129e-09
4.819092020693292971e-04
-2.495693296475183027e-05
4.690864536923332565e-07
-6.701166716345377707e-09
4.818669860109108969e-04
-2.686397231484279603e-05
4.688813119767694284e-07
4.687083214620801537e-07
-7.897015078063980152e-09
4.796377188542272720e-04
-3.070719028700622031e-05
-7.299146086807982934e-09
4.810117596685714223e-04
-2.876161132460907941e-05
4.720411876788855797e-07
4.718187545312785782e-07
-5.111480222144170394e-09
-5.690989105900861782e-09
4.840234072025820754e-04
4.846584397988529420e-04
-2.214686175414238417e-05
-2.406821059376568645e-05
4.715993209308313818e-07
4.714138399945910234e-07
4.712310131908709208e-07
-7.441187216816646748e-09
-6.855390509368882119e-09
4.821400931137231546e-04
4.837134470962372386e-04
-2.966669048314576120e-05
-2.774625593005755739e-05
-6.273305609185000251e-09
4.844399999052849556e-04
-2.590448942526498577e-05
4.744975564946284322e-07
4.742632964738000070e-07
4.740648045227887952e-07
-5.854325529384856104e-09
4.870823082756325158e-04
-2.492019132736754227e-05
-5.290129591459131551e-09
4.871979702209434937e-04
-2.307466274052277631e-05
-4.725475682634852206e-09
4.867338877591565957e-04
-2.119372397581394899e-05
4.737061923275160111e-07
-6.988760089871994994e-09
4.847810979165606484e-04
-2.865350592038764003e-05
4.738675101092053783e-07
-6.421611846415798992e-09
4.862119802799713024e-04
-2.676120880858037456e-05
4.766583658040443638e-07
4.764467696473317882e-07
-4.900906093935067270e-09
-5.448836396258258078e-09
4.898306318374322189e-04
4.895675552713977608e-04
-2.205326094943346567e-05
-2.388080594686720534e-05
4.762714827277505830e-07
4.760972418442790634e-07
-6.546997504648320632e-09
-5.996418617061290652e-09
4.871440235610001120e-04
4.887847112585660698e-04
-2.762500596116967565e-05
-2.571957463274498462e-05
4.768702487858953871e-07
-4.355613410971126694e-09
4.892552799242233042e-04
-2.013924149689399329e-05
4.787786529284069097e-07
4.785890782824105685e-07
4.784369891284481767e-07
-6.116832366325527514e-09
4.896128267519572058e-04
-2.640884870524272689e-05
-5.585596342778062985e-09
4.911618972508352034e-04
-2.455415597633549437e-05
-5.054334115889217181e-09
4.921200028787106953e-04
-2.274729166110294755e-05
4.789696302804631319e-07
4.791950095974199644e-07
-3.995234662162757744e-09
-4.524865074943599094e-09
4.918702975399106159e-04
4.922770712611008103e-04
-1.906833987773038524e-05
-2.092762573674511153e-05
4.808551291820363717e-07
4.806856853547543019e-07
-5.694479611782392329e-09
-5.181048785661016857e-09
4.919488665255567937e-04
4.936308346419181897e-04
-2.526183514580438062e-05
-2.337996940928261177e-05
4.810260101682095652e-07
-4.667751619101773584e-09
4.944712720759195362e-04
-2.160035312162147527e-05
4.812324862400033382e-07
-4.154637221385822477e-09
4.947988316436572210e-04
-1.982355791223841101e-05
4.814381356248529357e-07
-3.642740529667321461e-09
4.943161672396949270e-04
-1.792015076301425321e-05
4.828794678156690301e-07
4.830330296458559858e-07
4.832237005141706877e-07
-4.281840962004050493e-09
4.968830359970208407e-04
-2.044808172917686391e-05
4.834128001083568533e-07
-3.786479403946076437e-09
4.971422135704862792e-04
-1.863893501075497160e-05
4.836343594650810488e-07
-3.291608945826015244e-09
4.969030985143917762e-04
-1.678787234016839678e-05
-5.271460237774503801e-09
-4.776311081363357715e-09
4.959352309987682646e-04
-2.225233836032217892e-05
4.944482373041283671e-04
-2.410527690621618496e-05
4.851594778996633329e-07
4.853356802110745518e-07
4.855463927434899373e-07
-3.411447031541911445e-09
-3.887336421364439917e-09
4.995083860203843474e-04
4.991295403513213704e-04
-1.743887382994020133e-05
-1.924834383625115055e-05
-4.364271040455212324e-09
4.982882470285723451e-04
-2.105524657559205791e-05
4.849830491024313120e-07
-4.839293600562531263e-09
4.966190317649896288e-04
-2.292772374006122102e-05
4.857560200074513408e-07
-2.932748442482590609e-09
4.990851024474842216e-04
-1.556329342764196596e-05
4.873988128759939719e-07
-3.476855117380992844e-09
5.013976710399587313e-04
-1.810330832575873271e-05
4.875984915573019700e-07
4.878320775470506291e-07
-2.553864550861623908e-09
-3.014977417743248164e-09
5.012642622582454653e-04
5.015962361822502843e-04
-1.460478479371709610e-05
-1.637374704753428013e-05
4.870365536414388756e-07
4.872010449482111887e-07
-4.396272468617054725e-09
-3.936128247985178273e-09
4.988270406310777935e-04
5.003775556671703545e-04
-2.161502693383594181e-05
-1.983665017107366470e-05
4.896021425016623350e-07
-2.606098643974786547e-09
5.037407788331311510e-04
-1.528162428796604367e-05
4.898244420214305634e-07
-2.158367466930001422e-09
5.032689601646943550e-04
-1.351877580858294880e-05
4.891947203091565677e-07
-3.496618320244825847e-09
5.025153286413192727e-04
-1.861879970681733505e-05
4.890083986378578118e-07
-3.939148679815867427e-09
5.008210339565256691e-04
-2.040766838612126353e-05
4.893812559059960804e-07
-3.051140835196084373e-09
5.033806503801980430e-04
-1.694660982935343430e-05
4.917651860513917352e-07
-1.763204266424867974e-09
5.054555290001074225e-04
-1.230893557891212076e-05
4.915224942870495572e-07
4.913147281031051072e-07
-2.620538749162906191e-09
-2.191704860197103831e-09
5.054275714187638933e-04
5.057012644355392229e-04
-1.573602590435991164e-05
-1.404069492583905411e-05
4.909306393566144279e-07
-3.472777244380566735e-09
5.029958812646543546e-04
-1.920824245225998618e-05
4.911049290507585915e-07
-3.046342472335891554e-09
5.044786497856795175e-04
-1.744627052364663432e-05
4.933931021044324680e-07
-1.772571664303816139e-09
5.077056367922465428e-04
-1.277914854596318614e-05
4.931612908517692092e-07
-2.180337071279796387e-09
5.073353978615215403e-04
-1.449451029755232929e-05
4.929647401228116021e-07
4.927672908938914462e-07
-2.994622353020115484e-09
-2.588805695127338075e-09
5.048406433489825923e-04
5.064947276754408652e-04
-1.801188278955877028e-05
-1.621432729301831426e-05
4.936232030826758363e-07
-1.361190759765113592e-09
5.072713247764582250e-04
-1.101627485217815954e-05
4.949577094008340238e-07
4.947380659963844604e-07
4.945533569519227204e-07
-2.510245189007728167e-09
5.067122446960509478e-04
-1.661883085139241535e-05
-2.119573753303164529e-09
5.082592842908991446e-04
-1.491868831814938545e-05
-1.729711727844065475e-09
5.092721029162050302e-04
-1.326717781674077161e-05
4.951786832570873156e-07
4.954334227647122063e-07
-9.434232140436141753e-10
5.091108352246405443e-04
-9.954382479358982313e-06
-1.336220143145394983e-09
5.094620880080413068e-04
-1.162832459996191104e-05
4.964613189100444725e-07
4.962518770455949823e-07
-2.010873830093955730e-09
-1.639247191009786310e-09
5.083851183809055341e-04
5.100748797173622253e-04
-1.531119990700908085e-05
-1.360700759259278746e-05
4.966709054537640868e-07
-1.263195589289179237e-09
5.109297334596039518e-04
-1.201778298269113468e-05
4.969154086648225523e-07
-8.878689015932689909e-10
5.112780088285935566e-04
-1.043403737306939689e-05
4.971599520184067382e-07
-5.085344523638578929e-10
5.107904014360303661e-04
-8.750482000400459646e-06
4.978981079712365055e-07
4.980980194583242939e-07
4.983340427757565947e-07
-7.854395053787749942e-10
5.126454773487018482e-04
-1.075434367503817983e-05
4.985674949115140836e-07
-4.258323180945929353e-10
5.129143518103896878e-04
-9.138393381361698377e-06
4.988359188646109467e-07
-6.684525474526635843e-11
5.126508474451856598e-04
-7.484802294786331136e-06
-1.496112022233016270e-09
-1.140323472240500164e-09
5.116930223207131166e-04
-1.237235454015762453e-05
5.102217055629009032e-04
-1.403997737669847557e-05
4.996832300008159067e-07
4.999084071943767761e-07
5.001692613360239829e-07
4.717967652709148617e-11
-2.900872906783907789e-10
5.145932775203365022e-04
5.142030865798915542e-04
-7.837530513604210589e-06
-9.465130873401195346e-06
-6.281846639470196504e-10
5.133421597923514077e-04
-1.110020183090392403e-05
4.994567139184149959e-07
-9.615567237596041320e-10
5.116650543380495911e-04
-1.279542234483598094e-05
5.004278262763531185e-07
3.902171712531571526e-10
5.141591948076398898e-04
-6.149480095689934229e-06
5.014317109472333648e-07
2.187758483362012272e-10
5.157753893080997557e-04
-8.128613528363615501e-06
5.016848974893014519e-07
5.019716032058684254e-07
8.655164883008971993e-10
5.426180379794454933e-10
5.156822110639664889e-04
5.159989833735452881e-04
-4.985168331031829524e-06
-6.573633954976040484e-06
5.009630869753856281e-07
-4.175101906939911514e-10
5.131110563307614671e-04
-1.128277390021521792e-05
5.011792817297048858e-07
-9.882984398016560151e-11
5.147098099029847598e-04
-9.681228624587270197e-06
5.031514147612334295e-07
1.055364318772242675e-09
5.174409723970689861e-04
-5.234016116845294629e-06
5.034329063848224820e-07
1.366532055640191047e-09
5.169452769982639442e-04
-3.663680420698994335e-06
5.026234742537570809e-07
5.023785914111935209e-07
1.492093881929675140e-10
4.472082834547132514e-10
5.142740729592000992e-04
5.161082131591662476e-04
-9.785803702265115020e-06
-8.226726526275015742e-06
5.028694895919166308e-07
7.519027686927878590e-10
5.170409844447263360e-04
-6.727656232051301002e-06
5.048457090981594947e-07
1.885233356337549672e-09
5.183043790280984341e-04
-2.271665697054408493e-06
5.045325909563001483e-07
5.042557186703540193e-07
5.039783431728828805e-07
1.306372704249645712e-09
1.024453365827868528e-09
5.183642121887390179e-04
5.172574231175450406e-04
-5.297051655396777480e-06
-6.781000761810278143e-06
5.037398994239369598e-07
7.409302412001439208e-10
5.155338006114406268e-04
-8.312220974088625766e-06
1.596452737516575301e-09
5.186427732599847287e-04
-3.802899800957833495e-06
5.058616475064040444e-07
2.161767620421582337e-09
5.199324735730110692e-04
-2.345909915902970503e-06
5.061707914922781281e-07
2.436934804061254624e-09
5.194594402550220015e-04
-7.877713561478341042e-07
5.055509136091657673e-07
1.895992794583642699e-09
5.194975396573367791e-04
-3.816459336106327718e-06
5.052783818198721862e-07
1.628608305090116593e-09
5.184948169787948228e-04
-5.292191389567168940e-06
5.050051742159107734e-07
1.370153539124571721e-09
5.165839316364180056e-04
-6.836130089325727217e-06
5.074442506298577308e-07
5.070993631342331228e-07
3.016935013850905870e-09
2.766395911162663211e-09
5.207163883221441409e-04
5.210273410015044560e-04
7.023606376935392269e-07
-8.151746141064130352e-07
5.067920133585931951e-07
2.514257744666950353e-09
5.207051892421369309e-04
-2.294292170896854124e-06
5.064839678522549156e-07
5.062147344010098535e-07
2.027684739578351087e-09
2.271853465204006930e-09
5.177429251227179787e-04
5.195427234237926656e-04
-5.286859291003701504e-06
-3.765971320144363388e-06
5.082834436627602330e-07
5.079400671411785935e-07
5.076346192326234377e-07
2.945176536053703537e-09
3.174019433026476751e-09
5.206914697497242459e-04
5.217332208559441291e-04
-2.176416662976937432e-06
-7.162506764803693665e-07
3.401138897712574874e-09
5.222186167449801393e-04
7.385885280335796737e-07
5.086253146059641056e-07
3.638226700591982911e-09
5.218249129343932808e-04
2.310596977978178526e-06
5.073277556558266808e-07
2.726818095657643940e-09
5.187698705271705105e-04
-3.743937591817664564e-06
5.090341119318400924e-07
3.864767129403937703e-09
5.228291075399522491e-04
9.004212924625829437e-07
5.086914180559234375e-07
3.661666946462373194e-09
5.216706185679561994e-04
-5.814004974485806627e-07
5.083858568873077930e-07
3.456778990315937476e-09
5.199411474479257236e-04
-2.113705639323610634e-06
5.093746190180500482e-07
4.078127702793574579e-09
5.232321174225907420e-04
2.385140131773995659e-06
5.097524081038444610e-07
4.289869549976267004e-09
5.230682988361892065e-04
3.910170617639458936e-06
5.104122739757769416e-07
5.107880402726717315e-07
4.984244243976594294e-09
4.785897491371961322e-09
5.239631470079716708e-04
5.242939347461319545e-04
5.586136423910877486e-06
4.034788719106490834e-06
5.100349626963819654e-07
4.598187940704115726e-09
5.237565840675037845e-04
2.553307492977020151e-06
5.096948213036028910e-07
4.408798611232409909e-09
5.227024366439864816e-04
1.067045246109164894e-06
5.093527737922177845e-07
4.229184568166402755e-09
5.207783927054036302e-04
-4.863727708275065315e-07
5.117705935313844947e-07
5.710700857528541745e-09
5.249035773142556038e-04
7.139070869808311753e-06
5.113577776724455110e-07
5.537110239790332829e-09
5.251184410265565114e-04
5.663917978668035286e-06
5.109824441394457753e-07
5.361990483095357908e-09
5.247311266261233927e-04
4.226070269163778598e-06
5.106067769689058962e-07
5.102677884387456484e-07
5.029902970467861179e-09
5.216649647164475941e-04
1.304487494786560425e-06
5.196811012946112235e-09
5.235010947965238219e-04
2.788684852835765059e-06
5.126595197032224113e-07
5.122494566116655560e-07
6.478297520947534119e-09
6.317659358801418933e-09
5.257092977765019876e-04
5.260381537536554719e-04
8.855239439871408821e-06
7.337708499508277029e-06
5.118385901292939975e-07
5.114656845832933844e-07
6.014548154170012173e-09
5.243971877095850859e-04
4.502973848966462816e-06
6.166906098740503113e-09
5.255042831548847274e-04
5.922634463435650246e-06
5.110915849288230124e-07
5.871547099593271117e-09
5.224161529336349878e-04
2.983453490180301926e-06
5.134929849974776446e-07
7.271831904455528018e-09
5.267066377626394066e-04
1.060866235210356458e-05
5.130468897339576975e-07
5.126405011450317680e-07
5.122321516231214774e-07
7.001019208190938920e-09
6.873847820277780491e-09
5.263847307210290077e-04
5.251815993279842663e-04
7.642814706090094338e-06
6.179891001588137091e-06
5.118616378810041445e-07
6.744983672982305006e-09
5.233654134797325773e-04
4.669321856048239374e-06
7.137131629669615549e-09
5.268422128196348754e-04
9.104679192047311189e-06
5.137882533506872169e-07
7.984101096295067657e-09
5.277316133463924802e-04
1.085321769573381941e-05
5.142290923948832210e-07
8.102919858120253328e-09
5.274242291715608216e-04
1.240203717388287437e-05
5.133467364035378709e-07
7.873943195255464051e-09
5.271732249045048800e-04
9.368042334211053047e-06
5.129443862384452418e-07
7.762357151816487782e-09
5.260672136309617331e-04
7.882265511543446010e-06
5.125395225178525137e-07
7.658465324009608052e-09
5.240913313582606751e-04
6.322562597990472036e-06
5.149068229462607485e-07
5.144315116293762476e-07
8.961191321578023452e-09
8.867601025975809439e-09
5.282246242994896980e-04
5.284327731285753862e-04
1.402014212854196743e-05
1.252313754597293649e-05
5.139975628297717067e-07
8.773027445216080195e-09
5.280318685808668309e-04
1.106577095383562932e-05
5.135631739019792035e-07
5.131656832156347284e-07
8.596027554526942135e-09
8.685131185583496077e-09
5.249094259933957760e-04
5.267737428922571706e-04
8.089758159014594780e-06
9.601272231677652238e-06
5.150171144946162887e-07
5.145532041279082094e-07
5.141287404002019388e-07
9.628180531685434494e-09
9.699910950546516318e-09
5.275427080999472605e-04
5.286442344491767498e-04
1.135056305596684463e-05
1.277727916109309289e-05
9.770869169068275765e-09
5.292006171187821437e-04
1.420061300190290163e-05
5.154802264060772631e-07
9.846620338013255607e-09
5.288480871424898954e-04
1.571804274510335629e-05
5.137013400211807383e-07
9.561876544202887697e-09
5.255316075254431269e-04
9.815485468260057425e-06
5.150532513184677489e-07
1.064088685527888663e-08
5.292596666284810633e-04
1.449081069182275630e-05
5.146000536448932949e-07
1.059316329418775759e-08
5.280311515410569248e-04
1.303278792922569332e-05
5.141843358361730498e-07
1.054468734257471882e-08
5.262564119543030380e-04
1.152736061535491942e-05
5.155021508818065556e-07
1.069210130591659454e-08
5.296827017613894113e-04
1.593818259978788571e-05
5.159928244350975617e-07
1.074294930428449054e-08
5.295649866091424202e-04
1.742499331866508152e-05
5.159292030662045805e-07
5.164030262545101174e-07
1.165090311286382828e-08
1.162184626092112789e-08
5.295961653327666994e-04
5.300530358156652685e-04
1.908207383633429868e-05
1.763119354472845272e-05
5.154525869597064714e-07
1.159614303923028728e-08
5.294658855473568116e-04
1.619449443800991797e-05
5.150176458459851633e-07
1.157011260394160151e-08
5.284123929382726539e-04
1.475642811460686776e-05
5.145775844631319037e-07
1.154454921130243248e-08
5.263180757673176701e-04
1.328302057176650373e-05
5.167535909954803065e-07
1.256506967247283648e-08
5.293602673775123701e-04
2.042774122236629762e-05
5.162510020699511197e-07
1.256116840775926337e-08
5.296560237866126388e-04
1.911479961253955936e-05
5.157940957704930054e-07
1.255741914790476969e-08
5.294186127358371449e-04
1.783439155356212499e-05
5.153363196883281911e-07
5.149194844807078094e-07
1.255054415436511527e-08
1.255399655084585092e-08
5.260996274643614263e-04
5.280015040954882813e-04
1.523365188062908320e-05
1.655661555138580846e-05
5.169968324837679718e-07
5.165106826425503494e-07
1.348144498416917059e-08
1.349930494800102151e-08
5.280940487652071528e-04
5.288610233117255329e-04
2.172858717164335789e-05
2.056283325075845193e-05
5.160325490632066882e-07
5.155975825627415865e-07
1.353666556970661772e-08
1.351780307904324595e-08
5.271373433116104817e-04
5.281935512459149523e-04
1.840577671992766113e-05
1.948988916940930447e-05
5.151678375545861025e-07
1.355284163168753213e-08
5.246926203991270337e-04
1.726964817169244958e-05
5.171751042938390155e-07
1.441034582305472379e-08
5.263847756240703623e-04
2.299393169948525764e-05
5.166737305609773857e-07
5.162111134040092012e-07
1.447139453386345016e-08
5.262290409087347527e-04
2.124893335319666171e-05
5.157680735219446832e-07
1.449679590302016397e-08
5.245540032996586074e-04
2.050305793503970025e-05
5.153567352271468587e-07
1.452923067600119056e-08
5.227104986756292340e-04
1.954306753909127904e-05
1.444413573951955837e-08
5.264677557395503393e-04
2.202848840846063385e-05
