2.302204589517767852e-01
2.357588517042245591e-01
2.284665263153032311e-01
2.316871867847924427e-01
2.293422974910876710e-01
2.351866532422743628e-01
2.303433591298405525e-01
2.329206382987887014e-01
2.366324096680728628e-01
2.299151484122427536e-01
2.290200734175959763e-01
2.287393495721650183e-01
2.288193504062970562e-01
2.315875376632749172e-01
2.335154042532193996e-01
2.295057999631691381e-01
2.288261767694841908e-01
2.299898652992641568e-01
2.290121149476997409e-01
2.294625537458794273e-01
2.283109387997102335e-01
2.269126886188777559e-01
2.275524473132718439e-01
2.282910624825642831e-01
2.287262593577473746e-01
2.295249496749248164e-01
2.292870208432666035e-01
2.313783205924264119e-01
2.329715392003275654e-01
2.299346975459958253e-01
2.297278998302313135e-01
2.279915522504038505e-01
2.276821778149879516e-01
2.264244161155711532e-01
2.248283092639921932e-01
2.259262763058475509e-01
2.258413606801982776e-01
2.268449273772483732e-01
2.277202927415707123e-01
2.285171991068018493e-01
2.289481731437276180e-01
2.308018304066350723e-01
2.328977007911912367e-01
2.278715671711233071e-01
2.290322373904881970e-01
2.253105342348817042e-01
2.241936933242146823e-01
2.236274257481650207e-01
2.227758516659471277e-01
2.242351248250632201e-01
2.251614029648228155e-01
2.257508541258753110e-01
2.267463652701471599e-01
2.273161334679351941e-01
2.288026357606443850e-01
2.291432908458413131e-01
2.295111604574547604e-01
2.322986764873056220e-01
2.336516645355993793e-01
2.214180320125367918e-01
2.221252131215182835e-01
2.217978909228273676e-01
2.207138232069193184e-01
2.224085564344763788e-01
2.236587344278270217e-01
2.244341319764196485e-01
2.250814453911796909e-01
2.251377564884892157e-01
2.262934288235898261e-01
2.280681727206408105e-01
2.292528876980921559e-01
2.305909026013531760e-01
2.327460171595548410e-01
2.349942171946368952e-01
2.215863431201444411e-01
2.198321028280058598e-01
2.191697327768695469e-01
2.196846448835272081e-01
2.207418610098918488e-01
2.216761214923015644e-01
2.228360567594984132e-01
2.237313180856661810e-01
2.237136634790144740e-01
2.251350382284697249e-01
2.257555528141626522e-01
2.271072488568229297e-01
2.280623032118561933e-01
2.283165939196314109e-01
2.295443534032298172e-01
2.300290144628835409e-01
2.330096239038594030e-01
2.357484623574088445e-01
2.176544378970350357e-01
2.196938115959637117e-01
2.213097069025069530e-01
2.178400930503412158e-01
2.181549665836735041e-01
2.183268653791043401e-01
2.188526440321200417e-01
2.198577034795049234e-01
2.215354170021397451e-01
2.223357114427948478e-01
2.226357069642681263e-01
2.236297005259149651e-01
2.241327334195384324e-01
2.257772335212441528e-01
2.275568716316485884e-01
2.270325094481075723e-01
2.289054559305412628e-01
2.294477771029404811e-01
2.298076640255114766e-01
2.324088649822551311e-01
2.343041009080265580e-01
2.171253134756347958e-01
2.176779747259123821e-01
2.170943074662631533e-01
2.161653874981228907e-01
2.167942157611133236e-01
2.172192935843338391e-01
2.179296613377668668e-01
2.188584082660202934e-01
2.201614077098092148e-01
2.202185769289675688e-01
2.214357986844459614e-01
2.219658165474918954e-01
2.230453492152389972e-01
2.233544146497787874e-01
2.246645359648326568e-01
2.260854595852690163e-01
2.280747940915200667e-01
2.297464543079821842e-01
2.320128339703055598e-01
2.318750220866243883e-01
2.321157351922707723e-01
2.144012472297365524e-01
2.150356070085893412e-01
2.149586572032708698e-01
2.146730207354962949e-01
2.151745106194976886e-01
2.156760509388131741e-01
2.160668214685303734e-01
2.175684632055867040e-01
2.189863941814434722e-01
2.198319622399780848e-01
2.202016301024207479e-01
2.205394238334511259e-01
2.222144946630821294e-01
2.227840485807479898e-01
2.237747980212070331e-01
2.251803578715298459e-01
2.263255525485144415e-01
2.275126961896553612e-01
2.288863846560674487e-01
2.292817797176754380e-01
2.300002858734229161e-01
2.303078514525059017e-01
2.308208504793904103e-01
2.147942582833312075e-01
2.139579939163033795e-01
2.136364050606849307e-01
2.123332496521356805e-01
2.133281374428402655e-01
2.142338906053379288e-01
2.147633467028985388e-01
2.144512082847615797e-01
2.159165343374093438e-01
2.164732216279283417e-01
2.178385542169366529e-01
2.190121172544006733e-01
2.193376616888597086e-01
2.198659340607600210e-01
2.213868725142056904e-01
2.218629297638053388e-01
2.229060667152309994e-01
2.237280039267506848e-01
2.253368586080107816e-01
2.265597020825339258e-01
2.274425938172317252e-01
2.292723050175370092e-01
2.293488200746301720e-01
2.294861446255284654e-01
2.301191376352079987e-01
2.133245785796533955e-01
2.122015030498179688e-01
2.111694532216085440e-01
2.113732375466739200e-01
2.120491461920633869e-01
2.128487103510156020e-01
2.135480495745158136e-01
2.121059950598127020e-01
2.129928340251419916e-01
2.146060717554746367e-01
2.142109289526525073e-01
2.160427197843044211e-01
2.173820970861420621e-01
2.177890735168280523e-01
2.190067341686811053e-01
2.199232742915293026e-01
2.214338247622074096e-01
2.219711921483162320e-01
2.238310826425033984e-01
2.258216564987448882e-01
2.270853294176226889e-01
2.281989245409354328e-01
2.294763163253512039e-01
2.297262984994614121e-01
2.292471414214154457e-01
2.283751314748506400e-01
2.286980027388064163e-01
2.123810833214555827e-01
2.103094192894604808e-01
2.094349897799836491e-01
2.097287291503204532e-01
2.105324090872273401e-01
2.116515946061025555e-01
2.103037253793006711e-01
2.109699687616039543e-01
2.118725797307429159e-01
2.129074344504215399e-01
2.132155492771358185e-01
2.146481580220138963e-01
2.160718092913742616e-01
2.156735543603705008e-01
2.169431702275100293e-01
2.180265176471619659e-01
2.190827780504697730e-01
2.200330383730831063e-01
2.204045433337937510e-01
2.217576568533727865e-01
2.231297672976986224e-01
2.247796314008621010e-01
2.258784849682325402e-01
2.268367404499104234e-01
2.283637558051836713e-01
2.294369683463707843e-01
2.303491880988887963e-01
2.297972361600209568e-01
2.260268474479397161e-01
2.297734097443103751e-01
2.102659495904602993e-01
2.098127592433638722e-01
2.074625342399043781e-01
2.084025286140983313e-01
2.070216623587711469e-01
2.079995153948917819e-01
2.089730170936371090e-01
2.090037577627946730e-01
2.081694708890903245e-01
2.091680933067432135e-01
2.102157069394494926e-01
2.116445038993186312e-01
2.114433785113616904e-01
2.136701113949471265e-01
2.147139412181561235e-01
2.160531847293321595e-01
2.164722803748147795e-01
2.182498428355620079e-01
2.192464807100359403e-01
2.187616004221694943e-01
2.199626243838687378e-01
2.215642443201936707e-01
2.229122677302529110e-01
2.245482488947041777e-01
2.257944705624353732e-01
2.275876051580943416e-01
2.289513090185051891e-01
2.300904324068342444e-01
2.319914964063013729e-01
2.344966312145342069e-01
2.337438197451386368e-01
2.220735157111139446e-01
2.103128491961595292e-01
2.041562572969434775e-01
2.056108448366515407e-01
2.060081164780954155e-01
2.068750735988660050e-01
2.074230519051412369e-01
2.069684900791786963e-01
2.056956435806688299e-01
2.072009082001523561e-01
2.080685024975642006e-01
2.087598458524856648e-01
2.102345982569673311e-01
2.094637957909507853e-01
2.104554122354334034e-01
2.119171810545985579e-01
2.130933159457678583e-01
2.142660866289838872e-01
2.150721768740704309e-01
2.158880688002683956e-01
2.179180819249671441e-01
2.172930013425890261e-01
2.189755586262999154e-01
2.181810597245277261e-01
2.197960979316058716e-01
2.211038135676431093e-01
2.228452825847233032e-01
2.231484623280407809e-01
2.248871052044795760e-01
2.268295510074111454e-01
2.281566197884883074e-01
2.305549115549817840e-01
2.308667438803062577e-01
2.322591485526337152e-01
2.050089446885398625e-01
2.046162453931004432e-01
2.040942219696446902e-01
2.050258346243995222e-01
2.057344558815364377e-01
2.061325015943530903e-01
2.051669658555514697e-01
2.037810432225374557e-01
2.042507497947339268e-01
2.056311826248468644e-01
2.057697930135901909e-01
2.069796928883697318e-01
2.076384241860521340e-01
2.089917345339858956e-01
2.108351455616723213e-01
2.122249295444085526e-01
2.131197409499087092e-01
2.143364132016683521e-01
2.159718213508492468e-01
2.155496488461365323e-01
2.169109676679606968e-01
2.171651660112636495e-01
2.176062031144020414e-01
2.177774892621079927e-01
2.213290462523430646e-01
2.202166046065224814e-01
2.043457589181258693e-01
2.022157889233723305e-01
2.025040632278574670e-01
2.036961509911734691e-01
2.035572542772227378e-01
2.027877357768042843e-01
2.018400765312714229e-01
2.020962735774682328e-01
2.029900275465703618e-01
2.047498766785957047e-01
2.042271175208639211e-01
2.055777155356672825e-01
2.054986785331239241e-01
2.073543977555229734e-01
2.081782048447673450e-01
2.094590828736236365e-01
2.104690216565898164e-01
2.117903621836433048e-01
2.129841660722399110e-01
2.140595257945748231e-01
2.148230260806659742e-01
2.156075590379571971e-01
2.170238891844053220e-01
2.032141570775889694e-01
1.999422750246021563e-01
2.007018277712912802e-01
2.016677945573225883e-01
2.019531650362995090e-01
2.015365685320704425e-01
1.997066967635972856e-01
2.006599709385969710e-01
2.001893402253858978e-01
2.013910162770920220e-01
2.027929458506539662e-01
2.041774924091389609e-01
2.041616353727684907e-01
2.043323429255886059e-01
2.061011735921438881e-01
2.064425085003748495e-01
2.079724783298035340e-01
2.091654258555332435e-01
2.105638206736254181e-01
2.119431637918176015e-01
2.128979847332903852e-01
2.143083700990153773e-01
2.161607542168649532e-01
1.991274159459025805e-01
2.003608177083178732e-01
2.001003362900998783e-01
2.001293224189310826e-01
2.008235212229334266e-01
2.001420714105937582e-01
1.981868970750529091e-01
1.979530056718213082e-01
1.990503626012533334e-01
1.987604725288180108e-01
1.984474712667331220e-01
1.998244469511119559e-01
1.998466069431104608e-01
2.012983399531478590e-01
2.027463962879042791e-01
2.031313274354844822e-01
2.048230641054487322e-01
2.049753715185454461e-01
2.066488622650299312e-01
2.074433033822283834e-01
2.097715645484236890e-01
2.109167371802668778e-01
2.116003547447638522e-01
2.115864744717335100e-01
2.137063494640409622e-01
2.146673972900005334e-01
2.003756323219733348e-01
1.989664404363926664e-01
1.987624718565242365e-01
1.976879721516990596e-01
1.985271203707107412e-01
1.965654527309365907e-01
1.963773714949167415e-01
1.961647402023161402e-01
1.975926373281406412e-01
1.972950559145609239e-01
1.969828086849354509e-01
1.968556639580496537e-01
1.977195134789155873e-01
1.996966875043582612e-01
2.013827463419072539e-01
2.023979645964028851e-01
2.037613063650922374e-01
2.038151961981279903e-01
2.050830375892974122e-01
2.057917356482286964e-01
2.068209350362844867e-01
2.083052977020309060e-01
2.096197489198067809e-01
2.088727947048398814e-01
1.984503832749675567e-01
2.014369117349646965e-01
1.975611074702097458e-01
1.965467883646466740e-01
1.960993206118933074e-01
1.951486773185933388e-01
1.948742983234043047e-01
1.946996841773647735e-01
1.959347223925761161e-01
1.955184035112263186e-01
1.949761184281948445e-01
1.949285991276927255e-01
1.956658046643125204e-01
1.973726173139332962e-01
1.991611933923501387e-01
2.007648029271148493e-01
2.010743696893743659e-01
2.024264429927933595e-01
2.029977703981875603e-01
2.045109134628070591e-01
2.052097199776962977e-01
2.065690588795733307e-01
2.089373599453278885e-01
2.090886328229593083e-01
1.976325088897713522e-01
1.963283880192123187e-01
1.985075185091313421e-01
1.962930973613378483e-01
1.943156620047560568e-01
1.939766863906089989e-01
1.955074024481540385e-01
1.939405306006914131e-01
1.934941825942377291e-01
1.933461734651221176e-01
1.932211585595041137e-01
1.945298023031952483e-01
1.943137480431431086e-01
1.937282566537314177e-01
1.933407056113884692e-01
1.938908908666523156e-01
1.939613520084750298e-01
1.959032576644600399e-01
1.982025097249511814e-01
1.992773966842380784e-01
1.999778774003464210e-01
2.014902536965978153e-01
2.015254043082533308e-01
2.027496805937797353e-01
2.040833688793034506e-01
2.039125011676619359e-01
2.068108093029968897e-01
2.093572131766753830e-01
2.033061954828594142e-01
1.968764504934976123e-01
1.941828164602895368e-01
1.926236396850115051e-01
1.921072001364912962e-01
1.920026082859020711e-01
1.918489774332843567e-01
1.917921944525279032e-01
1.917658044525545891e-01
1.924826500018626263e-01
1.924704986881857760e-01
1.914904372715327541e-01
1.922876889444624093e-01
1.910079847053138546e-01
1.920176509970889789e-01
1.929335894681174779e-01
1.920450939290363201e-01
1.936229899144593092e-01
1.951793030747248359e-01
1.974415704256161641e-01
1.981161894924579336e-01
1.984177817734956994e-01
2.002567918082158449e-01
1.999619885488856941e-01
2.019644821663042489e-01
2.019153598937322991e-01
2.021642646697162926e-01
1.911780831591365359e-01
1.898279124287718944e-01
1.900124715696846767e-01
1.900988093255703837e-01
1.902258871369515991e-01
1.902773515807992533e-01
1.911444023930131686e-01
1.900883687935640831e-01
1.903026980117953904e-01
1.898132147864266539e-01
1.894178691946037663e-01
1.903881309607984573e-01
1.900929869973444486e-01
1.902392800674208573e-01
1.920066218762441212e-01
1.922567241385510772e-01
1.945923861352437390e-01
1.962042181980427347e-01
1.968931217470981654e-01
1.897687343134048521e-01
1.911434981675536604e-01
1.914504312267162334e-01
1.968437719644715034e-01
1.987660809182056620e-01
1.993872835310017688e-01
1.999440323699519517e-01
1.995279376052477294e-01
1.894483822589021482e-01
1.892934866040069108e-01
1.881394539687444578e-01
1.876562371296439657e-01
1.882505107084758433e-01
1.886003333541861338e-01
1.886359122012917777e-01
1.889030731524388440e-01
1.887635801627046972e-01
1.895775861793595751e-01
1.887128034379046693e-01
1.884691760433825636e-01
1.875077084486856949e-01
1.885294780688755722e-01
1.883843885286295428e-01
1.884255408619944228e-01
1.905531329543619645e-01
1.915751040772344926e-01
1.935358513546622250e-01
1.950811475890929236e-01
1.956766353265282088e-01
1.975509973186938828e-01
2.001903421890287582e-01
2.003376526545301850e-01
1.874037577943819810e-01
1.851702698645430190e-01
1.855442816048312182e-01
1.862119934463663529e-01
1.867802651284594107e-01
1.871500229934815185e-01
1.876607643619521981e-01
1.886280283128509982e-01
1.883010420927715700e-01
1.879217216075436125e-01
1.866756685055811216e-01
1.854579593173545649e-01
1.870385408134533911e-01
1.869143078703880134e-01
1.858096284618855343e-01
1.885807793510695385e-01
1.904341477966851326e-01
1.930398125514730667e-01
1.948672211908493990e-01
1.975482276452533714e-01
1.859411048089340546e-01
1.856488585658506441e-01
1.830702061389553326e-01
1.831710740008178628e-01
1.832458005839202320e-01
1.841020101374622464e-01
1.848363667850481951e-01
1.861378144696537729e-01
1.857411411032790227e-01
1.873337478739741935e-01
1.881023534570560318e-01
1.886065727250044455e-01
1.869189832159078857e-01
1.838848245718750773e-01
1.829695175237930072e-01
1.850381083808425864e-01
1.845170930986345936e-01
1.830129297010890110e-01
1.843244231983617865e-01
1.866847824232065189e-01
1.883728387674437343e-01
1.917751743990760149e-01
1.930542164658338167e-01
1.926708898493898758e-01
1.875446735536137055e-01
1.827944328677774677e-01
1.802837639137977177e-01
1.806730595235122860e-01
1.792302256210981659e-01
1.818247656621578834e-01
1.828719732476591919e-01
1.841582172527554684e-01
1.858958488512270635e-01
1.877684623208860093e-01
1.896113334163395114e-01
1.900180393992168537e-01
1.881397377147506211e-01
1.847529814024626016e-01
1.796132968624524762e-01
1.811142060783115793e-01
1.806362213734564737e-01
1.801134724319160552e-01
1.789424806532890488e-01
1.815980883863420325e-01
1.854278456957229870e-01
1.874507069853720287e-01
1.883612690028788061e-01
1.898670985015508683e-01
1.822559637678439204e-01
1.775777276396662829e-01
1.769050419076109160e-01
1.759828541883256270e-01
1.786558829023598971e-01
1.769715974246009738e-01
1.797880748907295378e-01
1.814959917057056837e-01
1.839126615299099543e-01
1.877755417955076778e-01
1.937361737433614950e-01
1.924925115556302968e-01
1.901871484097177878e-01
1.871696069522817418e-01
1.828625801091475489e-01
1.755204464883935445e-01
1.732563506998614777e-01
1.775190276166734027e-01
1.776262713164294682e-01
1.754353670294765688e-01
1.765851312492870973e-01
1.770388749377439508e-01
1.782776659130066721e-01
1.815250299970812831e-01
1.833598843563407632e-01
1.788391422601592062e-01
1.733949097323929101e-01
1.738630333086765567e-01
1.722116126916109768e-01
1.709304111089596234e-01
1.740388450705734613e-01
1.777892634343274103e-01
1.801134748645988604e-01
1.860519921845913416e-01
1.926442552163970812e-01
2.063096401181855888e-01
2.013978793911776477e-01
1.864789865465693863e-01
1.747428266994709156e-01
1.664625395960297460e-01
1.691973692367440829e-01
1.730961703420748343e-01
1.733830993731623749e-01
1.718791414926360839e-01
1.752666967996671377e-01
1.799924686958818409e-01
1.712625294356680816e-01
1.670956273878165255e-01
1.674280838558851181e-01
1.715443010772211285e-01
1.725148075112643842e-01
1.758794629567654033e-01
1.693682954146721875e-01
1.747406668046992684e-01
1.765286569957867091e-01
1.918885695562403404e-01
2.095604512594958224e-01
2.161390187388375073e-01
2.158825500545296372e-01
2.084368573005153658e-01
1.951783577704461481e-01
1.799367301457240331e-01
1.648267932280811643e-01
1.587953308745433390e-01
1.665930127571908226e-01
1.642767937473344486e-01
1.609936200122021321e-01
1.660484001855009328e-01
1.699182873820295203e-01
1.675401749353834235e-01
1.688586297749235521e-01
1.732546401898641120e-01
1.681371069391995043e-01
1.634509844119483024e-01
1.615734802971667272e-01
1.622507719602467591e-01
1.608768149065269437e-01
1.647590653743695732e-01
1.660610606994638305e-01
1.632107307214835101e-01
1.627137364450875201e-01
1.754690096735618821e-01
1.944638415442484780e-01
2.132709538097152246e-01
2.198047263628461478e-01
2.208223948028439632e-01
2.205495707543248529e-01
2.198171564448740956e-01
2.195349779531055867e-01
2.175664389239793106e-01
2.149030705836481037e-01
2.007241802842483491e-01
1.808588822234256099e-01
1.669534047506362751e-01
1.591601782052637359e-01
1.539279730214478115e-01
1.480134676961533668e-01
1.525109450936678324e-01
1.557287307921552399e-01
1.609604014747450240e-01
1.627013577467306404e-01
1.662370040247667935e-01
1.667505369048921382e-01
1.680914798568383661e-01
1.652199987403594750e-01
1.645676716100464565e-01
1.633303016586600820e-01
1.597913529917024122e-01
1.574534875771760600e-01
1.572234195041777860e-01
1.542405515985289521e-01
1.524641969434869238e-01
1.568321087854090412e-01
1.583482323050051099e-01
1.567470663118500362e-01
1.574014419239227747e-01
1.596783850426566898e-01
1.572576727729625146e-01
1.500953063005819876e-01
1.557330176257928078e-01
1.811368532205101245e-01
2.160630660361772815e-01
2.293906663355223252e-01
2.231721650963306713e-01
2.253468201709647456e-01
2.228474973870048503e-01
2.243482614031632183e-01
2.225650737523696410e-01
2.245883535449863799e-01
2.226357794278779056e-01
2.226228239851442414e-01
2.264795183455146632e-01
2.234357589564595625e-01
2.249621462197127775e-01
1.883660600401973473e-01
1.596826983402530598e-01
1.597074850275405355e-01
1.578139424965533388e-01
1.568147759133015628e-01
1.548601306528538391e-01
1.493202741363440500e-01
1.435504577140616078e-01
1.384554505333559504e-01
1.430068185999739117e-01
1.465378592011109260e-01
1.497239302875816580e-01
1.526934476886456227e-01
1.573700706317007203e-01
1.593774736885726628e-01
1.606454289246679878e-01
1.549352027066256132e-01
1.519647567932144172e-01
1.515442816452413077e-01
1.495984505883612148e-01
1.459523088777700539e-01
1.482503402084490163e-01
1.525565509764107430e-01
1.518252318782864485e-01
1.543493819321156146e-01
1.561106958932013677e-01
1.565365563637187984e-01
1.566667440859943472e-01
1.574408505822884052e-01
1.554935791482032481e-01
1.537024106726973816e-01
1.498235267999556142e-01
2.269958085256919555e-01
2.256901858337077016e-01
2.244747918801954512e-01
2.241129210291040452e-01
2.244823658228123353e-01
2.245704015360232564e-01
2.250612894451220758e-01
2.268531254507679673e-01
2.289589164010581712e-01
2.208384360114465650e-01
1.499581744340070799e-01
1.496074447152980214e-01
1.564637313638832516e-01
1.558838600250127826e-01
1.568841429547344346e-01
1.564702984512867101e-01
1.561499338346698240e-01
1.554085198606413309e-01
1.534732368581013806e-01
1.510620118541672885e-01
1.463663936191231252e-01
1.410033313483132766e-01
1.337108319585005589e-01
1.375852423063821939e-01
1.386990452174331201e-01
1.383240514756435557e-01
1.385317310865181173e-01
1.403452819027379284e-01
1.447926356521833935e-01
1.480085505308982308e-01
1.534881652216089076e-01
1.544168966676104648e-01
1.545754574850955743e-01
1.592726529131049951e-01
1.551491502724882676e-01
1.482019047096601316e-01
1.488364406278799845e-01
1.471584212344570486e-01
1.408563165899047176e-01
1.413209305295454188e-01
1.405918542860822573e-01
1.444283206076571180e-01
1.442524479900089696e-01
1.411909018765552526e-01
1.475329738346957131e-01
1.515296727872696980e-01
1.528869278064912129e-01
1.536846096734011125e-01
1.547696906786354965e-01
1.556093547691328738e-01
1.565161231315478352e-01
1.565648294295264864e-01
1.534359048904598011e-01
1.564344095479175134e-01
1.562481407904451336e-01
1.558152506176738450e-01
1.547573034483305521e-01
1.544161132356683674e-01
1.531982671912265614e-01
1.531655831558466629e-01
1.510855005844088106e-01
1.528840232052958714e-01
1.454855297161791738e-01
1.369786864245396418e-01
1.268904910906613059e-01
1.294062124629419552e-01
1.354887055195536649e-01
1.384248067856061748e-01
1.392961024315594598e-01
1.395756390161888572e-01
1.393695383611950611e-01
1.383916356096608624e-01
1.375810796707178374e-01
1.352508346071564227e-01
1.340468197507171388e-01
1.353394330059161377e-01
1.369959749391165549e-01
1.393598940379808526e-01
1.419512761704281312e-01
1.430936512829632801e-01
1.472881532078472722e-01
1.508234260690621831e-01
1.449255340911710377e-01
1.434236294575149950e-01
1.408902244812030302e-01
1.359836914728577151e-01
1.366125970351303454e-01
1.357358584186572348e-01
1.346070140192340281e-01
1.374014356155393579e-01
1.386530563671599103e-01
1.355956525987496719e-01
1.379346574975882922e-01
1.469933818423669047e-01
1.523547716340825364e-01
1.509031804411810895e-01
1.528121308952948565e-01
1.531401634951949642e-01
1.544904047212780906e-01
1.551154286447998520e-01
1.537264873709615620e-01
1.522981770716695105e-01
1.508003574977457295e-01
1.209461773617688390e-01
1.191017804938816205e-01
1.164464898986350971e-01
1.214800328775880733e-01
1.262099004331946883e-01
1.327941890363572019e-01
1.368749141392620605e-01
1.378135232707229652e-01
1.404645670172635641e-01
1.398556002419046873e-01
1.409261969121928804e-01
1.402116346721055118e-01
1.408211917590169449e-01
1.400724492733474158e-01
1.404896107112591219e-01
1.396992425819661987e-01
1.391125974938710319e-01
1.385321650398143589e-01
1.378382112423196804e-01
1.369870041993052345e-01
1.360406414300286138e-01
1.341968101425594362e-01
1.318368670319267633e-01
1.297950421244177810e-01
1.309388843055870333e-01
1.299496241248870310e-01
1.321900301624299168e-01
1.353722592524877477e-01
1.380768597297190869e-01
1.387025756485243677e-01
1.445447106443138174e-01
1.490041468378176803e-01
1.435906339320130176e-01
1.387685534409280608e-01
1.369484999854226337e-01
1.308286912612353081e-01
1.318795077348025313e-01
1.321116122200719223e-01
1.312040084773277160e-01
1.326745224996272177e-01
1.368240495819748603e-01
1.387095814576119746e-01
1.378255700117543558e-01
1.360607218761483161e-01
1.297081569399035628e-01
1.289777967287358829e-01
1.332121924394882306e-01
1.246816972407636809e-01
1.498081799395279967e-01
1.526951312604086231e-01
1.053168183480969328e-01
1.009434574103633270e-01
1.123875696526260987e-01
1.125876690546904618e-01
1.199519316932721180e-01
1.205938350681284577e-01
1.250617077069719196e-01
1.294258153742190998e-01
1.316760506838027811e-01
1.357500887142803481e-01
1.365348867902639873e-01
1.388840822108725059e-01
1.389293159298447267e-01
1.396652245075492016e-01
1.014259317666525023e-01
1.406394213525793135e-01
1.408571228488424976e-01
1.406164877392244716e-01
1.402718007065567318e-01
1.397880212112641851e-01
1.391279772376709800e-01
1.389731215569996181e-01
1.384772529129900953e-01
1.381773989788307455e-01
1.375620063325906084e-01
1.372718843405647815e-01
1.367470841520370406e-01
1.361243616308860371e-01
1.351358768061074744e-01
1.341772980686914696e-01
1.331135758029476368e-01
1.319208215650970184e-01
1.297378437799701911e-01
1.272898657970518710e-01
1.257440922287018648e-01
1.226129124491674716e-01
1.251392998993196559e-01
1.274499997405757201e-01
1.312577420118720695e-01
1.335665721046924714e-01
1.342969110230606000e-01
1.354827879178990280e-01
1.385914316391378409e-01
1.397925366338960695e-01
1.328898557253699320e-01
1.322634963855748025e-01
1.264182305097782399e-01
1.266009520732920834e-01
1.263970866917309421e-01
1.275536875884574206e-01
1.267756134776866772e-01
1.265686325432031634e-01
1.294397240322162079e-01
1.321379162202615809e-01
1.340749551609017320e-01
1.361422544288554415e-01
1.377430232207247085e-01
1.391172249138329930e-01
1.394649773806347359e-01
1.393547608534734528e-01
1.386782919901086986e-01
1.380868784130174776e-01
1.370614661917390897e-01
1.330719562452515603e-01
1.265086115200036165e-01
1.218189828440966044e-01
1.171156599181196606e-01
1.059919696727876365e-01
1.027527878222616042e-01
1.200973525982837187e-01
1.076014150862199675e-01
1.171877742786116700e-01
1.233194651756078924e-01
1.243059496790363400e-01
1.259999265840217042e-01
1.328656655251446161e-01
1.375239258921171215e-01
1.392584745299795534e-01
1.385993204551085878e-01
1.377003395855772860e-01
1.368216647950039888e-01
1.363207590050263818e-01
1.357259122782569494e-01
1.353435343852480155e-01
1.348184702687580949e-01
1.343206532246312146e-01
1.336956468126521413e-01
1.332515839072591080e-01
1.327051260462431825e-01
1.320505817824837724e-01
1.309239799987365616e-01
1.297872820196615262e-01
1.286221916036531798e-01
1.273677478389296513e-01
1.248756062931473121e-01
1.223179575447482237e-01
1.224222029145241447e-01
1.132246128138124641e-01
1.159482254592626438e-01
1.206582834680378635e-01
1.219375045092681159e-01
1.284061494992708163e-01
1.305499907352189737e-01
1.303033305533341235e-01
1.276743648984825508e-01
1.305534123699593207e-01
1.291490962761748795e-01
1.232752769148238725e-01
1.231092548301643552e-01
1.224342495560101496e-01
1.220409621829467994e-01
1.219747175056146715e-01
1.224970419854470027e-01
1.181748250261050320e-01
1.245834248261538102e-01
1.267709482542901944e-01
1.283563556882482692e-01
1.293879906413771541e-01
1.304315578249032326e-01
1.318188713477393414e-01
1.328312092080838058e-01
1.338238987355628573e-01
1.348385594917851371e-01
1.359164540009676347e-01
1.369411212219072138e-01
1.378038227303182983e-01
1.386043245947297109e-01
1.394433209418072528e-01
1.404243475562419463e-01
1.399786533356981721e-01
1.408434332471341643e-01
1.402227193724253917e-01
1.410133881794875532e-01
1.399761555849181327e-01
1.405892481305552055e-01
1.391081793599011629e-01
1.390878571884314741e-01
1.367688208701627883e-01
1.360099066370873133e-01
1.319628840553930260e-01
1.297348501987996561e-01
1.253802400367174663e-01
1.209248338322847366e-01
1.202940518887777588e-01
1.129955187117087506e-01
1.128678629401227984e-01
1.015897646614213057e-01
1.358191806954674730e-01
1.348641041740804569e-01
1.337679830741537179e-01
1.327330266004549675e-01
1.321483396694706769e-01
1.315113686631444179e-01
1.310321153984314313e-01
1.304705076263955599e-01
1.298835619804087071e-01
1.292099195804684575e-01
1.286941605457374571e-01
1.281001732961770667e-01
1.273924976682257737e-01
1.261576899615784453e-01
1.248923854443131087e-01
1.235017570016731792e-01
1.221090065716809864e-01
1.191217119648504963e-01
1.159612148571283474e-01
1.094980484566293044e-01
1.040715718645742749e-01
1.094818365081177275e-01
1.101053641054214188e-01
1.132538956687122594e-01
1.167933011901047674e-01
1.181387741183000523e-01
1.222528684243492647e-01
1.264426871693651588e-01
1.269272671634355532e-01
1.267533678176178402e-01
1.271026401814002726e-01
1.240157773211672809e-01
1.198077748314389096e-01
1.194305274796775423e-01
1.182770850786360184e-01
1.180469181981754767e-01
1.193245479214185140e-01
1.162306432548164264e-01
1.169362863868960850e-01
1.108219499936184821e-01
1.104193593200103740e-01
1.169450197707811168e-01
1.200636284685767663e-01
1.235673373255385121e-01
1.248173561820445920e-01
1.260174515863779210e-01
1.271743604984247045e-01
1.279254392869659529e-01
1.285689132760043929e-01
1.289654397633833716e-01
1.295365147594258193e-01
1.299631820103998581e-01
1.304653481053842934e-01
1.310023701341484215e-01
1.315237211910174620e-01
1.322154295230429655e-01
1.325782496772134611e-01
1.332372033319639826e-01
1.336147470105622792e-01
1.342567887292545614e-01
1.345824987147546392e-01
1.352623505277247840e-01
1.356668283852196510e-01
1.363879281501346186e-01
1.367649416139185559e-01
1.373326145120750130e-01
1.377205987542439170e-01
1.382723361381295313e-01
1.386465948982868734e-01
1.390885549347662953e-01
1.395533327256711364e-01
1.401582306899183672e-01
1.405934249417656046e-01
1.409139615209178964e-01
1.407502548609206872e-01
1.398460921599785078e-01
1.377543573468398841e-01
1.331501977301765838e-01
1.263153006499497522e-01
1.246214154273722757e-01
1.236386768301860478e-01
1.175505934878823405e-01
1.080906501251737706e-01
1.315723080657850708e-01
1.304950689516355677e-01
1.292710660671313461e-01
1.281039504869912471e-01
1.274730702382819436e-01
1.267881104370183476e-01
1.262396259218993566e-01
1.256284912783277585e-01
1.249778585052103430e-01
1.242607323927292506e-01
1.236725371859064976e-01
1.229584910129152137e-01
1.222108551144613503e-01
1.208215763104117657e-01
1.192533217519115563e-01
1.176001420592978908e-01
1.156999530290892392e-01
1.110191226439104228e-01
1.053897011712990744e-01
9.838410775707499833e-02
9.622406178331423254e-02
1.034691121552791110e-01
1.068180980744284359e-01
1.109057119529708452e-01
1.136025786899600987e-01
1.143020708956900139e-01
1.157065492982342625e-01
1.192031187772681494e-01
1.188274713291273821e-01
1.227706267205497803e-01
1.225920743741795577e-01
1.220187068918133916e-01
1.199572327523268783e-01
1.155771103355066332e-01
1.161274309696986445e-01
1.160085237254529916e-01
1.141524448343686493e-01
1.147087426724773263e-01
1.126683681834293460e-01
1.160501950938153809e-01
1.122588176413546884e-01
1.090732953617351425e-01
1.031218729600738571e-01
9.699129594692432188e-02
1.070270808083781805e-01
1.132598893977791316e-01
1.163843323739716384e-01
1.182383722138323212e-01
1.198585569461593642e-01
1.213947365591154653e-01
1.231292977536642685e-01
1.241596765335143404e-01
1.244412278429523067e-01
1.252755741280447976e-01
1.256368679911149810e-01
1.263965356115830108e-01
1.267687307281718800e-01
1.274961486382080456e-01
1.280600091916813121e-01
1.290710148563463389e-01
1.299876045736531316e-01
1.309432522696168943e-01
1.320617608198253745e-01
1.331172561276289801e-01
1.341155040720884983e-01
1.350705848503230555e-01
1.362354586165835935e-01
1.372517189580921282e-01
1.381937824776530155e-01
1.389750751683634378e-01
1.268424463765870369e-01
1.256406000956175328e-01
1.243161025490008842e-01
1.230427934436721105e-01
1.222810716139513532e-01
1.215435421116125292e-01
1.208541662377858039e-01
1.201193286759706380e-01
1.193772943734592723e-01
1.185082944928276261e-01
1.178538012352766534e-01
1.169551141396606292e-01
1.158212040444831087e-01
1.137926981710860735e-01
1.113431338304264884e-01
1.073807406802105291e-01
1.036813521834072799e-01
9.377408041590226673e-02
8.923567881196659002e-02
8.969518214247139409e-02
9.783098568187789668e-02
1.026244328825161450e-01
1.051162395475638694e-01
1.085712669511847139e-01
1.105631770338375702e-01
1.108669774139729308e-01
1.131559101489133107e-01
1.156966861712582645e-01
1.160736636609957101e-01
1.192838076773325429e-01
1.188915346901810027e-01
1.125308060225279211e-01
1.127178214682459101e-01
1.133207424506209454e-01
1.111858981712692124e-01
1.102227427344589228e-01
1.116824213699581375e-01
1.089399676998556998e-01
1.059362173029073789e-01
1.024829022458685068e-01
1.042937087281263081e-01
9.939922472133172482e-02
9.540368798116585780e-02
9.003422441198388748e-02
8.871550069774887526e-02
9.223957198816749858e-02
1.053352962677544802e-01
1.096411534892741541e-01
1.128326313776714940e-01
1.150736094284323940e-01
1.165302147277966632e-01
1.174848793844345540e-01
1.182986388241304282e-01
1.190025637509479622e-01
1.196335111411470364e-01
1.205059091156509693e-01
1.210383119834351068e-01
1.220007845792639295e-01
1.227152362941601044e-01
1.236481303455061326e-01
1.089839041922823493e-01
1.247268482306810727e-01
1.258240515549920446e-01
1.269483862863270973e-01
1.215219967372100363e-01
1.201444166430899463e-01
1.186063397408862324e-01
1.170514844515710140e-01
1.161900609418202029e-01
1.150715995836480154e-01
1.144834752833414765e-01
1.132034125682673115e-01
1.127001251559154177e-01
1.107464999752338225e-01
1.110582491982685660e-01
1.061332919538052200e-01
7.581877229079202196e-02
7.935435523988938755e-02
7.839792924656632800e-02
7.828444562818594188e-02
1.030238799429087221e-01
1.028784551393873981e-01
1.030805183121471513e-01
1.040079151241466160e-01
1.055007816830803580e-01
1.080301949554521163e-01
1.084149663651874096e-01
1.088797625385957007e-01
1.094044172004959847e-01
1.110645243243735536e-01
1.134357483576742959e-01
1.148406499797078872e-01
1.177299839126113162e-01
1.090593393781467552e-01
1.098316477709558731e-01
1.087520407274449458e-01
1.083191802439938262e-01
1.073726109554028474e-01
1.072597378640608307e-01
1.062931358043770341e-01
1.043956958179970695e-01
1.030958099829309554e-01
1.028298428181005642e-01
1.028501763901493726e-01
1.025928967367614048e-01
1.032334834749429747e-01
1.046994308030901738e-01
1.065794116216263465e-01
1.049950274068175843e-01
1.067516934016431024e-01
1.071426707959235031e-01
1.083887626645847063e-01
1.099437165631760582e-01
1.088373983847401166e-01
1.093295521747115473e-01
1.037409922692389824e-01
7.949014571614962388e-02
7.576174092183469988e-02
6.741691117795964305e-02
6.929195226614709435e-02
6.339795625397516565e-02
6.924099464602212484e-02
6.736259538308614347e-02
6.305945774344240418e-02
1.091221334936895992e-01
1.117342088351484936e-01
1.117333805142998321e-01
1.129316015686534086e-01
1.140161958293135075e-01
1.148864064022482034e-01
1.159466898719669764e-01
1.166816326914963814e-01
1.176192523617894392e-01
1.189799820382873852e-01
1.203406336580532393e-01
1.217002643471584433e-01
1.152984130664212598e-01
1.135573809989490618e-01
1.118322984717349811e-01
1.041349651207645749e-01
1.075127852600206851e-01
1.074781137900877315e-01
1.067536036906142211e-01
1.065032891611342458e-01
1.056639228136472819e-01
1.048463965998634589e-01
1.034864942374171676e-01
1.046771986003391941e-01
1.021605387689258626e-01
1.015598607771870110e-01
1.011164352500838054e-01
1.022523650293191977e-01
1.023502633488136554e-01
1.036132783593587264e-01
1.017349707414776094e-01
1.036701350910079755e-01
1.052678184643480452e-01
1.059777051817374360e-01
1.059326544268009845e-01
6.298298424822550146e-02
6.165163316588308240e-02
6.371398253839666292e-02
1.016751769912418862e-01
6.371965839757799677e-02
6.167027721811887964e-02
1.123408229926509128e-01
1.138842949822875955e-01
1.157474101741733513e-01
1.070428379211271763e-01
1.059317219613521016e-01
1.051646401109950224e-01
1.050371521031996797e-01
1.042636769595595148e-01
1.039272350980611076e-01
1.024608671909040397e-01
1.007442547071707856e-01
1.004077036996744166e-01
1.007759796360534477e-01
1.003982988583381752e-01
9.997058840539244096e-02
9.989298415450979796e-02
1.011158466857740301e-01
1.010513149457150789e-01
1.023068086571986557e-01
1.031906844484698355e-01
1.047227953440485609e-01
1.031987552943511161e-01
1.059372302270021465e-01
1.037849623996819071e-01
1.035511771995211716e-01
1.029000532831431947e-01
1.025272886372086134e-01
1.023969608879433668e-01
1.011298254520399953e-01
9.892704953887299091e-02
9.911929918357183233e-02
9.940707391011287253e-02
9.880201427746683474e-02
9.769341063956350768e-02
9.859803005730830017e-02
9.914045959782195883e-02
9.954186617960056327e-02
1.018115382959769583e-01
1.003976478517878690e-01
1.029693326043372020e-01
1.041051946618354457e-01
9.981426356445889658e-02
1.055569202646416960e-01
1.020795273942836784e-01
1.018655553694114979e-01
1.012675622140027792e-01
1.010551957732552381e-01
9.975500537337295137e-02
9.763970206036350075e-02
9.789217856641362070e-02
9.786905024388732610e-02
9.758919682798709860e-02
9.721868922112819611e-02
9.652396206580846072e-02
9.684463954789310214e-02
9.763693105855798804e-02
9.741226210102518768e-02
9.754356788932222466e-02
9.824901575285675814e-02
9.976194064973904763e-02
1.000957751124615797e-01
9.977034299466236433e-02
1.001879137649658302e-01
9.832691509949756381e-02
1.023339531106739891e-01
9.953845849661921430e-02
9.984500179339503290e-02
1.000355683621371727e-01
9.962680241855578767e-02
9.860259606122059872e-02
9.752959246648434943e-02
9.635638030563888068e-02
9.651116581994656496e-02
9.659445966218001278e-02
9.544790444401574092e-02
9.584707657763728850e-02
9.470764103546014390e-02
9.509174152124122426e-02
9.594906411128367729e-02
9.590724408874259921e-02
9.591506748708258923e-02
9.643998672246045789e-02
9.667696425212528311e-02
9.905822565084054787e-02
9.818700419923817591e-02
9.776860433466179334e-02
9.831376725714001397e-02
9.774307940332073452e-02
9.660837080149543843e-02
9.555071900370834537e-02
9.693547951519397576e-02
9.488365891896274884e-02
9.528101635287304638e-02
9.466160823038312355e-02
9.287294299880423376e-02
9.445834712780988573e-02
9.321309984686225458e-02
9.308019518257458491e-02
9.374137897711452838e-02
9.450712344749738480e-02
9.367828442793378618e-02
9.472068704406311213e-02
9.545911013057908900e-02
9.811093983758133186e-02
9.866224550139600369e-02
9.652358148682255168e-02
9.552554751761212215e-02
9.577610859034009494e-02
9.673355270719451171e-02
9.423985151399079385e-02
9.362223932848685870e-02
9.288566594652740427e-02
9.399601293914484901e-02
9.280624782411618645e-02
9.173569225395562798e-02
9.085576644970080884e-02
9.121775607528873064e-02
9.172883547373306135e-02
9.223006809558167984e-02
9.287527269077772152e-02
9.217610665974165784e-02
9.326342921612700010e-02
9.509429048838650977e-02
9.409778098751761521e-02
9.237359936742928213e-02
9.581283705181112276e-02
9.378419036509219597e-02
9.371562748303309542e-02
9.345568710534130075e-02
9.261162252269349027e-02
9.211365347049739472e-02
9.154610150549757908e-02
9.199721566729446298e-02
9.023840923168861827e-02
9.038584877787750327e-02
8.930884163523601649e-02
8.983252922523846107e-02
9.026327497071545691e-02
9.041664763006491967e-02
9.092492782916238026e-02
9.022661073139978671e-02
9.200981023049394081e-02
9.239429303207209732e-02
9.421414050890900005e-02
9.365679026541996743e-02
9.185433152765012932e-02
9.090546429892283620e-02
9.197471216695424223e-02
9.148986940598015372e-02
9.063266659758670296e-02
9.031676506822272632e-02
9.015506752669776025e-02
8.863340471152847400e-02
9.041277822907084483e-02
8.836233981512796321e-02
8.802536934461277496e-02
8.666537095438321681e-02
8.754427564363286007e-02
8.836945485338572326e-02
8.780778564371988226e-02
8.897702985478689319e-02
8.952123717687246462e-02
8.835637361482798213e-02
8.836897074303126653e-02
9.117002159540907313e-02
9.543584718551148538e-02
8.854504716513483809e-02
8.925030857312986343e-02
8.995874507871193249e-02
8.915089615692568803e-02
8.877812427211836943e-02
8.837805723290903526e-02
8.672047532874535558e-02
8.697267883675451061e-02
8.605702854051508477e-02
8.491859730833084541e-02
8.643949361987393609e-02
8.616671621143752458e-02
8.610897140552126183e-02
8.728613324392152373e-02
8.801815134099462423e-02
8.667671164788902372e-02
8.720382264017069451e-02
8.690705148065383523e-02
8.443624917429055909e-02
8.908014939292847878e-02
8.748914492015585909e-02
8.817072743123322009e-02
8.776046155811030591e-02
8.732813311492738928e-02
8.673677821955454170e-02
8.477221012222063701e-02
8.541599052522516611e-02
8.373435213090285600e-02
8.268983918156327939e-02
8.335312649672514673e-02
8.198723393380630275e-02
8.226102892792580557e-02
8.354465623006708530e-02
8.406993981563162799e-02
8.557287497085420969e-02
8.482500091559183608e-02
8.629646668841337021e-02
8.416959566069429077e-02
8.492087689231649084e-02
8.527011230786116225e-02
8.583999939322305150e-02
8.964444015036190927e-02
8.338010569047520082e-02
8.648968079933902486e-02
8.577051700231122511e-02
8.554546414393580933e-02
8.656664090799046085e-02
8.615680054199477411e-02
8.583504955365091338e-02
8.545869450217553898e-02
8.447184493509059255e-02
8.329003979599794438e-02
8.223817702164663845e-02
8.120622957369030837e-02
8.100649271370788385e-02
8.188521717216533380e-02
8.039372904476217718e-02
8.042209779208042697e-02
8.198433283106429381e-02
8.198161255421411442e-02
8.249283425172228290e-02
8.326631768059979122e-02
8.364955478848680459e-02
8.390716766982413144e-02
8.378552446108376850e-02
8.577937041925094708e-02
8.382512703346195471e-02
8.386484553484385707e-02
8.476643169804999600e-02
8.521134246597841799e-02
8.435375482386070489e-02
8.395875267812798193e-02
8.210144427401136480e-02
8.111974454934313405e-02
7.982071589627934283e-02
7.952820321286652172e-02
7.928755542777772558e-02
8.039567157263294295e-02
7.880306430278129215e-02
7.931336883359631218e-02
7.816989984028710481e-02
8.011691376270128895e-02
8.004488198640855035e-02
8.046407922121319445e-02
8.195271630695297183e-02
8.264678909239453475e-02
8.154271691487123552e-02
8.716811922652184519e-02
8.262580391495595589e-02
8.128246098722402557e-02
8.274985487608879642e-02
8.284164274970154396e-02
8.250786218653102799e-02
8.098771136788029956e-02
8.000604242521566767e-02
7.793526301514601407e-02
7.814170196461200923e-02
7.790750423881287468e-02
7.758650267103045506e-02
7.882403893031328379e-02
7.701810834427112729e-02
7.778866174183934890e-02
7.664159017349429781e-02
7.822240273429748036e-02
7.731093650623584168e-02
7.850291187715882635e-02
7.974272783638849948e-02
8.099330438241658658e-02
8.099520129672456437e-02
7.958906525253540976e-02
7.872268564138071301e-02
8.092089387456137539e-02
7.959762309808914027e-02
7.872323004251720324e-02
7.644583997334186698e-02
7.610936161581098591e-02
7.578386005890677679e-02
7.648671386954405960e-02
7.589902982101989770e-02
7.729068324126557588e-02
7.572730656524490067e-02
7.544148528518292152e-02
7.625668688257009054e-02
7.521886907653399512e-02
7.594025467556111963e-02
7.642149148012579440e-02
7.511151544499033994e-02
7.601006054915977750e-02
7.702311762929932304e-02
7.889757889341722508e-02
7.707433739297624153e-02
7.813328584311463043e-02
8.125410738383952169e-02
7.773394162540289698e-02
7.668591949965079813e-02
7.530465722170641418e-02
7.755557000872896622e-02
7.915978534167192326e-02
7.782158054383528367e-02
7.810237330077332563e-02
7.499008162699598301e-02
7.453497553830383537e-02
7.400563479934565980e-02
7.499786597687574385e-02
7.372411868823045000e-02
7.456956382251135607e-02
7.416396690503025690e-02
7.433378658150312235e-02
7.390727298332853967e-02
7.436055654212908594e-02
7.286362886793615323e-02
7.254834481769677212e-02
7.438245619067833381e-02
7.343991959234917599e-02
7.515780204609330550e-02
7.708654190401706408e-02
7.955100513753902980e-02
7.576774690462209638e-02
7.391207372470048886e-02
7.417864633444098965e-02
7.249456457377627394e-02
7.355010866805708480e-02
7.309921472631988881e-02
7.265069583452296587e-02
7.222984305429681895e-02
7.314251630613774480e-02
7.169901265249625788e-02
7.281477571044868424e-02
7.207782800336207107e-02
7.269464513558539231e-02
7.205930171197170997e-02
7.212102745416398841e-02
7.091110886098798971e-02
7.063212054245923688e-02
7.057302007652097031e-02
7.205750232200283656e-02
7.167414720046925980e-02
7.398873848096834682e-02
7.352199988001671682e-02
7.290708917070659600e-02
7.711054701789378518e-02
7.696485187843013498e-02
7.342164832295669519e-02
7.190196497409155618e-02
7.253359491029100214e-02
7.256844004977472395e-02
7.092708675641845595e-02
7.065652991762370883e-02
7.210110795026485053e-02
7.167589035568489031e-02
7.104246076781667307e-02
7.069523009994289897e-02
7.044559480673860674e-02
7.170130544459467348e-02
7.068033558111166959e-02
7.015001977683164858e-02
7.045074658755862140e-02
7.043035285904986065e-02
7.031007340223668911e-02
6.904389217360226705e-02
6.907154942403413711e-02
6.887705620578611632e-02
7.031204190012702027e-02
7.010504699782138527e-02
7.149493143695510866e-02
6.939693749721062566e-02
7.217897979363795125e-02
7.053494252787925745e-02
7.136755475266963467e-02
7.003929984774182049e-02
6.882224964427074987e-02
6.814763814625918181e-02
6.937852130658260508e-02
6.969213970369260436e-02
6.889959484656293931e-02
6.909689898993180701e-02
6.854818543964164013e-02
6.867806304147397456e-02
6.856563499982427923e-02
6.885570926536382919e-02
6.870476966472618963e-02
6.748550661370344983e-02
6.742673904325760526e-02
6.729905823702325707e-02
6.728275192281590877e-02
6.871171374051915359e-02
6.858746558420143746e-02
6.906800850415979742e-02
6.873985162830689721e-02
6.906291764659419630e-02
6.707602946133402189e-02
6.741290748893227769e-02
6.560283902793417887e-02
6.676674273192416409e-02
6.774434544267764202e-02
6.728401339863736286e-02
6.771990485202024346e-02
6.643329323002061804e-02
6.731117701171833445e-02
6.720664581739684007e-02
6.711374154987534424e-02
6.731087604334079488e-02
6.716123101202248202e-02
6.590806606306666426e-02
6.575113765135656707e-02
6.576112201705150428e-02
6.559353950691641788e-02
6.684019836073640253e-02
6.488376381580507335e-02
6.940677679478399198e-02
6.783250551886053914e-02
6.557212339857386441e-02
6.447656308036965600e-02
6.384284313088904594e-02
6.477075924961142595e-02
6.616302110998426023e-02
6.597314883801225216e-02
6.491484773893746452e-02
6.584015922022155853e-02
6.556026235070747110e-02
6.558697501000980423e-02
6.560028486748627208e-02
6.548541374080489585e-02
6.432097130416399022e-02
6.433871433841582832e-02
6.441493294883800236e-02
6.432731095491561746e-02
6.520980801407733063e-02
6.555462200021280883e-02
6.593722166706336707e-02
6.768024273930972612e-02
6.596027777439500417e-02
6.536685954434542922e-02
6.355902896981215078e-02
6.167814813754416564e-02
6.225900470979510437e-02
6.245348649716243178e-02
6.197850530782188921e-02
6.295794879299397573e-02
6.414610946371152034e-02
6.332443851533017809e-02
6.412206407489427773e-02
6.326731585571172822e-02
6.407328769083485420e-02
6.392315708319822043e-02
6.322824597854038997e-02
6.283888490318137454e-02
6.222576445175063975e-02
6.298080757110499639e-02
6.316014718247855986e-02
6.317019703916680606e-02
6.405968965490405065e-02
6.460613606131475339e-02
6.151999954516162300e-02
6.074680215043774117e-02
6.066797602944697804e-02
6.086967813461637705e-02
6.023800012974999535e-02
6.100807174391281729e-02
6.198828536174449955e-02
6.161886151277766455e-02
6.169438592806512217e-02
6.212464386661183807e-02
6.129595162128889663e-02
6.225694002678127531e-02
6.134195155992448745e-02
6.078818403751910099e-02
6.096467458235265563e-02
6.165285073755992495e-02
6.190556325715906860e-02
6.132124736131594478e-02
6.174909040189587722e-02
6.258154851818698017e-02
5.799364099286220819e-02
5.947448354933927012e-02
5.876880616268991692e-02
5.852754073585558769e-02
5.950694122954092169e-02
5.964206026586264808e-02
5.986917463373370857e-02
6.002350063178737982e-02
6.030179858794670888e-02
5.953955128655646217e-02
6.052974186062193285e-02
5.985992272703272166e-02
5.917770698426746967e-02
5.858044769916111172e-02
5.916493296371935079e-02
6.030640592000671013e-02
5.944504838291610194e-02
5.973712285890656060e-02
6.044825150883097187e-02
5.975355828350326082e-02
5.657080445417303483e-02
5.735339467433414606e-02
5.727721260346070598e-02
5.735489543077060270e-02
5.805964885097238820e-02
5.776190931432254733e-02
5.807720506685187800e-02
5.830999291580111349e-02
5.849746114604769537e-02
5.787646966144147087e-02
5.751022160483771489e-02
5.781766541356074540e-02
5.661773362963903183e-02
5.715578476824868109e-02
5.785723312120340245e-02
5.761015789255112540e-02
5.781674871602814070e-02
6.210526842504190265e-02
5.661496262405620039e-02
5.638929979478437410e-02
5.567965456294868276e-02
5.610162092493708313e-02
5.606392658189320727e-02
5.645643554273303832e-02
5.605392308888039465e-02
5.605644574024754717e-02
5.659653712745486842e-02
5.730025669877304023e-02
5.696027204490673734e-02
5.595919196315775335e-02
5.564963340233091554e-02
5.584624126133910099e-02
5.558455065472889256e-02
5.562207520361234225e-02
5.620693802233935749e-02
5.592541619441727258e-02
5.416302738152333623e-02
5.641259940793799665e-02
5.435415742570226527e-02
5.357318997772098079e-02
5.382934092933856079e-02
5.395085980227638800e-02
5.457744218726200830e-02
5.470216569803061646e-02
5.459852662827054809e-02
5.510724407623400489e-02
5.540514234723628584e-02
5.480323878078931926e-02
5.415610905633112815e-02
5.430476880213459118e-02
5.444544763302380103e-02
5.402853583960817024e-02
5.353141076395986908e-02
5.401762570931656349e-02
5.478625824958416324e-02
5.101008273127768944e-02
5.463977562592862991e-02
5.481938056283969241e-02
5.269453249162287661e-02
5.253202300948688758e-02
5.166051425179584572e-02
5.214709943306616857e-02
5.259797888869829213e-02
5.322509179243870014e-02
5.335405027665229838e-02
5.318424969535271579e-02
5.291828662033781078e-02
5.271189447313200105e-02
5.283340389031061790e-02
5.295967375068853095e-02
5.224420709344989450e-02
5.242226156136142040e-02
5.137986560838526950e-02
5.228993570321800038e-02
5.317779094663206696e-02
5.360578616061086737e-02
5.380971195777588256e-02
5.157843168242320225e-02
5.111166762246881212e-02
4.977388641477874937e-02
4.957505441680734593e-02
5.056929786042755476e-02
5.094934464485396247e-02
5.182754565314479089e-02
5.171744154352186235e-02
5.102640949539391513e-02
5.083120137444278874e-02
5.121174121282597719e-02
5.151448499001361203e-02
5.158475975818841569e-02
5.042577902792470812e-02
5.014050077018788326e-02
4.989620003203119880e-02
4.997308687445140007e-02
5.109385308975663426e-02
5.107302141145638602e-02
5.407772057393479825e-02
5.222945207730089051e-02
5.311761907062757804e-02
5.035073468510291306e-02
4.861810722175507332e-02
4.793753831865002479e-02
4.723695598244558036e-02
4.903712579479973382e-02
4.994281832615191097e-02
4.952896839364989701e-02
5.036149846847234879e-02
4.943486154431081525e-02
4.927249378397965951e-02
4.926484293651137158e-02
4.979815519695803688e-02
5.010278938951549799e-02
4.864346479891031028e-02
4.894371152488863341e-02
4.853350003965125475e-02
4.818649841673036671e-02
4.846724759571185981e-02
4.833447689441641021e-02
4.932080001996051732e-02
5.055292326576904527e-02
4.860196112139172214e-02
4.703696518989402414e-02
4.606304771156958383e-02
4.574643979544134459e-02
4.764190499126462475e-02
4.844838506384691046e-02
4.732185862209091487e-02
4.859810339841489496e-02
4.712552281426903023e-02
4.778699342844053288e-02
4.774779889193721261e-02
4.822476919871437895e-02
4.684810164693054002e-02
4.726379749997164370e-02
4.742726713341153394e-02
4.690253343262303781e-02
4.677647574356931515e-02
4.640550141059780753e-02
4.717640491501363248e-02
4.695571734175623541e-02
4.895220586291733345e-02
4.990365069997770159e-02
4.675697708075668424e-02
4.648244754643662130e-02
4.483821705317447837e-02
4.536996446222875401e-02
4.481991001140341047e-02
4.437707645136895751e-02
4.636375717636063987e-02
4.554956596826775783e-02
4.576037662228832348e-02
4.544866442739608353e-02
4.553060753337669769e-02
4.592959170747894920e-02
4.483295640826022443e-02
4.478887001582942951e-02
4.610128393983659728e-02
4.558624383783752704e-02
4.529319947296730348e-02
4.437858881780035875e-02
4.479452926220231501e-02
4.547955789892461909e-02
4.719082098794299268e-02
4.872570887377875026e-02
4.714292691102588834e-02
4.103595333269938888e-02
4.322978953549200948e-02
4.276167165325385489e-02
4.345364036511639022e-02
4.280343086820066756e-02
4.392189376391813366e-02
4.405162984035922158e-02
4.377222513259521053e-02
4.357376775051771678e-02
4.439622416687034195e-02
4.321344294494840893e-02
4.327610114856608042e-02
4.369720272999928073e-02
4.364805450820204852e-02
4.279665663947293530e-02
4.324908819071505289e-02
4.389647837544156245e-02
4.308568157223321982e-02
3.928917518033860079e-02
4.191092514050378387e-02
4.196355735780449292e-02
4.081459759629178785e-02
4.198854075429427762e-02
4.127386850041925986e-02
4.219238547990959015e-02
4.229038146193314640e-02
4.221555375829207091e-02
4.170038574745960763e-02
4.227324852471890659e-02
4.139557192489805304e-02
4.168284234136219318e-02
4.230618818695555672e-02
4.188506248087980194e-02
4.050928713891315675e-02
4.132140185477033850e-02
4.218804310987874645e-02
4.173819667534173217e-02
4.189230407239663556e-02
4.072853566673057674e-02
3.851193013366888129e-02
3.998360021582145207e-02
3.969423924067687348e-02
4.085836829629148348e-02
4.056956522601837950e-02
4.070158212056600167e-02
4.002290761934773622e-02
4.049212022869759509e-02
3.957214496108898277e-02
3.986076743429191327e-02
4.095187490402703995e-02
3.939772405933658628e-02
3.949348285348702747e-02
3.895092824539624771e-02
4.033749065730538735e-02
4.054214081880289783e-02
4.208847173877392628e-02
4.245543910868528753e-02
3.937868082758709531e-02
3.718358271091590228e-02
3.654183964923572725e-02
3.694876871461533901e-02
3.838337351555804605e-02
3.805799917439541685e-02
3.939163650909079800e-02
3.893672635259980142e-02
3.882998004506895556e-02
3.852001781254548590e-02
3.893276810186576536e-02
3.795042752249667278e-02
3.805493321065568646e-02
3.961621131957095837e-02
3.792178571088349742e-02
3.788587037913832695e-02
3.689459681992235396e-02
3.807268374852549458e-02
3.824239076375639257e-02
3.781308977452997599e-02
3.995033394499344914e-02
3.713659920469156162e-02
3.703068370992646657e-02
3.501571334844738592e-02
3.496615100139575938e-02
3.406897016647490728e-02
3.545215001995690590e-02
3.642705425799386970e-02
3.740957958655998644e-02
3.669249939102932345e-02
3.686297664685510289e-02
3.687298997454441923e-02
3.763215750484419364e-02
3.688605799154025255e-02
3.667671468188975908e-02
3.658449269331500581e-02
3.645618242615159682e-02
3.604137708450477068e-02
3.552957005493496273e-02
3.639068421285010513e-02
3.817167085832479101e-02
3.785356439530832701e-02
3.217368238288501048e-02
3.261506591226489421e-02
3.241736433029352576e-02
3.289352389614438876e-02
3.476013636903730469e-02
3.535255525767509732e-02
3.514113203167539001e-02
3.453863665694117263e-02
3.450781359931366643e-02
3.522958234237738573e-02
3.625492547507053881e-02
3.562874311894202034e-02
3.544336221816916238e-02
3.430917960710276604e-02
3.507534898766290210e-02
3.424842458454838146e-02
3.391450425496679577e-02
3.326927764872408128e-02
3.475883946544272574e-02
3.481890133101818441e-02
3.579046467811511367e-02
3.362499978744592360e-02
3.190472163511171022e-02
2.998061361371924180e-02
3.097928634224569530e-02
3.121850924913035716e-02
3.269131365908675008e-02
3.374318399495160326e-02
3.345104365254182588e-02
3.298685101306268047e-02
3.294994204987133218e-02
3.380231014567820769e-02
3.424915432271315868e-02
3.353205730327835782e-02
3.225985412078954950e-02
3.194648778351661528e-02
3.320338051670879143e-02
3.265680133201409596e-02
3.086727447171486519e-02
3.260347462403982016e-02
3.384331960438863307e-02
3.042573575088590443e-02
2.892684252969544845e-02
2.823683924244788784e-02
2.849431480571463365e-02
2.936299150433865218e-02
2.969682748245142806e-02
3.113887716868754887e-02
3.139964378669178602e-02
3.196302136182005427e-02
3.143219137824512094e-02
3.144751666836055615e-02
3.050804312627825379e-02
3.272423902903946746e-02
3.281776898429753647e-02
3.159163116271255373e-02
3.063641266973612595e-02
3.053638435116593983e-02
3.163748542497449301e-02
3.096117220792735450e-02
3.010447595590850026e-02
2.996360343918308758e-02
3.034868291270644697e-02
2.980990125657788717e-02
2.816117702183655938e-02
2.652390096975403011e-02
2.551462506751189102e-02
2.660352012505707783e-02
2.737126120146914088e-02
2.755620673118198971e-02
2.945947579909727332e-02
2.917593255544869563e-02
2.986783160851674834e-02
2.899440894901577845e-02
2.904397697490487470e-02
3.048796778890231624e-02
2.986562149794233165e-02
2.997266485739149763e-02
2.824290423925558333e-02
2.931571871847678951e-02
2.806904151030328171e-02
2.982563732586907684e-02
2.772894685014004948e-02
3.134039771756080839e-02
2.837358109920583987e-02
2.856178089877049395e-02
3.071423869072900312e-02
2.359586506097793857e-02
2.412108177850790652e-02
2.315808097459137738e-02
2.404977476425115487e-02
2.497084546574096509e-02
2.589998824232477709e-02
2.722291183811416729e-02
2.725734815722266613e-02
2.691756891013210445e-02
2.754442627181554956e-02
2.902623357657864445e-02
2.760358748808431142e-02
2.593730183012958948e-02
2.747060040077568127e-02
2.696316543866971588e-02
2.639959378773869964e-02
2.647982260269868271e-02
2.625522836470898722e-02
2.664752968244537765e-02
2.874194407695021894e-02
2.057137681168801774e-02
2.167894322125595713e-02
2.272177970254595988e-02
2.457103292724797244e-02
2.529473936967592193e-02
2.631865108867689762e-02
2.612500768304431426e-02
2.448517233915805183e-02
2.551353891634372539e-02
2.597091336779503226e-02
2.531691831233475951e-02
2.361659320415876104e-02
2.428398818781216800e-02
2.575816646981498800e-02
2.476405294115239034e-02
2.466918400242697207e-02
2.492836862960225164e-02
2.750671992042688987e-02
2.183472061057371502e-02
2.120585389064977636e-02
2.102608239830196929e-02
2.187574635800315984e-02
2.342180493761653742e-02
2.348155071432330571e-02
2.519352406171493711e-02
2.393919274190778670e-02
2.253861105246239560e-02
2.218141409683980353e-02
2.367495389203856312e-02
2.403336941831001397e-02
2.461790230291388201e-02
2.318322289609131906e-02
2.234265559656156697e-02
2.193213680206860736e-02
2.247262052871795354e-02
2.390052815968503677e-02
2.258489235566736586e-02
2.314997266557656391e-02
2.224318259401316181e-02
2.408278597226797685e-02
2.559789973546695158e-02
2.210919189704314142e-02
1.902575865479220335e-02
1.941070262996471424e-02
2.047942582260988548e-02
2.103812824904650533e-02
2.240965816173925984e-02
2.154034113694341945e-02
2.128545214814576980e-02
2.079137022033159324e-02
2.162587101908219553e-02
2.112417288900105689e-02
2.086171534812822706e-02
2.014719042057385584e-02
2.095681700740730305e-02
2.155444197917365592e-02
2.112564604890498909e-02
1.893119823526533824e-02
2.079263537914711676e-02
2.216282169191460469e-02
2.006153127722466734e-02
1.774096970646200574e-02
1.755506878609644494e-02
1.879792682344822233e-02
1.934854955385113123e-02
1.973924968223798523e-02
1.985975382464636591e-02
1.976220142739027255e-02
1.983008420720824491e-02
1.892055697215475757e-02
1.932658155374100684e-02
1.800995270866627765e-02
1.933259785069440032e-02
1.996243035830030585e-02
1.897043694517998660e-02
1.754844352887819509e-02
1.728291391511411340e-02
1.859761685358846464e-02
2.034301488581844591e-02
1.650807856303740384e-02
1.451258112505289695e-02
1.577116187212919407e-02
1.634005568756800170e-02
1.798336142688554753e-02
1.797243246673484174e-02
1.779061303400843175e-02
1.885192431835083088e-02
1.791582345964087830e-02
1.782656336905904387e-02
1.827864673235825646e-02
1.724485200337782034e-02
1.728405505610779852e-02
1.652307911610785204e-02
1.587016114421124433e-02
1.669094027990316795e-02
1.737358247378426035e-02
1.721742982080195355e-02
1.824256587860680415e-02
1.574744996150698531e-02
1.635231609374706088e-02
1.786200730570728160e-02
1.482704047729089397e-02
1.445147072225797490e-02
1.436607485941152583e-02
1.439199442697873012e-02
1.652716271565205300e-02
1.560729773271196316e-02
1.597412393387944926e-02
1.686036895583571324e-02
1.525071805787807724e-02
1.613114328062813588e-02
1.661007303569229931e-02
1.511419817341568862e-02
1.534198586987064843e-02
1.455829748012315433e-02
1.415392761748995344e-02
1.581576383864321395e-02
1.567468622903403150e-02
1.461422696426736313e-02
1.417095086777007962e-02
1.587592863959997463e-02
1.614115979719514885e-02
1.323725103474138881e-02
1.351935926363055304e-02
1.470762293314558343e-02
1.269703593828586108e-02
1.319767067074193584e-02
1.383379666539050548e-02
1.475697168858765458e-02
1.345471094992923070e-02
1.408658044680806583e-02
1.442035088903548257e-02
1.479397058233897395e-02
1.480459743295568092e-02
1.334453984679182144e-02
1.354045947990381409e-02
1.314983258277654422e-02
1.219225767625000713e-02
1.424407472849818605e-02
1.423704366872718431e-02
1.294322634781719557e-02
1.299613813735128222e-02
1.340975555194764447e-02
1.208241839356945582e-02
1.120090308077670641e-02
1.092312958420999305e-02
1.276051576044422674e-02
1.107241954239899552e-02
1.116658659219605006e-02
1.098048755765605039e-02
1.140192766305360254e-02
1.227835513403776994e-02
1.290994176431424501e-02
1.339502008907346962e-02
1.193729262237471118e-02
1.183263193969543922e-02
1.233838072352753251e-02
1.200588343450643622e-02
1.072368875983542927e-02
1.092190575834138359e-02
1.256432621393152073e-02
1.158589035738829057e-02
1.068921021449327491e-02
1.073318032631522499e-02
1.296438565417589762e-02
1.342193223353990369e-02
9.630290800792081635e-03
9.412621671320521230e-03
9.575854209888661969e-03
9.468873963322171211e-03
9.190972421512110316e-03
1.014051939165019553e-02
1.089297341144705548e-02
9.902804459316278882e-03
1.040583725198628885e-02
1.104954469030414339e-02
9.981236460759271983e-03
9.220858753426739579e-03
8.645532571703947247e-03
1.053426843113982637e-02
1.003272134902717314e-02
8.465366363977471637e-03
7.752673534530390292e-03
1.047314170109457480e-02
1.193481504083972015e-02
7.230099427680552679e-03
7.971519250652045821e-03
8.059236695890438160e-03
8.062280287625905525e-03
7.181789392999050024e-03
8.050687113226491498e-03
8.849229568423641612e-03
7.968847395646965967e-03
8.208828079695815530e-03
9.016950902508702459e-03
8.253754477379761020e-03
7.478975588173148760e-03
6.328897782433670800e-03
7.366180674594982256e-03
8.599120761835806273e-03
7.489530036287009307e-03
7.825476848781138736e-03
8.037408075823216855e-03
8.287478113042959574e-03
9.853835465769541016e-03
9.116166437842384077e-03
4.316819567042598157e-03
5.611963677942586812e-03
6.345655150106152727e-03
5.478684624259298926e-03
5.507397963039727638e-03
5.418040455844259744e-03
6.599864872321538345e-03
7.498456019023064072e-03
6.011847698134146697e-03
6.577995292917453857e-03
7.548981133306666667e-03
6.887750922869618174e-03
6.118358748587480155e-03
5.001900792088513799e-03
4.235737080357365562e-03
5.382632947054551142e-03
5.736324650063598547e-03
5.509644115843817351e-03
8.307327308175778066e-03
4.677383466768297859e-03
7.690304372560104532e-03
1.202284926859062235e-02
2.034005394796604884e-03
4.215258303378510187e-03
1.710053309880347301e-03
4.276672343882070848e-03
4.371245070584423020e-03
3.363834544801345538e-03
4.029171150974513935e-03
4.035863512781225244e-03
4.644072162882691666e-03
5.750997258073524236e-03
4.191665999326885800e-03
4.974965287942159295e-03
5.810002130504227959e-03
5.058754024298453382e-03
3.959593000627058268e-03
2.280784263446213305e-03
3.261722535431590443e-03
4.070063618482605040e-03
2.772617089710587707e-03
2.207091438150060071e-03
5.388782477700736553e-03
0.000000000000000000e+00
0.000000000000000000e+00
3.014215859264490500e-03
4.345638194254559245e-03
2.441397323716945709e-03
1.475480401871910683e-03
1.702444247453485660e-03
1.923766048164195653e-03
3.197050282549163212e-03
3.147398705379216444e-03
2.706391888764062177e-03
2.930314136905102975e-03
3.969355604510028772e-03
3.685983648885008974e-03
2.007097330916165785e-03
0.000000000000000000e+00
1.135067169423471150e-03
1.578933820509898552e-03
1.336699560328528371e-03
1.120108516692637328e-03
0.000000000000000000e+00
0.000000000000000000e+00
0.000000000000000000e+00
0.000000000000000000e+00
1.734908202316263852e-03
1.445599287690515827e-03
1.476862082852878431e-03
1.483511090992569890e-03
2.382358127452452023e-03
1.269653495588728837e-03
0.000000000000000000e+00
0.000000000000000000e+00
5.157283247868209818e-03
0.000000000000000000e+00
0.000000000000000000e+00
0.000000000000000000e+00
7.468428603567346972e-04
0.000000000000000000e+00
0.000000000000000000e+00
0.000000000000000000e+00
0.000000000000000000e+00
0.000000000000000000e+00
