0.000000000000000000e+00
0.000000000000000000e+00
-9.715004810970062184e-08
0.000000000000000000e+00
0.000000000000000000e+00
-2.074845464873913363e-07
1.511429270785673724e-18
1.560601067146297480e-18
5.194868490242835965e-04
-1.479950168386026006e-18
-2.903670402227939188e-18
4.404552583876629609e-04
0.000000000000000000e+00
0.000000000000000000e+00
2.784168851229735597e-18
-3.649749082919146021e-19
3.516283978160263678e-08
-4.118654198091273762e-08
3.380952707531211573e-04
1.805646195089094779e-04
1.275837228078642481e-07
1.225669191399260170e-07
4.262871518019250541e-04
-3.885994429191069873e-04
0.000000000000000000e+00
0.000000000000000000e+00
1.668933696963204939e-18
2.636664676349789876e-18
-2.672356463041657573e-07
-2.545861704670740663e-07
3.064628690291923787e-04
3.888513274324771900e-04
-9.344467222056502561e-08
-5.732340278907321463e-08
3.897114034346884303e-04
-5.420740563257375050e-04
2.167870780798777341e-07
8.000890383849721508e-08
4.683886755536855706e-07
-3.904780999028780548e-04
-6.918603902666158783e-04
-5.742720118528448198e-07
1.052143372858569933e-07
-5.560125092180128511e-04
-5.399850201670956286e-04
2.325307148971460908e-07
2.311007869430059102e-04
-5.986227080084240669e-04
6.241393841162455489e-07
6.964202228929819400e-07
1.331751832371146885e-04
-2.663686202245821506e-04
4.301096089545375075e-07
3.018258571663785555e-07
0.000000000000000000e+00
0.000000000000000000e+00
6.045669627708222274e-07
1.211341678920278329e-18
-3.023697663465731459e-04
-5.503885445607724534e-18
-5.204633712824167924e-04
4.912936487729276217e-07
-6.531681611351214996e-04
-5.572350576236837112e-04
6.838781092116018825e-07
1.112302802603371983e-06
5.047018698833377487e-07
1.569300041024900221e-06
1.446191717719907003e-06
-9.453265691815261520e-05
9.321709626197799631e-04
1.569230375005798133e-03
9.053085906294582237e-05
8.309487091113845561e-07
5.553785284448947571e-04
-1.021073255713404390e-04
1.470903336261037979e-06
1.621064520248661844e-06
9.544349607747345003e-04
8.147369629170029019e-04
9.637143183578356712e-07
1.225098504730305459e-06
-2.664902462149743491e-06
1.167324364533924930e-03
9.842400461635856060e-07
0.000000000000000000e+00
0.000000000000000000e+00
-2.716504103391743815e-18
5.354084260107232068e-18
1.340194453614449127e-06
-1.616745172497109490e-05
-6.923040540207486533e-05
-7.982049787048695770e-07
-2.173159925697037552e-07
9.237693100423518636e-07
1.468091829699911030e-06
-1.643625114994191373e-03
-5.352347599391866573e-04
1.995403369200911682e-04
1.317337120108653947e-03
1.888588684607616798e-06
1.280165346509486837e-06
2.235814189571153849e-06
-7.486773201432739798e-04
6.096809886217303010e-04
2.631539467250115955e-07
2.559829364986327346e-06
5.509533382615150118e-04
8.915265411676309053e-05
-9.831196963534546071e-07
2.142791822021894773e-06
4.382564248681980641e-04
1.525924009018673187e-04
2.169871203469991488e-06
9.841937789264345975e-04
-9.916503780443212783e-04
2.474039102841074192e-06
2.626066637023310068e-06
1.797776721017947476e-06
2.083239915602705309e-06
2.793231307951007467e-06
-1.410371313235163826e-03
-2.551080639763845040e-03
1.276131870017317531e-03
-8.661283266179889201e-04
2.647101031444511523e-06
-7.967966344055011198e-04
-1.406133482026831376e-03
2.719259596379670159e-06
1.516761638717447491e-06
3.350727659855073427e-06
3.238743180340913341e-06
-1.365826504762574943e-03
-1.741146560111032320e-06
-8.881977596173982461e-04
-4.575765537092631847e-04
3.637192532059225496e-06
3.777273891692341941e-06
-1.984096809670283753e-04
6.839915048857742519e-04
-9.616962502138209651e-07
5.661806215470046470e-07
3.280822068699660653e-06
3.836858804596213485e-06
1.012388300324438845e-03
1.175075498786213674e-04
1.535570885271860583e-03
8.711319937648046366e-04
4.567452523118392058e-06
3.046620843470483273e-06
5.198427755132386226e-06
4.467138533644591956e-06
8.585460226273856042e-04
-1.723641070818378817e-04
-1.326642976986592811e-03
-1.274800363890113549e-03
1.797605140433527305e-06
1.070702272773766035e-06
5.538033352444796512e-06
4.539866258476002591e-06
-4.904193899299499909e-05
-2.180200367291670362e-03
1.164493319107137259e-05
5.335935336359932078e-04
6.801836432650740903e-08
4.571380750182551505e-06
4.092933791630193541e-05
1.944157693748679611e-04
-9.377735150402283520e-07
4.612117534868499869e-06
2.322156053013455575e-05
5.122163961376029889e-04
4.096236293101705890e-06
5.874928246148917328e-06
3.837940735460131569e-04
-3.622940597008147512e-04
5.475662459181596476e-06
6.882262896288566579e-06
8.824843081338292188e-04
8.635508345223031062e-05
3.113449509183413168e-06
2.497767215349195911e-06
9.167357747520672245e-07
6.976380933467029405e-06
6.581887591234050471e-06
9.266589030044652736e-04
-8.896197010543340725e-04
-5.928934254431733565e-04
1.896560344390359751e-04
5.855883424687154767e-06
-5.586474032997978609e-04
8.932270327105497820e-04
6.515043692706824778e-08
-1.007275659938128992e-06
6.354540553520401728e-06
-2.419587785049774056e-04
-1.046115131488106016e-03
5.558892884877658550e-06
-9.673046308546482178e-06
-5.249223408477099060e-04
4.569530557478759782e-06
6.290095938480877981e-06
8.557881642811128014e-06
-9.867553013004167124e-05
9.702703725728373469e-04
7.242170589795157073e-06
1.776086590306227690e-04
1.308564516847889698e-03
3.698831798978657631e-06
2.965715739146063908e-06
8.255474656149383109e-06
1.496476851578680350e-05
-1.917000745605662690e-04
1.402782955837973339e-06
8.997897429975573329e-06
8.890091164108824108e-04
1.020874970391166467e-03
-9.940621811885972517e-07
8.315039565622710948e-06
7.800218333599866953e-04
7.416680206109013468e-04
7.425621243131985288e-06
9.012937755525682977e-04
4.202552796414364385e-04
4.923769586058319678e-06
7.047566367562923432e-06
1.029301078659735338e-05
8.807709633526473406e-06
9.579502577571032606e-04
8.874016281546422439e-04
-6.487274875422535149e-04
-6.363096646654740765e-04
4.258781099807318046e-06
9.668292345400474541e-06
5.590129624301161870e-04
-5.218876507418925134e-04
3.101251601052270765e-06
1.851541052594661201e-06
1.135455607656396640e-05
2.292339763757934401e-04
-3.977160563230941904e-04
1.006377916226488807e-05
-8.930450078299544299e-04
4.523669788454282134e-04
5.217838789824998692e-07
1.020683633344989035e-05
9.708854061033380225e-04
1.016635090196747640e-04
-9.630176311771343219e-07
1.042359595574050105e-05
8.515506649412545818e-04
-9.214072899314192956e-05
5.781963875590501616e-06
7.877278934757696359e-06
1.234596786043309972e-05
1.061368512957937167e-05
6.890016138039108682e-04
1.263560676869946971e-03
-1.127244331808416799e-03
-6.789812828329267261e-04
4.668857001817451671e-06
3.637946853519032946e-06
1.465943358106381159e-06
1.315709322151597231e-05
1.246261777790110617e-05
2.396339836888828733e-04
-8.027583711177901319e-04
-1.038672838055839168e-03
-1.372488943523973682e-04
1.141034846055769652e-05
2.745081591267786161e-04
4.957694337463155196e-04
3.898973643638430397e-07
-9.391320567900202841e-07
1.251437394406276294e-05
3.089335987317959315e-05
-7.764026640950357286e-04
1.148783566581546195e-05
6.616531529678287274e-04
-7.269558426457111778e-04
6.438313223566670174e-06
1.303553511842338484e-05
2.416587691394858617e-04
5.432247822692698978e-04
8.539191172973240087e-06
1.459658899261281396e-05
-2.415699603226412228e-04
1.338476972996068600e-03
5.107541574453152515e-06
4.098520068087458876e-06
1.457592250965914906e-05
-2.627101146690372698e-04
4.325669341939559218e-04
1.960485129652450276e-06
1.537168610185980707e-05
-2.418415116131128408e-04
5.431515768451120052e-04
-8.498650365386218110e-07
1.468011002977774917e-05
-4.876887561937073802e-04
5.395307699678389239e-04
1.340700216817824024e-05
3.850400505854180292e-04
7.153096873587620492e-04
6.622084834752828829e-06
9.120196530253668851e-06
1.687378746172226950e-05
1.520640534523067081e-05
-7.803221206901463135e-04
3.060985522004367257e-04
5.703424692428525232e-04
1.298996606375479521e-03
5.753342971426424084e-06
1.645093205347848852e-05
9.037351705744930269e-05
8.792827508792119460e-05
4.279878922040720130e-06
2.774521250604545281e-06
1.834591693798419119e-05
1.680164439240258066e-05
4.494193171052181295e-05
-1.218608851119123244e-03
-1.116443093627534277e-03
7.595886051926466738e-06
9.592256416621572175e-07
1.684001256018113752e-05
-1.392099806943881122e-04
-5.126217988355510902e-04
-8.068197791451358266e-07
1.716645466826990639e-05
-6.504501402846531513e-04
-1.166619066599582435e-03
7.495623439489669610e-06
9.727100441080852492e-06
1.918144272152633455e-05
1.747936040147138540e-05
-5.268912399645432794e-04
-7.450867611715165787e-05
-3.864295327135451336e-04
-3.699672953422870479e-04
6.198900205304096538e-06
4.932275172181993838e-06
1.938016448906316558e-05
-4.568530035628933731e-04
-2.015244906958721090e-04
1.832022547209365349e-05
-1.387480186350712223e-04
6.723832517732641326e-05
1.627123771641889398e-06
2.032545982839018066e-05
2.268653670871308788e-04
7.516534435587695967e-05
-6.943507398028603919e-07
1.964285129556627926e-05
-1.179945584284034519e-03
3.578971233077944415e-05
7.217489541816011425e-07
1.849416305946008525e-05
9.661103991172094202e-05
-8.120503190603564018e-04
3.589714164693616902e-06
2.055110847955923529e-05
4.796803733045721654e-04
-2.132977764111604351e-05
8.043975809166142336e-06
2.002267275742119552e-05
-6.542843275323769652e-04
2.917525175966576944e-04
1.033884793333592494e-05
2.165715794033363890e-05
-4.668531852373054044e-04
6.136134657803362247e-04
6.634484969716310955e-06
5.634831802753658350e-06
3.003503275850727536e-06
-4.705159624075042394e-07
2.210784079788511892e-05
2.274874984360690085e-05
-1.175279298323586314e-03
6.820565474674209015e-04
-2.503050887840260665e-04
3.579090343442616518e-04
2.197637888565676705e-05
-2.691174838752722259e-05
8.197874874004201437e-04
2.054285069429089350e-05
1.306056670936515593e-04
3.186608647652146385e-04
8.075354316228559656e-06
1.092907932509591840e-05
2.445505611574246336e-05
2.248490192684130792e-05
4.701127769573751878e-04
-2.251304710903102152e-04
1.982599671548703510e-04
1.432126468447817954e-04
7.176165427894006911e-06
2.401015134635308527e-05
-5.303403845897100349e-04
4.231919601931794232e-04
5.575498816514526951e-06
3.916815341801016172e-06
2.604217153810910819e-05
2.443838674893552193e-05
2.411989520762497648e-04
-2.177076785583589782e-04
3.363599073664158318e-04
3.007779538881786880e-04
1.728568135371630607e-06
2.437632398989241482e-05
1.018936167907007163e-04
-3.356634928352446429e-06
-2.582010547179769240e-07
2.472052815221566428e-05
-1.068607878077660207e-04
-1.055842195575578931e-03
9.065649940005905056e-06
1.150005614116408156e-05
2.711534874270064895e-05
2.529522364801781384e-05
1.075176248634717151e-03
-2.560621827378711563e-04
5.201977721467598544e-04
-9.861541368549440621e-05
7.702568878625631801e-06
6.327484270612068432e-06
2.719805965982556828e-05
-5.819313275234515520e-04
-9.554362666462931717e-05
2.618027541242306844e-05
-5.162998517177389913e-04
-2.148162114548436772e-04
2.616831366892402725e-06
2.834815625116303661e-05
8.957321287486176651e-04
-1.092050790947787228e-04
-9.536090151368025982e-08
2.765050632008766098e-05
6.103848292458695108e-04
-8.201521522394338319e-04
1.560191457395261931e-06
2.616874852516921644e-05
5.495796501808497157e-04
-2.900752570824261379e-04
4.809831858759078145e-06
2.850204415121760000e-05
3.192307641844481883e-04
-2.997481494501824445e-04
9.695288956388162498e-06
2.799455983059613649e-05
5.904534007497232347e-04
4.186636982814992457e-04
1.215943417290559667e-05
2.957167575825607974e-05
5.479056332571733768e-04
6.305889366957476193e-04
8.179196242530039441e-06
6.881717227384805827e-06
4.048246772306242532e-06
1.961619432977079785e-07
3.064093704490253913e-05
3.111343355441725995e-05
1.039174332469856464e-03
3.163718103726435795e-04
5.118731520660543523e-05
5.865853753415358829e-04
2.999942391478078608e-05
-4.373407134408209985e-04
-4.239546602318306737e-04
2.838536468826141128e-05
6.590157849127744162e-05
-3.476229882696424585e-04
9.621460016944113010e-06
1.277956798607163201e-05
3.216336792769696628e-05
3.027880297320869048e-05
-1.879189947729041047e-04
8.690769841942919127e-04
-9.162922467764748804e-04
-2.545419326752103935e-04
8.439900998911655517e-06
3.204233257047764952e-05
3.073406565310634502e-05
-1.114664807881574382e-05
6.388914882127367842e-06
3.269527942824194277e-05
-7.151606831888780323e-04
5.806294147259467679e-04
4.688419929553433174e-06
3.435810597358080723e-05
-1.279112594977432828e-04
1.132512129697663242e-04
2.520927023181318158e-06
3.288141774792203525e-05
5.054074690295962298e-04
1.666330002682263475e-04
4.776951281279981180e-07
3.328415516361035568e-05
3.458053523889956693e-04
5.786854470967170774e-04
1.060233626157646971e-05
1.339014228977630602e-05
3.520845014597997222e-05
3.320199862664080818e-05
-1.027279909329062218e-03
3.266930367614471011e-04
7.709625433708559416e-04
-2.023313018367931470e-04
8.708882600466704297e-06
3.441388761733459029e-05
-3.659429343418660980e-04
2.646097022458777275e-04
7.242290969878011328e-06
3.578503218360799598e-05
-2.919277447392680698e-04
-2.672188318022037778e-04
5.669211377096290652e-06
3.678756077898178209e-05
3.250342626810673601e-04
-9.821302555473785095e-04
3.349880243935511373e-06
3.646441955816581964e-05
-4.975442750208791632e-04
-1.214155019820505879e-03
5.871210640267677507e-07
3.594588855982355460e-05
-1.840149792119368704e-03
-5.227200284019503434e-04
2.315297384289042290e-06
3.453752577241809375e-05
-1.840657808534034963e-04
-1.167983700622443594e-04
1.109626092507690931e-05
1.380206267354371212e-05
3.830451585706049595e-05
-1.629258048997915282e-03
1.000946838629100362e-03
3.647039352600805979e-05
7.926016570039600079e-04
1.118471865915159676e-03
9.291966818123027143e-06
8.023937356445403740e-06
4.990524704595824733e-06
7.618541884509055033e-07
3.890247027651340443e-05
3.950814637231750740e-05
-2.968181710405956141e-03
6.544894299084654497e-04
-4.458615581727184735e-04
-1.458505286672676180e-04
3.858154959484981624e-05
5.983697482903439302e-04
1.732280304139089831e-04
3.695339422237440690e-05
8.319079071439390701e-04
4.139146056360462861e-04
1.102747321732042285e-05
1.425016964157006741e-05
4.092872969476732918e-05
3.913340467601290033e-05
-1.963066635186801884e-03
1.230002016144457304e-03
-2.672205235466381507e-04
3.062485811490190031e-04
9.814021002852549809e-06
4.079275602658014439e-05
7.881536043266817830e-04
5.506808168970443729e-04
7.700446104679190356e-06
5.791308928804217256e-06
4.310301790238756374e-05
4.130263785840007634e-05
7.283520869683874971e-04
1.767755909670573004e-04
-1.633947524958617931e-04
2.416010249055808052e-04
3.312250563270178901e-06
4.143482004903465581e-05
-7.478629265096173621e-04
1.585814358251429884e-04
1.156050544756747699e-06
4.190827537045661356e-05
-2.070670393139516317e-03
-5.361108909128142405e-04
1.199269436257755540e-05
4.199827798208178426e-05
-1.753772401304948324e-04
1.912616817063947003e-04
1.478847916133029802e-05
4.379956236437860102e-05
-2.403488222361081436e-03
3.426710915561853349e-04
1.010909659173640741e-05
8.401139260779086110e-06
4.430682035211089357e-05
-2.560143889018168294e-04
3.353777721337520889e-05
4.303945679693054166e-05
3.193363757380976247e-04
2.432655304206222697e-04
4.380253373231923091e-06
6.687158570566929701e-06
4.559150031935617359e-05
3.134272767755028185e-04
-3.434400428789068240e-05
4.528409977273545187e-05
3.620255167026499902e-04
2.517381532974029236e-04
3.220887220738550644e-06
4.329387099305362813e-05
-6.301783967550478793e-04
5.945759472781959393e-05
1.425613277234081943e-06
4.483883344535004751e-05
-1.084393815106972922e-03
1.045953049668580249e-04
1.248234941125631354e-05
1.528520031479008848e-05
4.681477318546284832e-05
-1.935306549040873882e-03
-5.600843165805804080e-04
4.499540361705488376e-05
-2.387383847760288593e-04
-9.012546043324333944e-05
1.048689228668301994e-05
9.125953919746489056e-06
5.835467483679488312e-06
4.808506934247614914e-05
-6.028276668793699025e-05
5.943206777466288537e-04
4.728673148313883876e-05
-7.580531797428529403e-04
-1.754173258027215843e-04
4.555518584796391045e-05
1.106699188824562157e-04
-1.527749085879968026e-04
3.416211302409222926e-06
1.612529220887171222e-06
4.788670606128433115e-05
4.688095644389765187e-05
9.537671889503633897e-04
-1.343696632131780037e-05
7.845534797604361392e-04
1.404798618941849667e-03
1.226636136024457950e-05
1.565667735030866871e-05
4.974982484823583731e-05
4.786022243805708822e-05
-1.258033680295886012e-03
2.383558608910000252e-04
-3.877665192464853816e-04
-5.289951437164630869e-04
1.099636540413829904e-05
4.960743038456833084e-05
-2.064338579788032723e-04
1.351761199052732457e-04
8.822039771944975307e-06
6.646788667755942295e-06
5.171270225782825976e-05
5.009064982147304893e-05
4.892782996159206156e-04
-1.030988258957418269e-03
-4.673479701594072467e-04
9.498521304574319654e-05
3.968240441468161914e-06
4.979464184040699280e-05
2.076758913529248938e-04
-3.055594894697505988e-04
1.947172127859814646e-06
5.101235944878228825e-05
9.991376590423677560e-04
-8.883357405650561898e-04
1.324630368641528390e-05
5.088581846405992501e-05
1.690797858488272943e-04
-1.537279346368869957e-04
1.611626216089822775e-05
5.265156496037268175e-05
-5.828209728790809596e-04
6.140292405697371850e-04
1.133770332772549197e-05
9.355106424050954137e-06
5.328045931550135536e-05
-3.764260278776971301e-04
-3.289502796332509976e-06
5.189056245981464442e-05
2.490736134039540873e-04
3.738826256857380524e-04
4.684832312908168317e-06
2.499782254767154754e-06
5.384112322083839424e-05
-1.281776637319521201e-04
6.529144483019442766e-04
5.307953957619677694e-05
9.374784363148822800e-04
-1.660753460173960624e-04
7.179328702146535174e-06
5.405962490427451792e-05
7.276815025814492100e-04
1.749010598220785361e-04
1.374881011595655593e-05
1.666667164886547422e-05
5.559358634926794140e-05
1.131839326152741252e-03
1.046678039094638222e-03
5.377797066481891170e-05
9.114571307479300182e-04
1.398025311067673578e-04
1.150915766034188198e-05
9.541424488936254029e-06
5.888385135755020813e-06
2.868850166674998898e-06
5.672143841482097504e-05
5.570955177762366452e-05
3.906895311195580553e-04
1.131867418313541084e-03
-4.391595926214570626e-04
5.099862302339247316e-04
5.618445819447838755e-05
-7.824911357499220047e-04
7.801689671989025946e-04
5.430049096169732088e-05
7.748339812679786017e-04
-4.465142750875202823e-06
1.358251979304447949e-05
1.719475025783964806e-05
5.864183886165844371e-05
5.660653684000796027e-05
2.236662689454336442e-03
1.858885117350993080e-03
-6.808415735390310015e-04
9.709048400076848023e-05
1.193287722688799959e-05
5.854226558985057080e-05
-7.518594374190595364e-04
6.380428356599991127e-04
9.818893572441278860e-06
5.926196590958872281e-05
-1.195695580856793311e-03
-1.501509689981863412e-04
7.679900047159444429e-06
5.802089414780037377e-05
-6.205218410585425443e-05
-6.234297826159799669e-05
5.479022380338552134e-06
5.849695185248529676e-05
1.636494939148911906e-03
-2.261557400535743492e-04
3.193650435547881560e-06
5.981664305417937503e-05
1.385450791506884433e-03
-2.047404907420040214e-04
1.462675712682068259e-05
5.984873848059375393e-05
1.253442489973865094e-03
9.885106973452652257e-05
1.767451657608265085e-05
6.169317139042876613e-05
1.715382786511736053e-03
4.192516310894620350e-04
1.235709001217240552e-05
1.029427577356818287e-05
7.798896694231711858e-06
5.813287709073781743e-06
6.170750711544032211e-05
4.088983728761495947e-04
-5.692144418954968267e-04
3.526116444619483412e-06
6.271516982196383562e-05
7.971640023264630779e-04
-6.792930360232038727e-05
6.104060290713376189e-05
6.214024875279098724e-05
6.048489240271496972e-05
-2.732357234201844153e-04
-1.273737315470602812e-03
-6.727858433890966964e-04
-8.089713534266256565e-04
-1.006883117736429847e-03
4.712366451207252718e-04
1.506360178963958579e-05
1.799016524901279250e-05
6.477507724223100568e-05
1.216288555591770880e-04
1.312268531815226737e-03
6.302868657241648032e-05
3.834860968679207967e-04
1.303892695857990225e-03
1.261752673599841213e-05
1.070195316676571178e-05
6.860828214294802709e-06
3.722476206727207239e-06
6.574359160136983207e-05
6.457175229649722147e-05
7.107978685829275788e-04
-8.303707626731133369e-04
-2.020027506109906782e-03
-8.090845981621758859e-04
6.517520637629760089e-05
-1.038962809197892549e-03
4.078965729516985492e-04
8.250309478702639549e-06
6.281432665217908632e-05
-1.075708225543106850e-03
-8.150559003389383538e-04
6.347699137816628656e-05
-5.204814043974413619e-04
4.499665086226316366e-04
1.480184247595048057e-05
1.832171314403368024e-05
6.762193249878505259e-05
6.579718484670350265e-05
-7.510448290390369383e-04
9.614727420323859210e-05
1.668413100884431986e-03
1.615346515091026398e-03
1.318863063494758611e-05
6.752905388601805376e-05
-1.260798624770613377e-04
4.150834142436920929e-04
1.099245758446604142e-05
6.826099126699723761e-05
-1.263651504339548389e-03
-8.875209096600880729e-05
8.769157281252399068e-06
6.700307226892917179e-05
-8.869469858018037963e-04
-3.834801864799460762e-04
6.372355241192585562e-06
6.761240504414093026e-05
5.295074180944790655e-05
-1.265560362702754758e-03
3.994286965151970486e-06
6.889563735132401754e-05
1.040989292579951779e-03
-1.392664523413643645e-03
1.585993998555501841e-05
6.870321344424220298e-05
-1.029080110518796514e-04
8.065723258978378793e-04
1.873948376838327425e-05
7.041168773310648040e-05
-4.425044983316114603e-06
6.836110132430258009e-04
1.348790340298493364e-05
6.981742391003566747e-05
-6.830795880876591199e-05
9.487289818340084377e-04
1.121790247853360840e-05
8.753382540348109893e-06
6.584723346622995716e-06
7.101029620507849009e-05
7.742129238258543095e-05
-1.300066972607240735e-03
6.944517796534948500e-05
-7.691817853574632732e-04
-5.554926013461156846e-04
7.102049503337076210e-05
-2.667803947382385598e-04
9.946927885304500654e-04
4.328498530568197856e-06
7.169485092407907787e-05
-1.152229907213774701e-04
-3.515450890124398710e-04
1.623449414267953757e-05
7.189708492855814324e-05
-2.934108067464049480e-04
8.331723120570037975e-04
1.912298555450110175e-05
7.340451786031047820e-05
6.094949976822598616e-04
8.516708848273828137e-04
1.342142681012615412e-05
1.140634853997428902e-05
8.000823844155573913e-06
7.411577916006215788e-05
7.359357905534780479e-05
4.493548763601920505e-04
6.473038466626317199e-04
2.943579626304062961e-04
8.035877906206414676e-04
9.142529195113163867e-06
7.187738337113930786e-05
4.888905519441571167e-04
4.918001346489630143e-04
7.226576372566360267e-05
6.701979264346700615e-05
5.731134450450569998e-04
5.926695759524720724e-06
4.520285476676061028e-06
7.451359476207607916e-05
-7.044339558791315676e-04
7.659431994075580064e-04
7.325631931227705011e-05
-2.552926634585329663e-04
3.910532626286329096e-04
1.502399444042418035e-05
1.381427821364321615e-05
7.454720465911417594e-05
7.646707496611931574e-05
2.074353364328554330e-04
1.369227501750055445e-04
3.029362970113083577e-04
-2.492533539250263376e-04
1.180856424496325709e-05
7.719533027488646878e-05
-3.135568898332272619e-05
2.897061852896714446e-04
9.604172594598765677e-06
7.579606315727466161e-05
-1.517145334700581043e-05
5.539623119472223594e-04
7.123852213289721554e-06
4.776033816041004386e-06
7.750334292365014901e-05
7.599404950547948654e-05
2.289999692227570594e-04
3.052512502977263744e-04
-8.224860628449814828e-04
6.061597072252576266e-04
1.747746316966271399e-05
7.481070227764671798e-05
1.181141573087772794e-04
5.509581464395596354e-04
1.933045754389999419e-05
7.652432464393405106e-05
2.801805642068038804e-04
1.476759371023698487e-04
1.668813796436081529e-05
1.948203510216764016e-05
7.945148146877059581e-05
7.744939330092056879e-05
1.354711185831782667e-03
3.239533379951423792e-04
6.422624613483523138e-04
-5.846685088524505121e-04
1.436967148551479745e-05
7.887064995396174014e-05
-9.751006542792558943e-04
-5.000950308286945117e-04
1.223049332868968004e-05
9.718924988790282414e-06
7.470804830406748245e-06
7.957856451402462632e-05
6.638877705144851640e-04
-1.182578109331412514e-03
7.812439487904887893e-05
-5.399363669309144471e-04
5.179456307672042174e-05
7.980641016221472694e-05
-9.797025884664459748e-04
-8.331484411056805459e-04
5.052675707105623310e-06
8.039957027613036885e-05
6.967081700404205305e-04
-1.939067145990270268e-03
1.708712829815108210e-05
8.088497248473089320e-05
4.182458219101682119e-04
1.012666839896734150e-03
1.975445428136513726e-05
8.224763334275011215e-05
1.564652602537581171e-03
1.849120808397973883e-03
1.451249194569199995e-05
1.257595275092408613e-05
8.276907088369627168e-05
-1.934995183828435448e-03
3.154609489816903134e-04
8.881445955111580651e-06
8.230071433882594665e-05
-3.825365290985088189e-04
2.686835961035219334e-04
1.018759051978837136e-05
8.052338457755225953e-05
-1.092744741156275986e-03
-4.501934166369783263e-04
8.110742669013603137e-05
-9.165306763064542343e-04
-2.170234559375558295e-04
6.729292401488001047e-06
8.202727901052912340e-05
2.153049624607895982e-03
-1.132254198122903193e-04
5.278844816995593327e-06
8.335142633862994944e-05
2.453420914883409909e-03
1.024860120019714270e-03
1.632915429611203248e-05
1.497071551486030323e-05
8.324897956968167626e-05
8.502599655262914791e-05
3.243687036754004010e-04
-1.467994890101201864e-04
1.520622062720139531e-03
4.946471233507703218e-04
1.288272638020177924e-05
8.566811188709050145e-05
-2.194585517202949504e-03
5.839309465493692413e-04
1.058888671516015418e-05
8.447157341834989682e-05
-1.560957118936437708e-03
3.474249858446891806e-04
7.979727393410565941e-06
5.612205911416264366e-06
8.625144460788373773e-05
8.481617564802543057e-05
1.926722167384034871e-03
7.035959505710411531e-04
-7.981366971593580918e-04
-2.375028502248684593e-04
1.839871892139999696e-05
8.349744698544410448e-05
1.084193739992984429e-03
1.652496104320264276e-03
2.012153093958138231e-05
8.516186266600355261e-05
3.608863224393857251e-04
6.221486431791334272e-04
1.763767245711407507e-05
2.047848617553286592e-05
8.809773749419915357e-05
8.597872757788584759e-05
7.971624681209068608e-04
6.739341194331216521e-04
-2.224356307428001329e-04
3.431322583385232696e-04
1.545022472358526325e-05
8.737441697512664848e-05
6.747444938869830985e-06
3.696183275244162769e-04
1.322515377004034401e-05
1.054739941803973540e-05
8.326512790575897537e-06
8.832569715186506447e-05
5.602970918071076712e-04
-1.269389387024646597e-03
5.950241527656100481e-06
8.907960852097174969e-05
1.525187650612156061e-03
-1.104406741757045811e-03
8.683144157540743371e-05
-1.184247158043043747e-03
-6.857966763061895633e-05
8.837660952219546109e-05
-1.946098830874036945e-03
6.747265752882915637e-04
1.807350566027224448e-05
8.950149166863711450e-05
6.244256045940843906e-04
5.327872848785991785e-04
2.078414217570532770e-05
9.088521884546369107e-05
1.837002621323606619e-03
1.294907793262847643e-03
1.547027661142158598e-05
1.402163937506418639e-05
9.141940921202099883e-05
-1.359285043661481989e-03
8.394287404913774444e-04
8.981452305267979960e-05
-4.173150597067338857e-04
1.072493608165127734e-03
1.109832791199445419e-05
8.956818794827782493e-05
-5.323065447028959294e-04
-9.880282819437360249e-05
9.575493780779499795e-06
9.088910196359745370e-05
1.112307355914451219e-03
-1.639916968208695236e-03
7.568776729447060637e-06
9.065226295192433932e-05
7.020941332816635957e-04
-1.961749658202024179e-03
6.214215126072548971e-06
9.192004363520500144e-05
-6.278013076605634636e-04
-6.861946457036112359e-04
1.709744746481045658e-05
1.597624422775547891e-05
9.185548611342255333e-05
9.354165786779236439e-05
3.563798860481040120e-04
2.287432329135530838e-04
1.412314065600886069e-03
8.488731175485175664e-04
1.385057843210011306e-05
9.426161252921040189e-05
1.492300603970970248e-04
-8.474984399779278118e-04
1.138169625547117339e-05
9.238386170069831714e-05
3.257025893083431516e-04
-1.164523173530449549e-03
8.789668167077102160e-06
6.477951700353594943e-06
9.476326219541991714e-05
9.332132150793497679e-05
1.535287606405324101e-04
1.062486980601882319e-03
-2.206990796612476595e-04
-1.863169325873871259e-04
1.927166920189527915e-05
9.211045673057730596e-05
1.441037794148142693e-03
1.656890150565394626e-03
2.100642035941264820e-05
9.364094011116670733e-05
1.173181530234956556e-03
1.495941932602779054e-03
1.854584699622320522e-05
2.125096255686434845e-05
9.626736801502741993e-05
9.439252168986719555e-05
4.219746809185573875e-05
9.325404971461112103e-04
7.465664581934034058e-04
1.710744475987441239e-03
1.632135603645501286e-05
9.578414442966546899e-05
1.114022499586363700e-03
1.064292969349637987e-03
1.403222750486838571e-05
1.121623238095694268e-05
9.529681637239939985e-05
9.682504329691764158e-05
-1.775375235101260823e-04
3.938253771894633564e-04
-4.975255775979705013e-04
2.826819077957626195e-04
9.069488087933923103e-06
9.676450869388288534e-05
7.544202514316572907e-04
-4.382375691850651949e-04
6.763070183239893745e-06
9.748520605737068950e-05
-4.006885667562447555e-04
4.902395777708253846e-04
1.876236078082186480e-05
9.770372983073329271e-05
1.551395315839245974e-05
1.556926207301711530e-03
2.145368300706751867e-05
9.899286170215748106e-05
-8.232665389493120604e-04
3.171960705547725314e-04
1.613900430483370692e-05
1.483865305039070206e-05
9.973467947540865452e-05
-5.318712822347374837e-04
1.689550477756795554e-04
9.816526751946437793e-05
9.100122510103393321e-04
4.703655491074304647e-04
1.188106542258810999e-05
9.802568474451144227e-05
-3.113487268926437611e-04
-7.345103647397969180e-05
1.033927641383286647e-05
9.921628619779428453e-05
-3.994482278416858407e-04
4.085399890623643169e-04
8.384782419207266875e-06
9.896962165454582740e-05
3.689539153137559851e-04
7.244691844151544173e-04
6.996006966864666144e-06
1.001398151922793596e-04
-3.943733507027621325e-04
9.934442360747114398e-04
1.772239277857888158e-05
1.671401704530901485e-05
1.001136497889545718e-04
1.018512250829363365e-04
4.344607901599253485e-04
-4.489383236451085059e-04
-6.919902555578535182e-05
-6.075338392892391668e-05
1.483176618475601181e-05
1.024166811496724492e-04
-2.159176950921032085e-03
8.380980925364243895e-04
1.230791481981133051e-05
1.009713707132336763e-04
-1.202041682508878887e-03
6.607752893254956921e-04
9.584543459072841957e-06
1.015200358137619669e-04
-4.582171895691719045e-04
-3.882662978298680938e-04
7.264772432536234791e-06
1.029573062525597672e-04
-1.055378419558829781e-03
-4.350316303653026565e-04
1.986727333572148982e-05
1.003028404366043463e-04
-7.111353989837775492e-04
-4.937269012199631268e-04
2.164547959010456492e-05
1.019092775392097569e-04
-1.067974694705480822e-03
-1.417323558009810731e-03
1.913917479562693462e-05
2.180510007897859442e-05
1.046266556274579068e-04
1.027693604015010874e-04
3.971173225415666427e-04
-1.313557167551365062e-03
1.178317907384558673e-03
-1.022331212799385772e-03
1.711016660384908803e-05
1.040973516830358319e-04
-1.446774950987487389e-03
-8.558462739620372785e-05
1.499305539255071672e-05
1.205425530243404319e-05
1.035020394037622756e-04
1.050554077813722843e-04
-8.073965627989806429e-04
-2.415610488161542332e-03
2.966872583562545898e-04
8.476087777190884770e-04
9.916479143138171498e-06
1.049761654504046982e-04
-3.422973052888886574e-04
-6.550127729949571697e-04
7.527592904405371574e-06
1.057532594637005676e-04
-6.896073255643964724e-04
-1.367578488295082039e-03
1.940573993797987387e-05
1.059612029311895093e-04
-5.263194831690153226e-05
1.814618440199052820e-03
2.201614320135193744e-05
1.071858902638339774e-04
6.719547847161562015e-04
1.335253768305556549e-03
1.691400483938794834e-05
1.566909474385607304e-05
1.078171879916525467e-04
1.063271979122584271e-04
-1.700907231195710780e-03
-1.102617563238581823e-03
2.039035463795424831e-04
1.093889983288352666e-03
1.281624200694181204e-05
1.062593908979558909e-04
-1.732751322995599219e-04
4.754473276946414315e-04
1.123437600655382567e-05
1.074936918436604000e-04
2.391160227311348648e-04
6.779780524246383942e-04
9.219229970451311699e-06
1.072908192835995647e-04
3.496873926487509710e-04
-2.497041583869934146e-04
7.801422754794918105e-06
1.084795094062280450e-04
-5.736737772165893942e-04
3.350954642473471514e-04
1.844258039626878290e-05
1.080949681227027310e-04
2.101405999570744897e-04
2.243536879771703481e-04
1.741445011700748871e-05
1.097288906884725791e-04
-3.399650922869082198e-04
-3.682356728978783823e-04
1.544748245924343040e-05
1.104264278856183516e-04
-9.507279892916149430e-04
3.350685701419699831e-04
1.306668537971776067e-05
1.091851077768954327e-04
-5.352534636551364942e-05
7.393933917447132473e-04
1.038601056684086799e-05
8.099710346667351614e-06
1.111840799671638837e-04
1.098141327024894755e-04
-8.647547484545610181e-05
1.105898890139959479e-03
7.717456831293200434e-04
4.460378594005934803e-04
2.048501519531148506e-05
1.083060305771446738e-04
7.459930552900659534e-04
3.971868940859087723e-04
2.226490911986112059e-05
1.097720470374671342e-04
3.559893597057702929e-04
-9.726050405519093538e-04
1.985793950826516432e-05
2.259661664995356802e-05
1.124179779110863145e-04
1.104941268995924132e-04
1.418969313945827411e-03
8.101772344526346394e-04
-5.322741080140925771e-04
-1.251672213770448072e-03
1.774395283065311921e-05
1.119830856790702585e-04
-3.359284029242813282e-04
-4.462381478733548428e-04
1.541092624453702231e-05
1.273326573734806218e-05
1.116890717345307715e-04
1.131333859083625735e-04
4.214925396900606356e-04
-6.595705104868483789e-04
1.012142568050532990e-03
-2.585323131925352310e-04
1.062465662907063769e-05
1.130100530255424162e-04
1.678748935151257084e-03
8.116503381688187089e-04
8.403300153825787349e-06
1.136626839304938331e-04
1.025998607829542312e-03
6.920343514640507968e-04
2.022300490049769089e-05
1.137512217106612122e-04
4.558107943834006004e-04
4.256075326998672286e-04
2.292954335226093712e-05
1.150862395888824409e-04
1.089987173061671274e-03
6.096924585968579741e-04
1.750747723294880404e-05
1.557738769288165707e-05
1.157325843247403228e-04
1.142603366429537277e-04
-1.941097811338035899e-04
-2.259552277648322335e-06
-6.758423297432952076e-05
-2.752290315371421913e-04
1.331776373022656028e-05
1.139709193451654876e-04
-6.088682235791392913e-05
2.279934905308201093e-05
1.182248910679658109e-05
1.153264286637572139e-04
5.847650942365321004e-04
8.940197308720219949e-04
1.000582614375549712e-05
1.151015291401187736e-04
1.564237529351770973e-03
7.895569238620016176e-04
8.707098216122487232e-06
1.161676205284659601e-04
7.183236139543781006e-04
1.145086759041349109e-03
1.939250003530558795e-05
1.774022004592307848e-05
1.174074988539424303e-04
-6.493713664394675693e-04
-6.115708247697470472e-04
1.159949358095112363e-04
2.453033002517677769e-04
-3.869756110141937908e-04
2.144856651919675657e-05
1.162038486189945322e-04
8.724136397683728786e-04
4.967070973864918691e-04
2.318209559384473234e-05
1.176526530285375538e-04
7.440204258678071326e-04
5.545075476545779187e-04
1.367101631822074119e-05
1.170255254743542269e-04
-6.487635223600691625e-04
1.057257960545531384e-03
1.110124118737797418e-05
8.951104876452162335e-06
1.188109795357232540e-04
1.174900041546707091e-04
1.175036535698228442e-04
1.044354240889107865e-03
2.229576692923572944e-04
5.435929017401402085e-04
1.582088822672773838e-05
1.182760285999620564e-04
-1.048031972409438611e-03
7.466384986784696824e-05
2.069579039521166010e-05
2.337196107006335937e-05
1.201586243276713727e-04
1.184207801924499597e-04
5.799665913844253813e-04
1.239731204017227367e-03
5.919290685911388896e-04
6.442229139692120122e-04
1.840859274711904484e-05
1.197570874867902177e-04
-2.328400484193885345e-04
8.048154268424850886e-05
1.601936325466699122e-05
1.351519851922328893e-05
1.143533903615810225e-05
1.206807095782048994e-04
3.785348259644849360e-04
3.305437530065820519e-05
1.193250363011483397e-04
-8.539904498514579514e-04
6.370141792753486725e-04
1.206043818954809769e-04
-1.166320790280620228e-03
8.057133216235955967e-04
9.194819561664492006e-06
1.213984152961780405e-04
-6.330401694953491766e-05
5.464127852151708239e-05
2.100459488436662138e-05
1.214109024863517955e-04
1.074584273305145832e-03
-3.287438557683106458e-04
1.801995879263693730e-05
1.219708194351930937e-04
-7.934429909253569576e-04
6.262031017509736488e-05
1.610055000673311524e-05
1.387834094031817822e-05
1.230962501770788164e-04
1.218625118992723398e-04
-1.227899244694518081e-03
-6.306277795762257627e-04
6.251286957571390449e-04
8.702058315599284265e-04
1.239905069190600462e-05
1.229363158833735525e-04
-1.957227874765644872e-04
7.558809918270127789e-04
1.070795230108764958e-05
1.227203239599893589e-04
1.834681518515388023e-04
7.068598788226365193e-04
9.360477024448730186e-06
1.237638758949587364e-04
-2.998801668481688889e-04
1.519734145790112203e-03
2.354262314428542534e-05
1.226885001521138183e-04
9.278457321743312051e-04
-7.784235540242343508e-04
1.999470715155363129e-05
1.827975480335270318e-05
1.236411077303646317e-04
1.247638550439040454e-04
-6.615995252510546384e-05
-1.204780236735757213e-03
-7.912583015877002130e-04
-7.263341035739585751e-04
1.581854790545857926e-05
1.385244688059393139e-05
1.243726330701956661e-04
-5.209309874644984769e-04
1.098732092505507428e-03
1.254416330018374233e-04
-1.357114852953169443e-03
1.428171289930778819e-04
2.202008125195347127e-05
1.238401393600760576e-04
1.132255951345760830e-03
-1.069298514353445679e-03
2.369247165216339333e-05
1.252417632738456871e-04
3.286726353040444115e-04
-1.839600473643927944e-03
1.167557956573681867e-05
9.532277049021807132e-06
1.262703228010182515e-04
2.411877543999546352e-04
2.308809356046280774e-03
1.249421431389976004e-04
-3.270002771488753350e-04
1.787213971802426677e-03
2.122297991153763256e-05
1.258575267975579664e-04
1.544270073416948829e-04
-7.894514720710905931e-04
1.946318269740114938e-05
1.269828741739673561e-04
-3.967340388615668372e-04
-8.991328224849471978e-04
1.766659544042233058e-05
1.617053896025981327e-05
1.277730801480443407e-04
1.267945656388588371e-04
-1.761115614518074177e-03
-1.386079773268783554e-03
9.801814755313649355e-05
-9.175331433998210962e-04
1.390581207861582588e-05
1.201536791296745715e-05
1.280198265403759052e-04
-7.714231955195962036e-04
1.850227577890779795e-03
1.265543336194100603e-04
-6.695717931686052211e-04
1.017915291130414577e-03
2.388965164546110693e-05
1.277050631955365973e-04
-7.371334699836827814e-04
-7.268922398534562483e-04
9.746455479921840094e-06
1.287817683114748110e-04
6.748823374967616784e-04
1.671725765256238793e-03
2.149409586275919244e-05
1.859586344192733925e-05
1.288885098123987211e-04
1.290157507102240029e-04
8.189011046189329814e-05
-5.295571041399993028e-04
-7.999766341614867639e-04
-3.001707893519623143e-04
1.657649619657912383e-05
1.447332075648812423e-05
1.303826852999936860e-04
1.290619312161317422e-04
-1.289218128395375239e-03
-7.743538778162627981e-04
7.558527654952267765e-04
1.039266253369233858e-03
1.301338370639596394e-05
1.301791071794022501e-04
-4.927892596892360314e-04
6.897335808838218289e-04
1.134676200890458352e-05
1.301538643697967520e-04
-3.805832164380198350e-04
7.116361833250343808e-04
9.932305135682076099e-06
1.312171015033424481e-04
-1.742172366207816190e-04
7.814932406246096136e-04
2.403509644473372946e-05
1.301251951606339965e-04
-1.411476548234649785e-03
-1.651404942769617778e-03
2.051222881411694858e-05
1.873206283590014503e-05
1.321054733049755175e-04
1.070132833342925244e-04
3.684066042796319712e-04
1.308872657687840644e-04
1.884634948859803346e-05
-6.552140513250123742e-04
2.245407841835591746e-05
1.311940428277948633e-04
-7.777329488381501399e-04
-1.308328995888169768e-03
2.411794935990459302e-05
1.325653570711397345e-04
-1.303255212260923807e-03
-9.201322006521116172e-04
1.441442687910482138e-05
1.316215722028675592e-04
4.240308375554445865e-04
8.138566715063187120e-04
1.638781285440225793e-05
1.327554156817633418e-04
-5.214009906729466601e-04
3.243717772982949044e-04
1.227342822620942868e-05
1.005380603011551438e-05
1.337110896787987102e-04
1.322320662334464927e-04
-3.153202854407987607e-05
3.686293510199955653e-05
2.073371631942209567e-03
8.870809342073796922e-04
2.180374580706139037e-05
2.422802495058777822e-05
1.349302754482557408e-04
1.331801095531381766e-04
-1.981054729300216026e-03
-5.527729210312074502e-04
-1.169315090813349009e-03
-2.043526452205140457e-04
1.990694868059316735e-05
1.342533022620751818e-04
3.790280348764589295e-04
-5.453117499195192074e-04
1.819251092655393490e-05
1.674130249298575943e-05
1.350186883027048039e-04
-1.802830304917898605e-04
5.999148305894474835e-04
1.443725206338118864e-05
1.257066074300464363e-05
1.352977944995556795e-04
4.646413367456313242e-05
2.585387186036245625e-03
1.337857908111350354e-04
8.606334750954970940e-04
1.049313338579510851e-03
1.340899758692046684e-04
4.677301486615999802e-04
-2.290338320241775425e-04
1.025314265324512600e-05
1.361126350418289104e-04
8.523986890189674034e-04
2.334675711419592105e-03
2.183862375181577222e-05
1.915674563983118069e-05
1.360552028950998344e-04
1.362158479821754681e-04
-2.646695276303599048e-04
6.369284542183026570e-04
-2.242917245670369118e-03
-1.356881985437575610e-03
1.729691746395628651e-05
1.375608987770122918e-04
-8.133165177722296224e-04
6.522981805604773173e-04
1.530043711568511173e-05
1.381395421199331324e-05
1.373580372093915689e-04
1.360940669737016650e-04
-4.791261867715439974e-05
8.274553916070585737e-04
3.477314181185408703e-03
1.702726134141949177e-03
2.435929179116630417e-05
1.373302805565159411e-04
-1.313677714291493920e-05
-1.380290167869072321e-03
1.193957311346806552e-05
1.372661108723238646e-04
9.124270372718717298e-04
3.476577244817785628e-03
1.044270944726820287e-05
1.382917401591269896e-04
1.606042993109445391e-03
3.391460607598838651e-03
2.089839827109003269e-05
1.933814395689649308e-05
1.390808075991069228e-04
-1.232694873180313318e-03
-1.673580066428106104e-03
1.379775347121679730e-04
-3.333903054650297674e-05
-2.971519526424694791e-03
2.274906257454015586e-05
1.382708322036992250e-04
1.070157737175381901e-03
-2.861634456245369228e-03
2.453506619938713624e-05
1.397512792338224496e-04
2.193895127836923298e-03
-2.618928651254208515e-03
1.683618282479179052e-05
1.395036893579109738e-04
-1.867952354451389444e-03
8.480773083101528307e-04
1.487831065244851032e-05
1.280237994420642755e-05
1.063160490495298829e-05
1.406909198357957850e-04
1.392827126474375479e-04
1.683605196978633835e-03
5.777793163539596830e-04
1.307495660872799509e-03
2.888275909288909402e-03
1.389143483653470319e-04
8.777845156736386342e-05
2.925918608063259041e-03
1.565693654355179376e-05
1.377515109667705527e-04
2.220167303251111067e-04
2.484923967438203325e-03
2.221408960186361565e-05
2.472649330803449393e-05
1.421314991395211766e-04
1.402933693386596383e-04
2.962572622598320243e-03
1.240156805666862072e-03
-5.141163042635748474e-04
-2.465117212231093119e-03
2.045489898537304225e-05
1.413091204579610956e-04
-5.518666497421607139e-04
-1.251037647520393623e-03
1.875559688608856532e-05
1.728918540179208367e-05
1.421014257027920281e-04
-2.563989151214439866e-03
1.047278668306042028e-03
1.499955645064871853e-05
1.316980891002552790e-05
1.423119899949025708e-04
7.491590089141584750e-04
2.220354819140851462e-04
1.408339747302035454e-04
-2.130380833348559182e-04
1.479386257546793856e-03
1.410516480912810285e-04
-2.356208460191732638e-03
-3.450472886417721235e-04
1.078188473564644480e-05
1.432225228968891505e-04
1.592980178857178334e-03
1.155333189364199647e-04
2.240978440235879987e-05
1.977240740695325910e-05
1.432036888173466715e-04
1.433765210802452953e-04
2.026675662647145406e-03
-1.901399108599123415e-03
-1.122635899603380342e-04
8.552659599992222788e-04
1.789111612206000163e-05
1.447793008141226795e-04
-1.248936230298190644e-03
-4.689468914863638752e-04
1.590036569565979633e-05
1.435024160106284548e-05
1.444969635893092897e-04
1.432059337857809667e-04
4.792435365293082512e-04
-1.210598513314250649e-05
8.095618702759247668e-04
-1.278572995686891290e-04
2.490063246666163259e-05
1.444607893468544634e-04
3.164815927994452625e-03
1.087456402685199684e-04
1.246087589376746447e-05
1.444816303326165480e-04
1.518735631281610760e-03
1.153297555306455942e-03
1.090388143542797145e-05
1.455668149883670981e-04
1.576232487267655155e-03
2.281201676375237998e-03
2.152669932550599553e-05
1.992328817743187764e-05
1.451811085560365333e-04
1.462768629142885337e-04
-4.969617315834477263e-05
4.533806979491759111e-04
9.413017877486855832e-04
1.189323825727383195e-04
1.741069159845613765e-05
1.466908940813376860e-04
-9.189081963085995487e-04
4.358003185949167464e-04
1.545872943125258569e-05
1.326091094717365400e-05
1.099476687038543097e-05
1.477935818916354207e-04
1.465422487852320740e-04
9.366468719018785673e-04
8.965778328187148883e-04
1.972409422961412910e-03
1.796049868305526521e-03
1.461305036429276407e-04
-5.424157292840461062e-04
9.825710318336151796e-04
1.627076580425231266e-05
1.449619930907259833e-04
-5.171762480606616891e-04
-3.342011685967005458e-05
2.332679746930553329e-05
1.454453659346382371e-04
2.275325877259687553e-03
-3.255100015412595166e-04
2.499101479872904697e-05
1.467478478322472484e-04
2.160739008706729410e-03
-2.446579318418835945e-03
2.267983195617100873e-05
1.473066632262543950e-04
4.876624675999908533e-05
-9.057582045369847856e-04
2.096944562334389489e-05
1.483974809383067667e-04
1.476065537149924119e-05
-8.426351235072273389e-04
1.921042052178073835e-05
1.778828393757403431e-05
1.551918428402334905e-05
1.348579480068241241e-05
1.493286094865401261e-04
4.594757672814786293e-04
1.482647298897480466e-03
1.480180466324583163e-04
-3.193400183848232746e-04
1.484252308208723874e-03
1.491480531588941863e-04
-8.896339642865643601e-04
7.292620088091262241e-04
1.479461354513472509e-04
2.922531896164744540e-04
-1.592369346801302953e-04
1.116232160799177645e-05
1.500048983903325812e-04
-7.033091963732618877e-04
3.008222717400587786e-03
2.515154985352501980e-05
1.489455749228090311e-04
5.906436455668922234e-04
-1.516840785286854409e-03
2.286522091389686813e-05
2.009668289849247323e-05
1.501098751334724660e-04
1.501438583144772880e-04
-2.541431651778525589e-05
2.107992939355010057e-04
-1.237644393073713102e-03
-9.253345854583610317e-04
1.826301119685481872e-05
1.513970853051584727e-04
-1.207935486923367987e-04
-7.372182530153297041e-04
1.639034800316374182e-05
1.488658734970365279e-05
1.515512213557291697e-04
1.502590101762328210e-04
-2.982814810213556267e-04
3.162517277686509851e-04
2.216702096368127536e-03
2.564402682233328989e-04
1.284279835174912329e-05
1.127719967652428829e-05
1.521616757312564000e-04
-3.346736952072353792e-04
2.936403609177313818e-03
1.512469042626307387e-04
-5.279489988662523867e-04
3.007189822662416877e-03
2.531689674638676167e-05
1.512238104908585079e-04
-4.668362676523233061e-04
-2.354330939082689613e-03
2.177599513214320033e-05
1.522374301983415762e-04
4.563094788700885053e-04
-1.346090007106934706e-03
2.370017844059382710e-05
2.534392192602937156e-05
1.535279783753752724e-04
-6.488560432989593169e-04
-2.522394546139784723e-03
1.523262008540338900e-04
-4.652066316701029066e-04
-2.121998649993237559e-03
1.996879087360567214e-05
1.857958063263261079e-05
1.537939840122634866e-04
2.750533242469721377e-04
1.653441993774901198e-03
1.521852780535201438e-04
1.053808047242963709e-03
-6.381143167581090642e-04
1.686899528125825602e-05
1.521114098474778359e-04
3.837193820168768079e-05
9.801751966287603791e-04
1.618859765061476640e-05
1.536652178180325317e-04
-2.381773245220049785e-04
2.264878573872593226e-03
1.362576433451743512e-05
1.137534326294191057e-05
1.545230719750582623e-04
1.533961451560976246e-04
-6.428858252814381811e-04
-5.020493965744195338e-04
2.950494946346681694e-03
2.571714657186618611e-03
2.309679869023516832e-05
2.534703082584166198e-05
1.557060110093087292e-04
1.543850060874175912e-04
-6.086600014909816173e-04
-6.115156991477016220e-04
-2.834544619152892624e-03
-2.207656185767184302e-03
2.085828192297979616e-05
1.783083987004621456e-05
1.561482682681573865e-04
1.558741355693912627e-04
-2.214480407087955854e-04
-2.661414720694303248e-04
-1.474466886548349504e-03
9.431308622088390792e-04
1.536394014313797321e-05
1.319654152524826319e-05
1.557337974408684871e-04
1.556172759136766829e-04
-3.230324215804801676e-04
-1.127436441038203244e-03
1.698035009739125170e-03
2.411850102824087023e-03
1.153505942194245626e-05
1.568237041378703789e-04
-9.247208193431952564e-04
1.494775262221612316e-03
2.064606724459781443e-05
1.537937868235892704e-04
9.179994114842400911e-04
-2.060734755268366070e-04
2.354810002673173884e-05
2.294811597975000213e-05
1.580622095539622280e-04
1.563870687154422367e-04
-5.341925358227202431e-04
-7.987980779081334812e-04
-9.711309773423108761e-04
-2.376784783636898702e-03
2.544771519793149258e-05
1.578427313428373076e-04
-2.399534686363524055e-04
-1.614969976601273978e-03
1.909438473502512288e-05
1.579966819968014905e-04
-8.898854775411734700e-04
4.334291126117912436e-05
2.118179912619054663e-05
1.585969898847420709e-04
-1.733640835443901718e-04
-2.785542420228703082e-04
1.672147954861739368e-05
1.581959203994808319e-04
2.134282370822955445e-04
1.026898510123794815e-03
1.420109294078635879e-05
1.574629445287936431e-04
-8.697876197252004228e-04
1.644107254916850986e-03
1.313413594262408911e-05
1.586306970536603613e-04
-5.541947703355942908e-04
1.723115702176055688e-03
1.170115041737250890e-05
1.590053573395795977e-04
-5.745971609243793327e-04
1.706151660855192769e-03
2.234107761944281663e-05
1.605721581203743990e-04
-2.690871181108463466e-04
-1.153123914183332751e-04
2.404302110401510125e-05
1.595535119937737615e-04
-7.642486848659470807e-04
-7.195714948940264881e-04
2.556212563071664538e-05
1.601772852351890733e-04
-1.174938018055814593e-03
-7.969667314938136274e-04
1.864124926945323995e-05
2.046836953837723186e-05
1.600556624654366313e-04
1.600438209147994476e-04
-4.329846129599307781e-04
9.329119113893451231e-05
-1.937404544991386539e-04
-1.836542563418159927e-04
1.499662615058569439e-05
1.597493644087290136e-04
-2.564784527105542990e-04
1.847358845034051530e-03
1.325777235414067758e-05
1.183942983869332836e-05
1.611014393915780551e-04
-4.427331629656893960e-04
1.927150014231016626e-03
1.600532027646566619e-04
-2.329704392841702514e-04
1.850319634403434308e-03
1.700470354907923661e-05
1.602695192238598367e-04
1.416361655281180921e-04
7.653253632531537617e-04
2.343149967739658636e-05
1.624187752911529481e-04
4.821484988772709881e-05
-1.259864813120843306e-03
2.562030681784693194e-05
1.622694332804165782e-04
-1.560716010453996796e-03
-4.970387078757526915e-04
2.407827814256210551e-05
1.610569152168875708e-04
-9.396765305523047465e-04
-3.295078476196117482e-04
2.202311218280407444e-05
1.623771497278380727e-04
2.494100416294460238e-04
-1.236718372125199077e-03
2.067659902959059979e-05
1.829353498567986381e-05
1.620485150716976727e-04
-2.102915282357057021e-04
5.705662403872175086e-04
1.617225248901897649e-04
5.435022102642654866e-04
-3.433715486233426947e-04
1.431083066733291595e-05
1.337697905386095153e-05
1.189854323986573663e-05
1.632494469127770986e-04
1.632416618317121602e-04
-1.483703087070242625e-04
6.979326458925300646e-04
2.137710125456666454e-03
1.960209478719410117e-03
1.615901489531090189e-04
2.933913466246839763e-04
1.803125487718982862e-03
1.618188020728711273e-05
1.613902634886317901e-04
1.602785900629606771e-04
1.213381494002653159e-03
2.218049987109518758e-05
2.431721520166963657e-05
2.578859593549244893e-05
1.643326724658300075e-04
1.639134327806496564e-04
-3.922825976177446612e-04
4.695609131797065045e-05
-1.809352266091759703e-03
-1.804530439823606074e-03
1.639924366830933157e-04
9.903533157375554816e-04
-1.366855083533551757e-03
2.008929133721848315e-05
1.883996108073359268e-05
1.615757757632624837e-05
1.419053814830506042e-05
1.196867586155304800e-05
1.655140127190837221e-04
3.744808038987374062e-04
2.266238261686379877e-03
1.648171303610634333e-04
1.017718019352836963e-03
2.004385747026980660e-03
1.635147616533629586e-04
7.609650969204829812e-04
1.267956501657156992e-03
1.644566911379346694e-04
-9.393839331447695860e-04
-2.006385665245138234e-05
1.631085810989864186e-04
1.528294723891598765e-04
-7.516999136045048610e-04
2.382650909779645315e-05
2.587784851783391361e-05
1.665797121388680089e-04
-6.679131817301521535e-05
-9.166156228067333421e-04
1.655815334976329649e-04
2.402070813933235174e-04
-1.106172669190210942e-03
2.246179928695576485e-05
1.659088015615836121e-04
1.152402815872191058e-03
-9.355810494196373272e-04
2.089368353374498056e-05
1.932393813807873747e-05
1.666885243416654783e-04
-9.602869380033301474e-04
8.623882444182980576e-04
1.744080547102097253e-05
1.655774645294237201e-04
-9.315058257028287084e-04
9.186268322701361330e-04
1.580731208032580109e-05
1.410718030033894311e-05
1.209018564823634624e-05
1.675944183004488800e-04
5.254230647910329045e-04
2.561988414661554511e-03
1.665927920022006322e-04
1.154494101298045089e-03
2.089773138395994382e-03
1.652862929400431024e-04
1.205484781888498114e-03
1.608246285730424155e-03
1.657475975115910377e-04
5.144413778691725057e-04
-3.416784209323357985e-04
2.411165016325271022e-05
2.592781706274759681e-05
1.687397890526460284e-04
1.070031375197171009e-03
-1.397070782720415865e-03
1.674587201967496714e-04
7.101990650146705218e-04
-1.693271919825502757e-03
2.235076610822778138e-05
1.676175942370741571e-04
9.641380972015702695e-04
-1.096536174966582190e-03
2.071323881044927995e-05
1.942333625049755226e-05
1.789992216427111816e-05
1.686855406138308981e-04
1.673420815582311546e-04
-8.027286810844592871e-04
-1.058876742815498175e-03
1.288673915136107247e-03
1.422425599392153697e-03
1.614880608530555212e-05
1.474313463412137600e-05
1.692083391850828086e-04
8.805309274368085855e-04
2.269047212263481696e-03
1.224010361328039861e-05
1.697979773379325763e-04
1.292237045746497419e-04
2.770943556043642658e-03
1.676040528930934593e-04
-2.562807755984610044e-04
5.443405121663859444e-04
1.671073024258084335e-04
6.201688032851833138e-04
1.681108333850222809e-03
2.372056763484600429e-05
2.608135828591991764e-05
1.707682626195245856e-04
1.697885296592789280e-04
8.861878447354088785e-04
8.290031449509769257e-04
-1.581169178970238693e-03
-1.007947805178425376e-03
2.147088997860623544e-05
1.692818492135462116e-04
-3.971268730186975141e-04
2.861094731257907099e-04
2.033783439557752216e-05
1.710066855060387019e-04
-6.032579773071332797e-04
-1.373480963442853060e-04
1.858433071604510549e-05
1.708268738097102246e-04
-2.181335096593687922e-04
3.287703544229435607e-04
1.700165978513009019e-05
1.730848875581637834e-05
1.689829367232092018e-04
-1.942196365318269542e-04
1.290024202598886744e-03
1.708533192231693272e-04
9.978649656664476022e-05
1.127385558241072354e-03
1.550460565824806434e-05
1.710451566510871890e-04
1.703200580412367023e-04
1.974054112670887203e-03
1.393763918811200278e-05
1.239700714257534112e-05
1.717904526299035084e-04
1.707979621696496299e-04
-4.170274177717775031e-04
1.567715079671849103e-04
2.521688585491882635e-03
2.657398812102103932e-03
2.182222360855264254e-05
1.711796967480961847e-04
-6.544157631263750139e-04
-1.033462628220028481e-03
2.162598297764643744e-05
1.729130642436409139e-04
-6.648354065857483728e-04
-6.067762446520034688e-04
2.321436145570632688e-05
1.715178902641463022e-04
1.808575487558962804e-04
-1.567738474107402153e-03
2.460096475126124122e-05
2.625039001287019595e-05
1.730028051799627513e-04
1.715216467094367347e-04
3.728499463837974134e-04
6.771587059266290795e-04
-1.508895623616843176e-03
-1.591903772913164008e-03
1.946454955153278840e-05
1.767151658138165190e-05
1.485841020632372485e-05
1.723153997195923384e-04
1.727811932526101472e-04
-1.619083547317595327e-04
1.025332542482302868e-04
1.872888501231227167e-03
5.329526132147212455e-04
1.722458658843118579e-04
1.447548211810399188e-04
-8.159600646984177530e-05
1.387827917845891338e-05
1.733918315702139001e-04
-5.421720954423706398e-04
2.289560242233983686e-03
1.243846773557737658e-05
1.738093307015518656e-04
-6.014968217154037034e-04
2.437198640446466922e-03
2.308088726692203235e-05
2.386525010328561185e-05
1.753163323677540465e-04
1.731263291460100984e-04
6.316403406353121022e-04
6.855023599694492651e-04
-7.589414156038528292e-04
-9.674202441996758656e-04
2.486922704295804794e-05
1.744520159159755309e-04
6.611742340052847089e-04
-1.104538156133791837e-03
2.626643771686628496e-05
1.749439724351256641e-04
2.557982911466674908e-04
-1.902675755894044128e-03
2.012662922926549715e-05
1.951616840735509895e-05
1.749488263129033209e-04
4.085729898151191407e-04
4.474842714164592406e-04
1.736234477801758410e-04
3.597281876533039427e-04
-3.157795013539546353e-04
2.115307487123746735e-05
1.748251660510869235e-04
1.698021606509729237e-04
-3.366560535573718724e-04
1.579937687685261432e-05
1.744163126167781589e-04
-5.882252121159419443e-04
1.903557679052213280e-03
1.396664588062613588e-05
1.243552591088056609e-05
1.759825070471974248e-04
2.118677447504592427e-04
1.395876738762771765e-03
1.747979750157470412e-04
-4.972995368262794844e-04
2.410046668757220498e-03
1.785235232539411778e-05
1.750258215428957096e-04
2.240519800073636581e-04
1.134271106531736838e-03
2.409999394531840564e-05
1.771380262242071291e-04
-3.202779909071207850e-04
-1.819432863339607003e-03
2.629454056272580978e-05
1.768321748028629705e-04
1.836439400574169361e-04
-2.793659437877449563e-03
2.478065846616813993e-05
1.757304807969277427e-04
2.690752234420488477e-04
-2.091159904177642033e-03
2.274437778962776162e-05
1.771088549793584284e-04
2.952074208488165378e-04
-6.769963332519980670e-04
2.137541197243894196e-05
1.905286044476977615e-05
1.768295809466535599e-04
7.251146812342926197e-04
4.749801640148966714e-04
1.764211503362666936e-04
2.700780205482803471e-04
-6.791124767348662638e-05
1.501250984294758567e-05
1.410410990913093905e-05
1.781741020412982274e-04
-8.786870102152946052e-05
2.123409493372845763e-03
1.764776447163998393e-04
-4.331592184268895493e-04
1.492075552169623001e-03
1.702711642965798640e-05
1.762187829548093974e-04
2.635953979775701626e-05
1.006845886445510230e-03
1.256070943630471735e-05
1.781333070454603430e-04
-1.949329132704669652e-04
2.124761496541447900e-03
2.282101043301263578e-05
2.485898382633184878e-05
1.787556538151852657e-04
1.786753230191682367e-04
-3.689250814623556149e-04
-4.546820001922630703e-04
-8.128245935355668007e-04
-1.096328647196718022e-03
2.639652068280160899e-05
1.788884303773224428e-04
-1.464484304903911419e-04
-1.392219179792967719e-03
2.122340313719629375e-05
1.946808210284251708e-05
1.792753765696767341e-04
7.138428839815171229e-04
9.937407518857525619e-04
1.685401800282784404e-05
1.785118507763519416e-04
1.894698061688245385e-04
1.963420505361176960e-03
1.485652241304497731e-05
1.797246629275461123e-04
2.818956365549638273e-05
2.795773132929431012e-03
1.270891717005225157e-05
1.801388974008309349e-04
9.001245396416739607e-05
3.596879461311831058e-03
1.781629536191628763e-04
1.817965352716037529e-04
2.584228786006359437e-04
2.435407907980035669e-05
1.801414663887160946e-04
-6.673710575206283878e-04
-3.373219281764205609e-04
2.648068119094541090e-05
1.809243638122061144e-04
-9.183495515120315179e-04
-3.690270873155331022e-05
2.157267120759172069e-05
1.965586074924625276e-05
1.802275985199364736e-05
1.815265510592256452e-04
1.803249028730673426e-04
5.030493704106395398e-04
1.906002481611227797e-04
2.203246122982518008e-04
1.010390164391352210e-03
1.644134068017157394e-05
1.803089409959486241e-04
-6.531742012682066004e-04
1.506553333057383207e-03
1.444715025960094575e-05
1.811450681283248551e-04
-8.735209641021945883e-04
1.880919993192240250e-03
1.283086172184050465e-05
1.820303020207410889e-04
-1.543917855475113773e-04
1.333673468026206829e-03
1.805259402195081360e-04
-1.892951627755862459e-04
-2.615821167734420482e-04
2.309192704577378460e-05
1.806060563442130529e-04
-5.134257151775524448e-05
-4.822440574751885077e-04
2.480657318996925287e-05
1.817102698468650883e-04
-7.237765820056899294e-04
-6.594613067732581300e-04
2.323603828777007877e-05
1.822698612412243730e-04
-7.104726559739010225e-06
-6.427100293860319152e-04
2.153818953497003763e-05
2.061245535450364076e-05
1.855650378986730266e-05
1.840281208682333167e-04
1.831175874139463983e-04
1.627978286987963753e-03
1.090914174481960033e-03
-8.524737642816572437e-04
-3.246992792082383059e-04
1.765996415260501180e-05
1.817563902687868369e-04
3.009737674727895910e-04
-3.846857882348693507e-05
1.593253664951785963e-05
1.421408205260671499e-05
1.819990537315732714e-04
1.825194901839472710e-04
-1.162860575120280545e-03
-8.977534434678232766e-04
4.773618472210295369e-04
1.192587397606821326e-03
1.290027026592079511e-05
1.840782133473317260e-04
-5.663041388961637806e-04
2.098097926232169244e-03
2.652155322234543553e-05
1.828587331822828608e-04
-1.168242048985187326e-03
-1.046670234628696659e-03
1.823477838757935608e-04
4.587589699632869640e-04
5.297103028379580750e-05
2.518033973594568090e-05
2.427333136629087856e-05
2.256847823771660061e-05
1.841617854757998684e-04
1.838047934895620651e-04
-3.689567279970219142e-04
2.551368470256600517e-05
-1.247934631569633419e-03
-9.097406637659942365e-04
2.246442512205344257e-05
1.854241875086186635e-04
-2.403725692593337244e-05
-6.458027883210973189e-04
2.138329656873558135e-05
1.860852623809558070e-04
3.033126109408881290e-04
2.375898210394612904e-04
2.001316691076131799e-05
1.866329597736018193e-05
1.848003279263451149e-04
6.720245760703960451e-04
1.599290243972557391e-03
1.859851034326208419e-04
4.631707110420127025e-04
1.247410809572906554e-03
1.831500347670320876e-04
-9.777099846894445664e-04
-9.007375136591573963e-04
2.660211466778366108e-05
1.848456681856941084e-04
-4.981504624479433756e-04
-1.943695146024167046e-05
1.702012223106317824e-05
1.501175709573535832e-05
1.837198384721295305e-04
-9.513624996017346330e-04
2.141036381757534680e-03
1.437223845253133990e-05
1.299258211386711921e-05
1.860955710092602198e-04
-4.471906555325107398e-04
3.548501731625841853e-03
1.850409796726487535e-04
-3.214154025789942005e-04
2.890335678449039523e-03
1.837076426801494903e-04
-4.750305366018180847e-04
1.201579688199790920e-03
2.377568801400404712e-05
1.855873407426190675e-04
-7.858105157798749322e-04
-1.055210736360291755e-03
2.308480678911108540e-05
1.874954403888351602e-04
-1.698208728148438342e-03
-1.252965082880219813e-03
2.116984096646627121e-05
1.874447668781481589e-04
-4.883533851217840369e-04
-6.552609661492997352e-04
1.966476097141636682e-05
1.875879806796072009e-04
-3.328202616036452150e-04
5.634231682528560541e-04
1.828864428325623713e-05
1.726451090793939798e-05
1.855330799959826712e-04
1.870564022070023830e-04
-2.049629344667911314e-04
-1.165152511217650434e-04
2.701694880812034565e-03
2.030937544474724875e-03
2.517585826050484986e-05
2.663091640238713159e-05
1.869836898996733818e-04
5.451403447140454502e-05
-2.529118834897101445e-03
1.856828593143438320e-04
1.149182705967636512e-04
-1.286537857783951432e-03
1.585954731070752941e-05
1.851325661358776682e-04
-1.343004196467419880e-03
2.666143723830695627e-03
1.523407583233843029e-05
1.448487258102859876e-05
1.874784699962370616e-04
-9.327616531169220316e-04
2.853499205340065490e-03
1.863625497218805401e-04
-8.439071766839575809e-04
2.266000692528682622e-03
1.309220619389679497e-05
1.880088718549328193e-04
-5.232185997254963595e-04
2.610066898001886255e-03
2.441148441757455228e-05
2.523004808579820880e-05
2.361769985735820415e-05
1.891386950822078732e-04
1.881445185601543502e-04
-1.131034581905246373e-03
-8.877444344624547175e-04
-1.525178080609922680e-03
-1.954063468528316212e-03
1.869598879087048095e-04
-1.026913536523641228e-03
-1.604890585631317621e-03
2.214727706358392167e-05
2.045235367857106617e-05
1.888409185750137295e-04
-1.116442625243505449e-03
-1.378879773053822951e-03
1.829194972735698099e-05
1.886099390932482968e-04
-5.748570229080231502e-04
1.247711231414094790e-03
1.620891362063539478e-05
1.653204874479334468e-05
1.887510910271773823e-04
1.870336791992439083e-04
3.542295613356793407e-04
1.925897520757962342e-04
2.191912559706681463e-03
2.585164931141531973e-03
1.889723595686818556e-04
-6.401030771553436853e-04
-1.905791846155009987e-03
2.668615806656627002e-05
1.889025309797409040e-04
1.836526210518270134e-04
-2.026045630962501187e-03
1.441386773207815109e-05
1.313742387980654785e-05
1.898521880203593029e-04
1.212241967444265808e-04
2.652551643760909118e-03
1.888532327051602926e-04
-4.050884000068015619e-04
2.842022053563791027e-03
2.509063634940453827e-05
2.680246926366018555e-05
2.464273506630288238e-05
1.907508673006911464e-04
1.908064497558132288e-04
5.441999457422049121e-04
-7.455796214081124784e-04
-1.370748296186493709e-03
-9.324813625308191450e-04
1.894666207175133639e-04
-7.111617937266374520e-04
-1.778072638912593520e-03
2.285659227436630996e-05
1.907500938286050434e-04
1.034621520204486041e-04
-5.396371040317390986e-04
2.151094774387112365e-05
1.943578100300113177e-05
1.907876776484995578e-04
1.901539617295837814e-04
-1.868940814013305904e-03
-1.783629591393190992e-04
8.570174733872893942e-04
-8.059518999160951566e-04
1.724540172319178572e-05
1.538617956084298893e-05
1.474387185432215390e-05
1.918280702751280905e-04
1.160670992032062764e-03
1.845767313709682474e-03
1.323714938884647801e-05
1.918208207201785754e-04
1.220241128321560356e-03
1.608371466093429843e-03
1.903686031584137081e-04
1.903013847167561799e-04
3.897076497837726199e-04
3.104315801581233967e-03
-3.336492178823485463e-04
2.011782616054905160e-03
2.536783007572767284e-05
1.924187965433712196e-04
3.488823203540641427e-04
-7.820360639537853606e-04
2.688527354772267557e-05
1.926250897735671673e-04
7.253006433116444178e-04
-1.298817255418177347e-03
2.394386076261310041e-05
2.252821234011665594e-05
1.925482342233084598e-04
4.956095341954193899e-04
-1.767845193242459129e-04
1.924051251302955686e-04
-6.815715030432540082e-05
-6.108991717442545941e-04
2.113937168727754294e-05
1.915828257433342338e-04
2.777765082065434220e-05
6.019800361253073960e-04
2.010441227740837546e-05
1.873557807854829980e-05
1.928835171616508277e-04
-2.345358963258292490e-04
1.466353883399470212e-03
1.754120958465928292e-05
1.612596402978780345e-05
1.920307921659555970e-04
-2.932586245456926858e-04
1.376414697536915664e-03
1.919822526287737956e-04
-3.587484063844687617e-04
1.178246833316694275e-03
1.924245495917732002e-04
-7.354212094133852785e-04
1.218610327739692769e-03
1.334705405888288666e-05
1.561203608801224325e-05
1.937711660155176836e-04
1.932280228845882544e-04
2.629407781387379552e-03
2.781184002263631144e-04
2.877510513642832484e-03
1.762058708368320972e-03
2.695999527797446051e-05
2.463560083461181394e-05
1.944734124449032560e-04
1.936594092749732026e-04
1.014506291179424194e-03
6.918489087298863773e-04
-1.780062286135874767e-03
-1.193693412158583532e-03
2.341369619923892200e-05
2.189752840719683713e-05
1.942114628992574327e-04
1.942438100551736315e-04
4.716229648516321758e-04
7.743093724529191355e-04
-1.243831003702320281e-03
-1.467898264121713465e-03
2.122909727227229824e-05
1.929318148110470844e-04
2.133203419402280828e-04
2.761214858910286327e-04
1.997963517605139691e-05
1.939183526990206333e-04
-5.694669200849550826e-04
4.745919873827714208e-04
1.845959682908025095e-05
1.698556073168654436e-05
1.941352468385267613e-04
1.939058963740785812e-04
-1.597700195600804129e-04
2.159325271356163584e-04
1.498668268212710814e-03
1.949125986587881172e-03
1.512023578256023530e-05
1.948704503446492499e-04
9.392838970618145461e-04
1.229389084476605618e-03
1.345626768040819353e-05
1.957815995393320135e-04
8.508394709625951386e-04
2.286072611466949227e-03
2.527750733854657253e-05
1.952225039720483879e-04
1.118491792190183564e-03
-2.110609875759809559e-03
2.394522359282471438e-05
1.960178241733777555e-04
3.313982410170506106e-04
-1.850984350124766382e-04
2.217844293443924864e-05
2.048800070528764274e-05
1.953046732405923022e-04
-5.571282471888542882e-04
3.301395095620223699e-04
1.955548800582437732e-04
1.124698345307402828e-03
2.100546472420374098e-04
2.706111756913438397e-05
1.963385466727587947e-04
1.444821683048674041e-03
-2.547712687950661869e-03
1.859698430347196370e-05
1.956642841362829857e-04
-1.498050143740462577e-04
1.014214811183306551e-03
1.637724825240913787e-05
1.478206721059610596e-05
1.959137980899678983e-04
1.963956812351550440e-04
7.852471828748271371e-04
3.008566425614923422e-06
2.152227529300448027e-04
1.280243093776998022e-03
1.356164998696617295e-05
1.976962847239473263e-04
-1.184664889332598002e-03
2.372397673852129959e-03
2.573845144706231271e-05
2.477504878789212476e-05
1.977696413244984814e-04
1.967502538373695114e-04
8.736524044709061121e-05
5.364181246358977256e-04
-2.175307618021514575e-04
-1.145205384511125682e-03
2.715415289624407107e-05
1.982001784621050585e-04
7.843285667961689619e-04
-1.061239220416815071e-03
2.315791493124414865e-05
1.975662857359268478e-04
7.789736266499320020e-04
6.399488868322891289e-04
2.186610083098017594e-05
1.969198872389960205e-04
1.163919518934336279e-03
1.157134419238761312e-03
2.058285964017112356e-05
1.918441293803749116e-05
1.980697940876194351e-04
1.620596559825663230e-03
1.046384951049724897e-03
1.730413509673075088e-05
1.568159164778358574e-05
1.974846098553253060e-04
2.013838148357249825e-04
1.795834464577573085e-03
1.973820685004944631e-04
1.351724231033074510e-03
1.185048056508552355e-03
1.967128388704723365e-04
2.863446789830049197e-04
1.405303823619261441e-03
1.487966756853153192e-05
1.365401647680005915e-05
1.993920635393956462e-04
-8.861017064813295251e-04
4.099681176399177368e-03
1.987548514152802804e-04
-4.096627695537584813e-04
3.572500738864599866e-03
2.572759286199509875e-05
2.720569312627437779e-05
2.002121467946505590e-04
1.123621655948737813e-03
-2.862224704121731859e-03
1.992464568160099694e-04
6.494738924570976103e-04
-2.001631525904287810e-03
2.414615117148175778e-05
2.260141517514010923e-05
1.995696851630339745e-04
2.457029715630620306e-04
-3.151049023246372334e-04
1.992834387447005328e-04
-1.159665750304184577e-04
-1.019183105216296291e-03
2.127587428085935702e-05
2.020582558970072677e-05
1.996857590659945861e-04
1.984766148441867418e-04
2.319800821119748484e-03
1.498701472659044352e-03
4.392712794735007410e-04
1.057839976542880502e-03
1.877759308499140666e-05
1.996262599757221321e-04
1.344553724050599492e-03
1.421695128023551125e-03
1.754040389667479766e-05
1.620418186927482745e-05
1.988639695439945918e-04
4.597399092071479624e-04
3.345425633936699970e-03
1.988670299456019659e-04
1.636131024201287979e-03
2.508677039646256286e-03
1.578287394943742175e-05
2.000776582181421027e-04
-1.434934931035628544e-04
3.413800581923165291e-03
1.495207158764554574e-05
2.010016518630178782e-04
-4.288890266824478699e-04
2.460566483106562102e-03
1.368739944433666311e-05
2.011889439458919228e-04
-8.907651492842433467e-04
2.484611140455698138e-03
2.483818775424784342e-05
2.344947558606481482e-05
2.005898528986537073e-04
2.010792295050536644e-04
-2.063336334893940032e-04
-3.545873517770164909e-04
-1.178989707337132088e-03
-4.861144622121718584e-04
2.207059213671738897e-05
2.008908770496884994e-04
5.070847532538409058e-04
-5.025387665226057834e-05
2.142963207615274427e-05
1.999113639783779185e-04
1.163274016917555630e-03
-9.366397539608306328e-05
2.074606428649754348e-05
1.925248811467116411e-05
1.735442348148056856e-05
1.653165372568769949e-05
2.020356510729279785e-04
1.223000157367778659e-04
7.109791481694663177e-04
2.005359581278149110e-04
1.026752927099476966e-03
2.470548381729571492e-03
2.009818632125937228e-04
1.286835500664170774e-03
1.351991969166097722e-03
2.010121649267093669e-04
1.546138118025516730e-03
3.208891017821861782e-04
2.588587619473501584e-05
2.016442564039299984e-04
-3.497254527084392613e-04
-1.843297896770171610e-03
2.717237003844982280e-05
2.019281338100700209e-04
3.989405656858486127e-04
-2.184499381087443189e-03
1.497357205016562303e-05
2.023858986691135387e-04
-7.338227674231893091e-04
1.709383464790439509e-03
1.367910675656088444e-05
2.030235185612277147e-04
-6.379982925739935418e-04
1.291596422328583019e-03
2.415990311036388385e-05
2.024630813089130558e-04
-8.355190067487092923e-04
-1.196411664860663792e-03
2.587197088771958219e-05
2.028878751639775395e-04
-4.652296173390862641e-04
-1.525041159070280802e-03
2.719082308280753354e-05
2.035633799311692372e-04
1.032898441783043473e-04
-1.546691559820060529e-03
2.225241425404404826e-05
2.024168027768777096e-04
7.454688459770304515e-05
-9.480500672885756224e-04
2.029666761996719342e-05
2.022831745588574278e-04
9.828886692975632392e-04
-3.597790076452624737e-04
1.864623117583246185e-05
2.025033273948219283e-04
8.656403653254059801e-04
-3.462069669378843606e-04
1.741535334243449963e-05
1.589923802554210145e-05
2.038354407978874242e-04
2.040348633836924395e-04
-1.474386816270095626e-03
1.971215091212465706e-04
6.886178028037719025e-04
-4.282083011623570600e-05
1.458090568225464911e-05
2.039964916940509158e-04
-6.554238240942030641e-04
9.566204008473217380e-04
1.365896176672049090e-05
2.049066933079482218e-04
-5.807782345056979566e-04
5.850277153982286205e-04
2.483421887033802482e-05
2.042873342490278063e-04
-9.028359278342933895e-04
8.358998187358942134e-05
2.323360835802476960e-05
2.043417023943441585e-04
2.286477467677031978e-05
-2.816882585067676859e-04
2.199435515195818941e-05
2.037354448810080093e-04
3.064784528709742846e-04
-5.927997035021330408e-04
2.066493041988943250e-05
1.936014492321932388e-05
2.047738218188383766e-04
4.376183391910957532e-04
4.832907049773842926e-04
1.774558400485179918e-05
1.637319403956965028e-05
2.055949501786838321e-04
-1.599793927072762703e-03
-9.786018436188672725e-06
2.055631189002538701e-04
1.009044870229978096e-03
8.683047774299665941e-05
2.622348321813269242e-05
2.044470731204816368e-04
-1.399376114679637450e-03
-3.199866361789124695e-04
2.721192375426834413e-05
2.054415353235083952e-04
-1.082976339681835862e-03
4.025633791298728018e-05
2.035945713506071009e-04
7.440700757279191573e-04
-6.643290963048690970e-04
1.501647589941169196e-05
1.363303757452603022e-05
2.067325969549072169e-04
-1.617676486551701672e-03
1.985970596082077023e-03
2.053832151006718750e-04
-1.384380694952982689e-03
2.127904898290214201e-04
2.410351137945790305e-05
2.270993977658702380e-05
2.062110240828316302e-04
4.408869230628364327e-04
1.092903827487466456e-03
2.060047307156446508e-04
-6.413344417965458218e-05
4.034576497017144893e-04
2.566381188291394722e-05
2.713322675247211430e-05
2.074131913404135259e-04
-1.498812632650052545e-03
4.950122218571324746e-05
2.058969742044579711e-04
-1.835509970789521179e-03
1.305195525837276379e-04
2.142152138290233707e-05
2.033662817933026246e-05
1.894886086016149177e-05
1.717590508325042960e-05
1.499145790806083364e-05
2.079164302548850438e-04
2.075568045910265789e-04
-1.751272765867151714e-03
2.914565767819471778e-04
2.705819248464443830e-03
2.107413388571594860e-03
1.577164451846024449e-05
2.068185546400402462e-04
-1.518404427207120915e-03
1.116565908777349949e-03
2.051266830461324323e-04
2.064711054376115588e-04
2.063828228653142346e-04
1.112695274413936369e-03
4.959634901918844605e-04
5.438045359602208112e-04
1.042643516418183171e-03
5.241004238866807472e-04
7.048504617639530590e-04
1.356995124479125270e-05
2.085329544038823564e-04
-1.695359374282452702e-03
2.572138752164119472e-03
2.355054904856667195e-05
2.561560688278102641e-05
2.085050853693574404e-04
2.078708489198790818e-04
-1.173755132261348425e-03
-4.591689095838865958e-04
-1.163507577482467917e-03
1.940819154666784574e-04
2.479661267578426296e-05
2.073245391867975008e-04
-9.447070557202303298e-04
-1.970569462866815058e-04
2.214323925883562841e-05
2.076858243675739474e-04
7.925331168511932142e-04
9.178546417277022931e-04
2.161426117958405017e-05
2.066063504789437120e-04
8.456286287018344779e-04
1.283486595184473887e-03
2.082833981653839757e-05
1.939484314916977328e-05
2.078069273570897965e-04
1.075869281495651572e-03
1.194615430785059751e-03
2.078428928545133527e-04
1.078901599426667106e-03
1.476196607656415569e-03
2.711788280730308110e-05
2.092220099895772368e-04
-3.473091479152475600e-04
-8.677747645643533190e-04
1.664815883567299814e-05
2.092368873165608985e-04
-2.949279311064100764e-04
2.337534125974395031e-03
1.515273842006046103e-05
1.352090477005114274e-05
2.103658277757289937e-04
-1.396579010796030742e-03
1.967373195089435183e-03
2.093639534760414285e-04
-1.178808837186409763e-03
2.323596011155715495e-03
1.877911704801721798e-05
2.095029392890820073e-04
6.667536355052742364e-04
9.968954757560307377e-04
2.386526640336982243e-05
2.095711146037815460e-04
-1.105392849706471814e-03
8.537276914618110741e-05
2.541764116575162284e-05
2.709357698819520811e-05
2.109572795758908462e-04
-1.679403192417307017e-03
-1.396620796309862994e-03
2.098880057493533388e-04
-1.262789063459369109e-03
-1.181364506946452414e-04
2.223819952975819047e-05
2.092671892025834107e-04
5.747052351060869500e-04
2.308581185396008963e-04
2.035824598578258603e-05
2.091168331134285268e-04
1.395982568586094479e-03
5.574461949466741079e-04
2.066636042137855547e-05
1.937812338788352508e-05
2.115491375703973246e-04
9.172867769229916656e-04
3.441187222644586101e-04
1.761588930880945088e-05
1.572018763676326256e-05
2.108153728313266772e-04
2.107965194687915422e-04
-5.709634484505819686e-04
2.943332949591180863e-04
1.893267019760590210e-03
1.154133947234782043e-03
1.483571874220772267e-05
2.121267388837463506e-04
-7.946529118544164855e-04
2.333954664307818453e-03
1.353838864392065307e-05
2.120384464664658536e-04
-6.875324951170400621e-04
1.942811401866539845e-03
2.103805589940719797e-04
1.111249404934953758e-03
3.632094613955933610e-05
2.486876514686119725e-05
2.573080868856158999e-05
2.112314846687776161e-04
2.126240499705094901e-04
-1.233617975127376202e-03
-1.239180661900359925e-03
-9.670391883651824425e-04
-1.568493909815476661e-03
2.707785434036070934e-05
2.126655762866217869e-04
-1.049825806669236507e-03
-1.305572565061055524e-03
2.319593306889164894e-05
2.111361577293719143e-04
-2.703648049186285372e-04
-4.802847394629630143e-04
2.140256550583038154e-05
2.028375964601948433e-05
1.881848255649596081e-05
2.132342204516976666e-04
2.131474265404817653e-04
4.368184575989871358e-04
6.260902439181787772e-04
-1.085011868704285528e-07
4.690329312490887793e-04
1.790908005331109799e-05
2.122275226463168766e-04
3.210177770745505869e-04
8.375655691573424258e-04
1.638495305390324681e-05
2.122347211820462660e-04
-7.052676421006560470e-04
1.821678099268484894e-03
1.540703538197370795e-05
1.354566804601477235e-05
2.136934449734371815e-04
2.133574558498927288e-04
2.433472935816759371e-04
-1.253843543249288147e-03
2.564407288519257415e-03
2.147047132841216344e-03
2.196192917007906914e-05
2.105487224863937545e-04
2.118648915350611654e-04
1.118713943827974455e-03
2.080583058239443540e-04
8.618671079152289381e-04
-9.012905472559238848e-05
2.421421291900902528e-05
2.282038702516529162e-05
2.125811625060156594e-04
-2.587433816664964328e-07
-6.345289726224268055e-04
2.179948519774915471e-05
2.134988669853961352e-04
1.416398026190314756e-04
-7.799139413560635462e-04
2.065450276653934427e-05
2.147656172495803135e-04
3.495578243760313203e-04
-1.028536474984623851e-04
1.859315409971120503e-05
2.144852106220659482e-04
1.849198152322787606e-04
2.999707662326822730e-04
1.705273728679852354e-05
1.526033296620313859e-05
2.147298259126574486e-04
2.137731014295700394e-04
-9.645336524837856999e-04
-8.452637850147033758e-04
1.367739901600678208e-03
1.133634842554065479e-03
2.125835492749829131e-04
-9.418321645432069450e-04
-1.020892811251825939e-03
2.518412817578413929e-05
2.708233508914411461e-05
2.143902838237032676e-04
2.138299957635777290e-04
2.058373858611074986e-04
-1.154836113003880138e-03
-1.168434569352160782e-03
-1.269979362625276885e-03
1.358533982045506951e-05
2.154695961496367696e-04
1.045111545571560628e-03
-1.648394289740958609e-05
2.348842570920460192e-05
2.554760613973255763e-05
2.153004383486581820e-04
2.141765902209172832e-04
-2.251951073615798531e-05
-5.756423071899550685e-06
-4.776143915171525314e-04
-1.328076596235466464e-03
2.221317579585968991e-05
2.214617326357343530e-05
2.147558377614806164e-04
2.162160851667793953e-04
-4.449876226123108426e-05
4.310363735088345227e-04
-6.705064763879823057e-04
3.066811191225212005e-04
2.054751419280465252e-05
2.161937169166338278e-04
1.019741115795721976e-03
5.508887845611071905e-04
1.908201955417780069e-05
1.697370875879967831e-05
2.158090057013834504e-04
2.157483647445727155e-04
-1.219075076886915040e-03
2.724690509730140139e-04
8.384692653606701761e-04
-4.004369864397158940e-05
1.501206994597551297e-05
2.161532061804888219e-04
3.497463961150238201e-04
1.078860718436441287e-04
1.366581885428894293e-05
2.173086194729434417e-04
1.318411575605058861e-03
8.410601118930945900e-05
2.714198401722660531e-05
2.160962157171462256e-04
7.351295414742045056e-04
-7.711276953112163502e-05
2.392780693159522583e-05
2.159659587355136233e-04
4.353942081499490718e-04
6.269406051723039363e-05
2.592828620436080547e-05
2.165893666131168678e-04
5.747104596489413910e-04
1.465271804033625247e-04
2.723768661491098484e-05
2.177100159904200079e-04
4.961395515773449295e-04
-2.427241230907826793e-05
2.124169220349209823e-05
2.343752124596891289e-05
2.177964471362512559e-04
2.172681474663710447e-04
8.369563875687539194e-04
8.990829747220689498e-04
8.486090540780451622e-04
5.493129301920585128e-04
1.981552628832510048e-05
2.170877611540365315e-04
1.218049343459173990e-03
1.344904636289309717e-03
1.842160589027826210e-05
2.167825240979816737e-04
-3.707480152728508094e-04
9.291068373984816839e-04
1.715009161177200497e-05
2.173143112448819184e-04
-4.327167594505118456e-04
-8.313978064870288474e-05
1.578038943441315486e-05
1.501511655435440890e-05
2.173081960062695243e-04
2.187103985586194284e-04
2.065452715929820538e-04
6.751891305792737151e-04
-1.680518445678255408e-04
1.076224008770650440e-04
1.376158620611292540e-05
2.190145576186052216e-04
5.477133145843339707e-04
1.129949542025798911e-03
2.496410047685994598e-05
2.581513189624830352e-05
2.175140082361037256e-04
2.189324836960493837e-04
4.667814356447442799e-04
-6.722359678445776348e-06
1.051609702321958193e-03
2.036274220019524545e-03
2.728321065985228006e-05
2.194095731771812273e-04
-9.253777899143736168e-04
1.630969623862545950e-03
2.303447510238783771e-05
2.186916346261209658e-04
9.106289540322762711e-04
2.163710107652113464e-03
2.178729234974936227e-05
2.042390356245324588e-05
1.913213092227689116e-05
2.197200068351216516e-04
2.182891379278260175e-04
1.268632403477425305e-03
1.273587526252042230e-03
4.695753313268193497e-04
1.097745438783624032e-03
1.748323785813529622e-05
2.186758954060478803e-04
3.293150530827019173e-04
5.764918557100424772e-04
1.636129637591032625e-05
1.586859001564589638e-05
2.201162476413507762e-04
2.185888416209816484e-04
-1.388022196838267568e-04
-6.472003297415752010e-05
9.646881799450648205e-04
-1.330058079981914169e-04
2.192433385500991297e-04
1.302668620815143532e-03
1.165741848646375265e-03
2.432731792177060781e-05
2.186372552658950245e-04
8.336069411161504787e-04
2.261578623026112671e-03
1.471363577100200269e-05
1.388701138353764620e-05
2.206436551507201819e-04
3.451408349070489792e-05
9.095987794327499648e-04
2.199232588138371033e-04
2.772985438251963962e-04
1.225790305288583949e-03
2.478361193065783803e-05
2.203781309664367208e-04
3.363002274272981198e-04
5.314368032684178584e-04
2.348184967714532788e-05
2.217456624953208759e-05
2.206270735474987529e-04
1.657513516490423128e-03
3.559900695171463103e-04
2.111615602626197786e-05
2.215245761851197598e-04
1.670603819528305783e-03
6.637202593766036588e-05
1.982652675412919634e-05
1.847354848975697075e-05
2.201809630598186292e-04
1.043369662161946739e-03
1.113446906456129048e-03
1.707814120321055680e-05
2.210936737570965338e-04
1.111599053960926663e-03
1.320903119930790567e-03
1.698745058184657870e-05
2.197924857967197855e-04
8.130615018824146559e-04
1.283716024809014502e-03
2.620294504861254143e-05
2.730135238044468010e-05
2.212336546617921034e-04
-1.445637938071719312e-03
-7.080201493821288057e-04
2.202773339606128313e-04
-4.641171580609363572e-04
4.212304474496909911e-04
2.199426944318580890e-04
5.564956868970590389e-04
1.294009957048245819e-03
2.213120453206010162e-04
4.671872814881897294e-04
2.353355452863329961e-04
1.602870492239405690e-05
2.214406839382250048e-04
1.751070559278335474e-04
1.838856304444330030e-03
1.501371123742548321e-05
1.393554370453073640e-05
2.220896112019350049e-04
2.210588478428354318e-04
1.717169295060761737e-04
2.327423392220804676e-04
1.133881501498066593e-03
1.437666943818021988e-03
2.344543770090962867e-05
2.197339411588941033e-05
2.227598886090879503e-04
2.214105134787409002e-04
3.205180270990172541e-04
1.006258214366188185e-05
-1.430851437377431059e-03
-1.154508037459748030e-03
2.462803185977796417e-05
2.219111994936718635e-04
5.661447185335965332e-04
-1.689056039353415252e-03
2.584582329750948276e-05
2.730601988465201598e-05
2.230293441405166433e-04
2.215671258635368117e-04
-1.524545584055491450e-03
-2.818435346474043568e-04
-2.653269450618017384e-04
-6.844168565283731583e-04
2.031131243983352590e-05
1.857310956328927124e-05
2.226329844431608929e-04
-2.037563733879023083e-04
6.210319538653228527e-04
1.692619809390104782e-05
2.224694243609465162e-04
5.167468021727605106e-04
1.772952362471322436e-03
1.537703680444436153e-05
2.222483692434643672e-04
1.544452314983949599e-04
9.120723501667933391e-04
2.227111003369936534e-04
1.063311685896584265e-03
5.929752106840070584e-04
2.365804368722769355e-05
2.228415237547401700e-04
-2.001647388207529119e-04
-1.458440037800197951e-03
2.544883890671443467e-05
2.229376051733600295e-04
9.274620977269476194e-04
-7.039631136803623738e-04
