0.000000000000000000e+00
0.000000000000000000e+00
1.920080841519729908e+00
2.372970138281678132e+00
0.000000000000000000e+00
1.460844775498845172e+00
3.512671116598510945e+00
3.651026380806632776e+00
4.688835360806874242e+00
0.000000000000000000e+00
1.905853381442706329e+00
4.004598637051420162e+00
6.161326280592494875e+00
5.712180727427742966e+00
7.027820153667807546e+00
1.473933587871448792e+00
3.067682120716586081e+00
4.978863098778050222e+00
5.803798623735792361e+00
8.009605087764018805e+00
8.732786615670505626e+00
7.680791513731067610e+00
8.171145240708574065e+00
9.283629840242138442e+00
0.000000000000000000e+00
1.955835637362845825e+00
0.000000000000000000e+00
3.116445854604024124e+00
4.116788323473940636e+00
5.892261117188231090e+00
7.011893880742350760e+00
8.698850432727484261e+00
6.852978991236596151e+00
9.888064316772695150e+00
1.056932782371771573e+01
1.004330622283754337e+01
1.157708743593851786e+01
1.585506616293652637e+00
0.000000000000000000e+00
3.123979303558048759e+00
4.910272304128137755e+00
6.709988121104101033e+00
8.037806275205822359e+00
9.881201699886721812e+00
1.127054752549858385e+01
1.258526107809228733e+01
1.181561803157356039e+01
1.264514867798319919e+01
1.382247388618820239e+01
1.906279743804362825e+00
0.000000000000000000e+00
3.080503354658870041e+00
4.002108996334762914e+00
5.723052590588539879e+00
6.783566610480673553e+00
8.414345164451512815e+00
1.007245548773780541e+01
1.165194911445802184e+01
1.309590091775712573e+01
1.340924031790921056e+01
1.500329370000910245e+01
1.501423256185587007e+01
1.347460611730604896e+01
1.509489481070129635e+01
1.607373696496435400e+01
3.507985084101559625e+00
6.057839366346032151e+00
8.079016959832589606e+00
1.034353155082671094e+01
1.210809521045941040e+01
1.426884354441508584e+01
1.497278562130973079e+01
1.666437653683249920e+01
1.675678413390044241e+01
1.714450422881902725e+01
1.718490220829279025e+01
1.822500787077527207e+01
1.462554533271711366e+00
0.000000000000000000e+00
5.698832264889799326e+00
7.560820318913158644e+00
9.408003056714898449e+00
1.045151740070976487e+01
1.280678788321711181e+01
1.501512523206131711e+01
1.649671002030294531e+01
1.657347399624722328e+01
1.837570690746692037e+01
1.816463518057891591e+01
1.836644758464586857e+01
1.929636755353314825e+01
2.044315103863783634e+01
3.645860577878666575e+00
1.922256149211104770e+00
0.000000000000000000e+00
1.362049026016958564e+01
7.018041565516322855e+00
8.179735579110127830e+00
1.045861027890055617e+01
1.170270595989124374e+01
1.353762344483118341e+01
1.517940968937210755e+01
1.673910026237677684e+01
1.823689500397725283e+01
1.847158883079743319e+01
2.024787490014822922e+01
2.050243854359199247e+01
2.040626414572590264e+01
2.125184816779661645e+01
2.170195118790751110e+01
2.259758420611011331e+01
4.689779950902234873e+00
2.372803078775754138e+00
1.936141688679581918e+01
9.306751559195017620e+00
1.158398456400948184e+01
1.270342771518234848e+01
1.510118280147689518e+01
1.713969682636192360e+01
1.836833868692496452e+01
1.961064377085850907e+01
2.022458864141145440e+01
2.206699255564614148e+01
2.157048448245693706e+01
2.223041412105565939e+01
2.214381363222500099e+01
2.326713574864521306e+01
2.352886276186469772e+01
2.474804745645661441e+01
1.381735069165718421e+01
1.607113574482258045e+01
1.719591828215822815e+01
1.937122263527799149e+01
2.030374281076029774e+01
2.150638623134502936e+01
2.230496748512578620e+01
2.436790449354292676e+01
2.326732502777344180e+01
2.392595317793044885e+01
2.374737218816686735e+01
2.561924845336551471e+01
2.512721910859862007e+01
2.639995015734956141e+01
2.685994445762359462e+01
1.821933162706471165e+01
2.044396601358655019e+01
2.185935606986600277e+01
2.166610821879801563e+01
2.326607309382644218e+01
2.512600264330469102e+01
2.632449249773991795e+01
2.647469734930330176e+01
2.633486717512670694e+01
2.517358173057806425e+01
2.667755004763441562e+01
2.801477160572493119e+01
2.709561458402419731e+01
2.817069591981127630e+01
2.895286824872352582e+01
2.376123914705544138e+01
2.490808517677368172e+01
2.260005139158154464e+01
2.355946327730205070e+01
2.343183295802746002e+01
2.558669751434880979e+01
2.667627422395946013e+01
2.816384456548773230e+01
2.819686851490106250e+01
2.843862985855006542e+01
2.824887435677271696e+01
2.947404183648823661e+01
3.024305023348225063e+01
2.904941488074894451e+01
3.006294795131661246e+01
3.103535398980803350e+01
2.474816030324768690e+01
2.515616166754398364e+01
2.709313712542652652e+01
2.818565095995468894e+01
3.013132341751861176e+01
2.952443835200087108e+01
3.018667824653847376e+01
3.038687029556579589e+01
3.086831401499901162e+01
3.192593208717036646e+01
3.109899363386891125e+01
3.192867286752668576e+01
3.307825781210528504e+01
2.648031267011004530e+01
2.685767315956250556e+01
2.816634866752296062e+01
2.906778304109332822e+01
3.002203512016082954e+01
3.137754850764754266e+01
3.213100121891178418e+01
3.201022397382021722e+01
3.150151499800166377e+01
3.230930164561564766e+01
3.365628451439393132e+01
3.325009076057100543e+01
3.358656095667755181e+01
3.513040216583590336e+01
3.088515709517380259e+01
2.895138223297419344e+01
3.006082333107272930e+01
3.127849153496244128e+01
3.318376040869355137e+01
3.363321111107323702e+01
3.419209562720479312e+01
3.312140886646707827e+01
3.398387473457601260e+01
3.518633357862160693e+01
3.520000371608733758e+01
3.513488637341342269e+01
3.659735706837248159e+01
3.713905343240466550e+01
3.103465543478309030e+01
3.197587453726948681e+01
3.338399327012646722e+01
3.509924319220260003e+01
3.503880474079068819e+01
3.616646804808888760e+01
3.610349924513678133e+01
3.477410862960039140e+01
3.611523022508541914e+01
3.676671678598741977e+01
3.652235999621328233e+01
3.702483560423057440e+01
3.819547677843682720e+01
3.912912442801291490e+01
3.308283174292709106e+01
3.374076765406978495e+01
3.513670945324076200e+01
3.702375913530450902e+01
3.656555518355361301e+01
3.671428528597575536e+01
3.779758618481832855e+01
3.732040924798872794e+01
3.794578841715178186e+01
3.803924340614604915e+01
3.804634680798866242e+01
3.913365803466324877e+01
4.011256976708553168e+01
4.111293195164802228e+01
3.512897195163991171e+01
3.659669943494800037e+01
3.819300391200156497e+01
3.910694629568952507e+01
3.804630213023723684e+01
3.993941515747163606e+01
3.883177051796337054e+01
3.996321225245648634e+01
3.934479313833787728e+01
3.937091185869052623e+01
4.009397376217774678e+01
4.112380601538313130e+01
4.207224333352972678e+01
4.306016710660505709e+01
3.713730174950206475e+01
3.912769346967921535e+01
4.011106957220714975e+01
4.123758639682873195e+01
4.123080349763307595e+01
3.991263221093188207e+01
4.052902694708305376e+01
4.219736792382163770e+01
4.172761047434578074e+01
4.117210827585284250e+01
4.048018746197681850e+01
4.102471161596355387e+01
4.197091319505162943e+01
4.317474408555133181e+01
4.364385872422825940e+01
4.501069294633442297e+01
4.111827018383706900e+01
4.209443262882476944e+01
4.326851450020261325e+01
4.287376933210198615e+01
4.355532942543656816e+01
4.435879319446038949e+01
4.317296618810310349e+01
4.297258379476696888e+01
4.208785578035353581e+01
4.238546757994670600e+01
4.357059879057466389e+01
4.505993076254053165e+01
4.500922738858837846e+01
4.639353679708099065e+01
4.691776950388815948e+01
4.305825028157764933e+01
4.364298182357396882e+01
4.500853339418694077e+01
4.499428786552779513e+01
4.489077352479485938e+01
4.615945964955485437e+01
4.598597161191651139e+01
4.442586226117304449e+01
4.376706022078344205e+01
4.505660278111736972e+01
4.637308917192701330e+01
4.685932474599274400e+01
4.816737199841742978e+01
4.882844168589623024e+01
4.501188671017447973e+01
4.639337497079469586e+01
4.686066423375963552e+01
4.632784496888804426e+01
4.658101673248400942e+01
4.808715512439158601e+01
4.782508808745003392e+01
4.713206118425805613e+01
4.583688999510379602e+01
4.657861280199326615e+01
4.793222952500968148e+01
4.861179894945534841e+01
4.982077171083300016e+01
4.978837154411669275e+01
5.069827012963453683e+01
4.692014728807045998e+01
4.817350498276908866e+01
4.862053257360290814e+01
4.770232517798678629e+01
4.914670210098105940e+01
4.994067831212622366e+01
4.924773190649881371e+01
4.992283329126380664e+01
4.850536170036598094e+01
4.791063836172269674e+01
4.921478190299860955e+01
4.993274071279914494e+01
5.114812493981486341e+01
5.147168064290143974e+01
5.256333846604951532e+01
4.883063578364117063e+01
4.978815492955713751e+01
4.983924831612077355e+01
5.007174754402284833e+01
5.112301463418678793e+01
5.209229342139738606e+01
5.165002022199005438e+01
5.123493563017536445e+01
5.011883359389560155e+01
5.081034334250080775e+01
5.188470894217914520e+01
5.298184293201713047e+01
5.362859963709696132e+01
5.441525579080283137e+01
5.056783025791607855e+01
5.070231096644591418e+01
5.144155303401627322e+01
5.114552394263608193e+01
5.177621988682858500e+01
5.274692366385902176e+01
5.337172913489939674e+01
5.399725530510018245e+01
5.313903141087334348e+01
5.283413283889320411e+01
5.189624345937350824e+01
5.225065769864110621e+01
5.342606166153361613e+01
5.490448979939255025e+01
5.501382341636233519e+01
5.519316888182833480e+01
5.622059664547023772e+01
5.256684047291285111e+01
5.354316761367857680e+01
5.272420058659237441e+01
5.361589395073627173e+01
5.467265223387743589e+01
5.575714617805460449e+01
5.460863478991240783e+01
5.439924647654829926e+01
5.354016463668697412e+01
5.491812502988836542e+01
5.626208993329461094e+01
5.679335706549164087e+01
5.666571948380661894e+01
5.803959923262118537e+01
5.442327551442402012e+01
5.514110801279443308e+01
5.478788294810341597e+01
5.503446361901291795e+01
5.617697665255829520e+01
5.644590201127823548e+01
5.773335250082822512e+01
5.715129187437176483e+01
5.592139516475094041e+01
5.582765417234683269e+01
5.649691041899998112e+01
5.776721849366415995e+01
5.853797129573772651e+01
5.841398125298413646e+01
5.943536515985968549e+01
5.982484686314307964e+01
5.622820176836754769e+01
5.669755679828003281e+01
5.680589264989762199e+01
5.762095252948059709e+01
5.907446140880384888e+01
5.974518932621700174e+01
5.861006776086068015e+01
5.773759879397388772e+01
5.776464255222439448e+01
5.909253563141382415e+01
5.983016533022740191e+01
5.987961750620066681e+01
6.039400706226429349e+01
6.067154108259704515e+01
6.159569596878942122e+01
5.805599258568277321e+01
5.847456782634332484e+01
5.860673369490932316e+01
5.991190473103561231e+01
6.080703665784223944e+01
6.163525350629591060e+01
6.025323172891110346e+01
5.969524452310334084e+01
5.907419456046088158e+01
6.024848274215785437e+01
6.067427574632738896e+01
6.145529892607169131e+01
6.146159798761608073e+01
6.213733328842751291e+01
6.332732179861444166e+01
5.949832888980263590e+01
6.041701015784472162e+01
5.977990370456176805e+01
6.148043866924157896e+01
6.255463950277139418e+01
6.322415334469317116e+01
6.261363085385268334e+01
6.158373140666344625e+01
6.096080613998670117e+01
6.173995967230559501e+01
6.208845489352896152e+01
6.334481580841383419e+01
6.276341198456825765e+01
6.378065171182011284e+01
6.507216493699331750e+01
5.984296442765850088e+01
6.085437159309245914e+01
6.161601802706263697e+01
6.171059004452524022e+01
6.316161150295618398e+01
6.337419273333873093e+01
6.450618475427893372e+01
6.389883443702250787e+01
6.303546361402651144e+01
6.267672965618112357e+01
6.334514449928116875e+01
6.468610766251113375e+01
6.494239973614324413e+01
6.487168911848402786e+01
6.626459079436547484e+01
6.677248039421600367e+01
6.404318810433626652e+01
6.243301631918632921e+01
6.374672851092564940e+01
6.486687078646461657e+01
6.474582074106541540e+01
6.586161521049635326e+01
6.623328638977770311e+01
6.565979551444569040e+01
6.449419777989470504e+01
6.422738550425087567e+01
6.456810483453399740e+01
6.621921426438065339e+01
6.605995313392774904e+01
6.673256102014036628e+01
6.787507655124431949e+01
6.846818498512641327e+01
6.335242676973045661e+01
6.510080770223490276e+01
6.621723065948215492e+01
6.648198820706224410e+01
6.733183500263747590e+01
6.769682978050605016e+01
6.683178643153335940e+01
6.585204475883816144e+01
6.700711209957084691e+01
6.772511769302373352e+01
6.771867078741404100e+01
6.857025076554415932e+01
6.948708463544571146e+01
6.938799163271195880e+01
7.014577700029114737e+01
6.571422000773500827e+01
6.680237726190837577e+01
6.782086295751963689e+01
6.831378961018266693e+01
6.865031783923380715e+01
6.959644277206253093e+01
6.905118369203114526e+01
6.817151280499273014e+01
6.765775036729483816e+01
6.887581521816966301e+01
6.912873390649586725e+01
6.971648675163110909e+01
7.045130255331498859e+01
7.110616770211559867e+01
7.068152731848863368e+01
7.178938316497304584e+01
6.850157541952532370e+01
6.935779907311616910e+01
6.937701095269684970e+01
6.945397408670241646e+01
6.961101376971281240e+01
7.059336546816693669e+01
7.161042662271847803e+01
7.024651705206974839e+01
6.952517093527855252e+01
7.079196613459174614e+01
7.023711887174572155e+01
7.066811560952815796e+01
7.153602314242668569e+01
7.232678612412729535e+01
7.217372450634186976e+01
7.343021690897036535e+01
7.016761066910667921e+01
7.095589737134999098e+01
7.058659910880781752e+01
7.109289972188426532e+01
7.227623525198701770e+01
7.323370262661772756e+01
7.276657001421199311e+01
7.155968572130947791e+01
7.271481695147556934e+01
7.173832657986417871e+01
7.217116995063931029e+01
7.361479908879428535e+01
7.415016269098327939e+01
7.337835601664421858e+01
7.442911519760302497e+01
7.502454654367805631e+01
7.182507860879420036e+01
7.280575355267225746e+01
7.215032423329765265e+01
7.359065102428517946e+01
7.456611294763712294e+01
7.464917663874872744e+01
7.405157672598302554e+01
7.334601800650459325e+01
7.448086230313118961e+01
7.349340646244033337e+01
7.476599089782173735e+01
7.539444850640538220e+01
7.508041003388231616e+01
7.566229518338232651e+01
7.489710446115233822e+01
7.555753264807785285e+01
7.660726112715613567e+01
7.346347978861356864e+01
7.426868739798563013e+01
7.416388143582045700e+01
7.354177736049639691e+01
7.432039282372261368e+01
7.531951629091838640e+01
7.588557223750794378e+01
7.575936677001180897e+01
7.610986424488693558e+01
7.601301455729209522e+01
7.619513787071211652e+01
7.478331120837165713e+01
7.476337470776978478e+01
7.660961720787676654e+01
7.686718366925144608e+01
7.662205299392263669e+01
7.758110035663382575e+01
7.815078920495480475e+01
7.506385422385783102e+01
7.551090082774656764e+01
7.626533342791105952e+01
7.719001599310618644e+01
7.753623189882769395e+01
7.716157573987823071e+01
7.800133788676107827e+01
7.727590011015215055e+01
7.704847141667819699e+01
7.754383877423313720e+01
7.809612991189992215e+01
7.781003120653713268e+01
7.788539833478650110e+01
7.806029959826612696e+01
7.903886763366202217e+01
7.963996369121502994e+01
7.485241766774717576e+01
7.662915933668223545e+01
7.739768200400953901e+01
7.767828048621596793e+01
7.899471227268978168e+01
7.864954262972626964e+01
7.888526328049367464e+01
7.862490273517566663e+01
7.920932426603738463e+01
7.952663855651471181e+01
7.818295292412335584e+01
7.925866120479790311e+01
7.906994607570958067e+01
7.885395664551502648e+01
7.919138490284731802e+01
8.034713176485726649e+01
8.040215543345800597e+01
8.109973427713666183e+01
7.816295242463181125e+01
7.876258612904213408e+01
7.870868409856080916e+01
7.910788386855506360e+01
8.041907623754499923e+01
8.084926118163491537e+01
7.980325928536900904e+01
7.987063318194176986e+01
8.027527132287981715e+01
8.004042571254022675e+01
8.047840890239909584e+01
8.121808843259552191e+01
8.057892409647662646e+01
8.065916250426467116e+01
8.035370014720255938e+01
8.013355259654723284e+01
8.153572105644335011e+01
8.163010814939434567e+01
8.265357708771253442e+01
8.251762714463289683e+01
7.939723977817406819e+01
7.966043243839546051e+01
7.989276991936971228e+01
8.104383026130261669e+01
7.977343977831331756e+01
8.180705313325093186e+01
8.217568035091417755e+01
8.187967561290454910e+01
8.127952935974214199e+01
8.195153709985517310e+01
8.147040437496670506e+01
8.275059808824181573e+01
8.206162913334523523e+01
8.173842500319352666e+01
8.163645758103820071e+01
8.259933198626350759e+01
8.273849771862624891e+01
8.293544490952210424e+01
8.376196325646839114e+01
8.390154622287640507e+01
8.163379633649874734e+01
8.076678055702507208e+01
8.106581827239629945e+01
8.213577991153219671e+01
8.240250120962792835e+01
8.255087346350049415e+01
8.302832865984424870e+01
8.309867908550809545e+01
8.251544621991635609e+01
8.312889370463324212e+01
8.282761587440172946e+01
8.350121161612196374e+01
8.395238456331945542e+01
8.320123554016082323e+01
8.296073847632699483e+01
8.294159734116918514e+01
8.352164765457760609e+01
8.360020200375325317e+01
8.390697714530911355e+01
8.458385673532201565e+01
8.461182845411305209e+01
8.528618338461230053e+01
8.110252817509824297e+01
8.250702765513682380e+01
8.310531931126000416e+01
8.297980210534851153e+01
8.348237362251845184e+01
8.350133618730512808e+01
8.395996530310097228e+01
8.399300883028718090e+01
8.416274793595086123e+01
8.359389535158803142e+01
8.405265165643159264e+01
8.395231575051704453e+01
8.427614816873969517e+01
8.480427943013938830e+01
8.464847285300257340e+01
8.401731230319474264e+01
8.377875176917009981e+01
8.424039368246508275e+01
8.438161409896288490e+01
8.460327252022548805e+01
8.523747143727604225e+01
8.552076008286081787e+01
8.663538648083986971e+01
8.671135357933489729e+01
8.388214839481598517e+01
8.443740248447791430e+01
8.382480754509811050e+01
8.455843496825912098e+01
8.437524612543126068e+01
8.435854021820586013e+01
8.483226964195934272e+01
8.452725964347062870e+01
8.486466752734574470e+01
8.490029866980350448e+01
8.486382161120012313e+01
8.433090327470770831e+01
8.465052072717514875e+01
8.502657865259473624e+01
8.540496742813505193e+01
8.537806542992709069e+01
8.498773311962132482e+01
8.466997297429672642e+01
8.528624989098493359e+01
8.504273890345110942e+01
8.525201770283844382e+01
8.565104283751888659e+01
8.607115664148878409e+01
8.629082362171411091e+01
8.729552802880662910e+01
8.765413459060128787e+01
8.821423301432659514e+01
8.523929338716651216e+01
8.554389328269087400e+01
8.506891780699339733e+01
8.549292078124076966e+01
8.525689191613133744e+01
8.508393134655290169e+01
8.565093885829969622e+01
8.520815088178383689e+01
8.544693303997651412e+01
8.562197024666124889e+01
8.564007203543042124e+01
8.580281740939952329e+01
8.577995742116591771e+01
8.586471559375556240e+01
8.589691185818091412e+01
8.568650055864905823e+01
8.586017873238093046e+01
8.599918611732915963e+01
8.573010655087121279e+01
8.603279703487501706e+01
8.641342668780968950e+01
8.685779821083465890e+01
8.789755887483508445e+01
8.855139384827305093e+01
8.900867326011213265e+01
8.986093954813445350e+01
8.526295572366038300e+01
8.520433271763143068e+01
8.536499582320246304e+01
8.665975887564509605e+01
8.638914848267025093e+01
8.596415313237609723e+01
8.619546243645748973e+01
8.608306886652302126e+01
8.571019863431914132e+01
8.624557495602880408e+01
8.606496160135867513e+01
8.576936602863256098e+01
8.599341413751996299e+01
8.616409701438917068e+01
8.621724442941174971e+01
8.635291146202139601e+01
8.631458010559137506e+01
8.622257790609552330e+01
8.627171501874911996e+01
8.624530282311175711e+01
8.627801170710176848e+01
8.635023959627339707e+01
8.632388411325410971e+01
8.664834292296865215e+01
8.715241742200279873e+01
8.782140941988015470e+01
8.848364599136213826e+01
8.920949789911709615e+01
8.999971173331111629e+01
9.131735995943508044e+01
9.160051484943915057e+01
8.762339235401709914e+01
8.815862198015250328e+01
8.722318627357857679e+01
8.674923747105938787e+01
8.665626842230666682e+01
8.673407949647859994e+01
8.633475917307440284e+01
8.650638218636790100e+01
8.654767494809563289e+01
8.639960920949354772e+01
8.621158560653286429e+01
8.643957866539390977e+01
8.652012826891969155e+01
8.653509999866480484e+01
8.665587831227094284e+01
8.670196910424721182e+01
8.654933948054778625e+01
8.648208191773159115e+01
8.654371874048243285e+01
8.653476928313196481e+01
8.653208924736208019e+01
8.661217897908630903e+01
8.679277246496658904e+01
8.714878694780618673e+01
8.740710717084503756e+01
8.788691266231093380e+01
8.848641863295108578e+01
8.918779710141018313e+01
9.015411297192333961e+01
9.040358347356392699e+01
9.154350833708092239e+01
9.247734464866753967e+01
9.281343236192014956e+01
9.346272817580756964e+01
8.889559765902708932e+01
8.979219495146907093e+01
8.829071933049499421e+01
8.781258996794521465e+01
8.733376600735400075e+01
8.712977347064061462e+01
8.717899858666595492e+01
8.674119633474386148e+01
8.673369192647925274e+01
8.668617615248409436e+01
8.658069459774534948e+01
8.656680255539720292e+01
8.653580692023837173e+01
8.665940862282795365e+01
8.671931907969502618e+01
8.678219267159923334e+01
8.688938293598769746e+01
8.686159621019135102e+01
8.675482243021984630e+01
8.669219170526017137e+01
8.667017707221087619e+01
8.662817077307096270e+01
8.659174871913869254e+01
8.666928945397738460e+01
8.693489888224026174e+01
8.719388362890208555e+01
8.742892284772102585e+01
8.801680618826004832e+01
8.844618413909631727e+01
8.902855330601160233e+01
8.971904273418205378e+01
9.055574209908643013e+01
9.109421008243982953e+01
9.215233604511765009e+01
9.345938334113974122e+01
9.354093159732029505e+01
9.430648271501391378e+01
9.578502749628515289e+01
9.536645012059378246e+01
8.993443889294458415e+01
9.159300839770969560e+01
8.952605657460752298e+01
8.890275361198301596e+01
8.828144357210678095e+01
8.768629391419480612e+01
8.778575915791215323e+01
8.723228039061947925e+01
8.687786460289765955e+01
8.666226350377748133e+01
8.661676337304329820e+01
8.663163123571759172e+01
8.664882580572974291e+01
8.671579828642485666e+01
8.680820282539188781e+01
8.689264260291811581e+01
8.694208586887802426e+01
8.700213972301082777e+01
8.695299754566764250e+01
8.692962324262558127e+01
8.684073404401803487e+01
8.678323129950017290e+01
8.671237117256725924e+01
8.664822672057354680e+01
8.654254958357721250e+01
8.661707470351086613e+01
8.662084649969955308e+01
8.683127046035278340e+01
8.694803851942099016e+01
8.701035530648245242e+01
8.758864074427678759e+01
8.844162160627368507e+01
8.885775593933212235e+01
8.979740343033022043e+01
9.090092759290516256e+01
9.156891537258863423e+01
9.279622923273535662e+01
9.441815528213663811e+01
9.450716520403824461e+01
9.564284261247674124e+01
9.675866803936871463e+01
9.729744341341995550e+01
9.730441908395116002e+01
8.696001091457529242e+01
9.099596187884377230e+01
9.018470266817658398e+01
8.921514672825109926e+01
8.844320020370747670e+01
8.799143945824792468e+01
8.751307699745292723e+01
8.710307678394011077e+01
8.678523080519710220e+01
8.653662046547128739e+01
8.642615170286762805e+01
8.649408564451005077e+01
8.662190225549622369e+01
8.671390819931448846e+01
8.682046192119419459e+01
8.691157671346377356e+01
8.698218139029049212e+01
8.698375944235513657e+01
8.696687875838713921e+01
8.697372881251402532e+01
8.691671163089009156e+01
8.686238194259874490e+01
8.677400521994788107e+01
8.666928176123302308e+01
8.657277569866408840e+01
8.628067505446337293e+01
8.631057545566153522e+01
8.646541051065729278e+01
8.661724400072381513e+01
8.665503771290700286e+01
8.666652786269457920e+01
8.708247552255592439e+01
8.771143820663732527e+01
8.839011554746626587e+01
8.929822947891001661e+01
9.016324434137086996e+01
9.133684572280230896e+01
9.209237065206208683e+01
9.337724974812205403e+01
9.433428701572010766e+01
9.531541197151327083e+01
9.579963950877996126e+01
9.563606726483138232e+01
9.689539022608542496e+01
9.825611170171096376e+01
9.870350981491355924e+01
9.923300462065299143e+01
9.329550948891187545e+01
9.201254585575628653e+01
9.348998328026299021e+01
8.935822305862825488e+01
9.126777590476946500e+01
9.224349378420900791e+01
9.331524542783985510e+01
9.449989148060376465e+01
9.452963609715288840e+01
9.546466539083128566e+01
9.002337078475248688e+01
9.093899529580707508e+01
8.924819392721457234e+01
8.885447191883636719e+01
8.842704707322373281e+01
8.770065156816210106e+01
8.721899296615758601e+01
8.663458242936309261e+01
8.629172174453694311e+01
8.612572593528675213e+01
8.620929941435130672e+01
8.639080284911294427e+01
8.660311494288478684e+01
8.675076793028442523e+01
8.685336085077902624e+01
8.693325210795372016e+01
8.691388551897942705e+01
8.688458559718239371e+01
8.684260360866936423e+01
8.690993467256197391e+01
8.684536632311468907e+01
8.669696542025884867e+01
8.651124816412674079e+01
8.644773491762178708e+01
8.619471296568025309e+01
8.591396637861242880e+01
8.590349415542324607e+01
8.607239640720186458e+01
8.616462978127812278e+01
8.638134212391055655e+01
8.636801663287299391e+01
8.613260018984266253e+01
8.645495558386950563e+01
8.733615108400019267e+01
8.746019912775633998e+01
8.824322566841857451e+01
8.897164792511186704e+01
8.951188828801451791e+01
9.034453175389175783e+01
9.127966993298161924e+01
9.214628105495894772e+01
9.253130959881647755e+01
9.334078876649894596e+01
9.430376508261504398e+01
9.592803493702002982e+01
9.651072411941113671e+01
9.713912545728159387e+01
9.836111500694345011e+01
9.937813826421496799e+01
9.976568600117398944e+01
1.005736362313036238e+02
1.011710664925631846e+02
8.678637782324807404e+01
9.214990764632482012e+01
9.343484112309141665e+01
9.454656506743185673e+01
9.563366681915221079e+01
9.571296085622753935e+01
9.583762092980471436e+01
9.657429792469520180e+01
9.745122788442391482e+01
8.998177632916497259e+01
9.134338654890656528e+01
8.912841255975034471e+01
8.842653116734780383e+01
8.789433085223390663e+01
8.720057456279347718e+01
8.685829490932573549e+01
8.621480203112260199e+01
8.588478911735055021e+01
8.582552932915977806e+01
8.579560802217625337e+01
8.593298295743852577e+01
8.620612945760345269e+01
8.644808304656142184e+01
8.662897931936342388e+01
8.675040520324610327e+01
8.681083569107127573e+01
8.682805872528412294e+01
8.679526143490791412e+01
8.683752103496928498e+01
8.677110175339844034e+01
8.668347843259398644e+01
8.667060649225830105e+01
8.662840467257414900e+01
8.648786198621844790e+01
8.630303707596890206e+01
8.598854682658236470e+01
8.558706038760188051e+01
8.556836460970066582e+01
8.571146751551709997e+01
8.561084603423158512e+01
8.603043855239187110e+01
8.678797154928183488e+01
8.632470088181631240e+01
8.567759123395298104e+01
8.579332836575059673e+01
8.658226188399173395e+01
8.674570337745259963e+01
8.790199947771058930e+01
8.885210720890043490e+01
8.972887802323633366e+01
9.047753554124238917e+01
9.141897940980729231e+01
9.204053612636303683e+01
9.301696746048592956e+01
9.414358343874995683e+01
9.500189007591703216e+01
9.597016475099930233e+01
9.689587520646234964e+01
9.726159817259981821e+01
9.786753932397806466e+01
9.907030395576707349e+01
9.999403930676504615e+01
1.005665541413992798e+02
1.011938206401671323e+02
1.019468912741329945e+02
1.021009042550288513e+02
1.031888311016060982e+02
9.252639446285742508e+01
9.347288792884396003e+01
9.446411282231557038e+01
9.547245888741039721e+01
9.654104624469870544e+01
9.700512405233388336e+01
9.753468210120558979e+01
9.895812825276169633e+01
9.942530785080374756e+01
9.077668890510507538e+01
8.995034688870075001e+01
8.959562973790225726e+01
8.872651046535033004e+01
8.817960066595291835e+01
8.729515970137225622e+01
8.664322344639310813e+01
8.628202519092880607e+01
8.568020990703216455e+01
8.530521616971962828e+01
8.548335544707398981e+01
8.536786950527545059e+01
8.558664553016332377e+01
8.593342412488911464e+01
8.628264341101457546e+01
8.647662513480646851e+01
8.665487479015951067e+01
8.670304239978243288e+01
8.664523458783413901e+01
8.665878902322876343e+01
8.672825407501150607e+01
8.663609424269476733e+01
8.651831586571294963e+01
8.652396511753262587e+01
8.643056560845840863e+01
8.621116888051641070e+01
8.595600390203898655e+01
8.566012748596986626e+01
8.521918851555402341e+01
8.517945152799136110e+01
8.521216583050751581e+01
8.534647176170815897e+01
8.512882743769588956e+01
8.523112398343511131e+01
8.493799134440692455e+01
8.527161223369613197e+01
8.573096515945832152e+01
8.599273975809677495e+01
8.656124344967261663e+01
8.724427214812135389e+01
8.804106993380587198e+01
8.923644214467992697e+01
8.976154542979841722e+01
9.064443127209229090e+01
9.172795265974055212e+01
9.262054246173154581e+01
9.381852765973307839e+01
9.486550367627249614e+01
9.470823293350666461e+01
9.175306550730817889e+01
9.598035459252842827e+01
9.696299557095747446e+01
9.739178724878469495e+01
9.800262855339427404e+01
9.871089317913394723e+01
9.996311886416827974e+01
1.009700997766745303e+02
1.013288553601963713e+02
1.019211447950678888e+02
1.024971327206124130e+02
1.033458900070416604e+02
1.044646246342887963e+02
1.053175598792908971e+02
9.261940684767944276e+01
9.146673313992060628e+01
9.041798153264126370e+01
8.902808759428617691e+01
8.808658873121190425e+01
8.660453452894321913e+01
8.653061256954219971e+01
8.607262830873013115e+01
8.559352024462381792e+01
8.513549754036934303e+01
8.470698699721700109e+01
8.500867469725208991e+01
8.500203637022278258e+01
8.540895590560177197e+01
8.565093099699697632e+01
8.597204380891906794e+01
8.625941419155364542e+01
8.649646451449301310e+01
8.641013412404747385e+01
8.649570571681245212e+01
8.654667772409707993e+01
8.660092221896589137e+01
8.653285836490150018e+01
8.650553261214233203e+01
8.640088462439375405e+01
8.633286139099000422e+01
8.633635742269626689e+01
8.617869414985166543e+01
8.594729779668146818e+01
8.571939616249393623e+01
8.539691839924780936e+01
8.494192785859408446e+01
8.476709875382474024e+01
8.470735461776868647e+01
8.473054584353370444e+01
8.485122839473294221e+01
8.472849882328316085e+01
8.426081156571873976e+01
8.420185332910021714e+01
8.475224596590216208e+01
8.532572351800796184e+01
8.569932021394770061e+01
8.632202125345541788e+01
8.708887320395395193e+01
8.783617892029435836e+01
8.861722638437194632e+01
8.954767712138965408e+01
9.000128938794624389e+01
9.088465416646883455e+01
9.193176779744983662e+01
9.248887894021397926e+01
9.327439657105475135e+01
9.415342340183755709e+01
9.528639012927034457e+01
9.635391591753685248e+01
9.709668680138690888e+01
9.776173919921154720e+01
9.787055965790747791e+01
9.858135327816319204e+01
9.899741875232204791e+01
9.997765782561958758e+01
1.006819058236671935e+02
1.016031337900610225e+02
1.020870918067451925e+02
1.026565091579195865e+02
1.031390459923295282e+02
1.039615407870728347e+02
1.052516571227040458e+02
1.060396431041605183e+02
1.077964589424362032e+02
9.390302937505650505e+01
9.525741023881498393e+01
9.640045174597057098e+01
9.735464721115971543e+01
9.769105749892294455e+01
9.847675351471002614e+01
9.872972159654781876e+01
1.000948193445633194e+02
1.005248522366003101e+02
1.013753184962466776e+02
9.047393771357333492e+01
8.725013216197299926e+01
9.274561236435022238e+01
9.174944396591435236e+01
9.138835889940126833e+01
9.024383505569416286e+01
8.931600979509489946e+01
8.875479861144093263e+01
8.754923972925965359e+01
8.654884204901748035e+01
8.582150904071387743e+01
8.539140178526972136e+01
8.577930264836216168e+01
8.493969725020566841e+01
8.451616178566523274e+01
8.383054833274597684e+01
8.447203381234372443e+01
8.441595139246201995e+01
8.482817029146247023e+01
8.523686489085741869e+01
8.560272383123086115e+01
8.598743829916276127e+01
8.623449501868773837e+01
8.615458713620969888e+01
8.629507168062629319e+01
8.625970292616516133e+01
8.641665668259095412e+01
8.647252525594522865e+01
8.642933583723448976e+01
8.631406673779980565e+01
8.621362941081463305e+01
8.615499673691574856e+01
8.607445247706762359e+01
8.576583418986022878e+01
8.551889712118099851e+01
8.521924723553260606e+01
8.487269220475266707e+01
8.435168646987816032e+01
8.440598893406907166e+01
8.416444029220446055e+01
8.403522852905142315e+01
8.421871773734258682e+01
8.364363386009648593e+01
8.355830827250319714e+01
8.383687718652822696e+01
8.469525928103811907e+01
8.549111408898163234e+01
8.609120392747546191e+01
8.694366861308598970e+01
8.792033580053839614e+01
8.869308966644186398e+01
8.939695845585393386e+01
9.034279502837749476e+01
9.062716049052683331e+01
9.178725954217631511e+01
9.273235400946353479e+01
9.377462317408222248e+01
9.459749819745324828e+01
9.566770945964613304e+01
9.648196214264200421e+01
9.721202996354377035e+01
9.767152713399968889e+01
9.828801924967171999e+01
9.864387409044262256e+01
9.950374927305711026e+01
9.968170188590222836e+01
1.006890157850704242e+02
1.015971748799390753e+02
1.022266464906485908e+02
1.025456366266548258e+02
1.029317681506246913e+02
1.034068014731340526e+02
1.036443571864997892e+02
1.042575624932882334e+02
1.052293606552490530e+02
1.067159777985180398e+02
1.076186164238819458e+02
1.093126772698571472e+02
1.106913080605486357e+02
1.009162148069274139e+02
9.483699973000717875e+01
9.658815124876221603e+01
9.735515205203863331e+01
9.821844568505437678e+01
9.915412987766920594e+01
9.991561201193333375e+01
1.000409918223367072e+02
1.013681073660907117e+02
1.018661983023024078e+02
1.033458462691021964e+02
9.363989321520763554e+01
9.274747606690598900e+01
9.395080633145742866e+01
9.487354583277442543e+01
9.586478870777949624e+01
9.704692850654956260e+01
9.801075581423168614e+01
9.906293265564409012e+01
1.001709607224929073e+02
9.919050485444546439e+01
9.159320912306232287e+01
9.078526579452957890e+01
8.990889205424528541e+01
8.915330669992133039e+01
8.815729201494389145e+01
8.723398590706366917e+01
8.631239331477142684e+01
8.571050636441559334e+01
8.485066807782385467e+01
8.458208172665752045e+01
8.388960409199417256e+01
8.314613825488576992e+01
8.296152130887580256e+01
8.343675655511289335e+01
8.398829044598477367e+01
8.360345520006187314e+01
8.410278789557246171e+01
8.470224694356947737e+01
8.511485833006528878e+01
8.522505557112364727e+01
8.551750305681441944e+01
8.589391149670711911e+01
8.595506231142961440e+01
8.610696399981658544e+01
8.617395334943397245e+01
8.605723355028850108e+01
8.595962061995886927e+01
8.568532238234820397e+01
8.533299313718110568e+01
8.481705507956193912e+01
8.438541206437722053e+01
8.390128700875031598e+01
8.364877093253305418e+01
8.341689157802724708e+01
8.336498496283364545e+01
8.365797109156989109e+01
8.295740322674022593e+01
8.288502757674690713e+01
8.310166064773980565e+01
8.302099211616551599e+01
8.394033966765782395e+01
8.481162393954369350e+01
8.556459639293082375e+01
8.642158837789891379e+01
8.717997225727388866e+01
8.808052250818920470e+01
8.875514152179171390e+01
8.967186063724098233e+01
9.068113108407992229e+01
9.135011277266629293e+01
9.127087327703408448e+01
9.203472545570795660e+01
9.261155845297425060e+01
9.326161679193799614e+01
9.391366855306210937e+01
9.483498915878473667e+01
9.590097631951834956e+01
9.664214960426460266e+01
9.751398442171866066e+01
9.798128795443145123e+01
9.884219754492018239e+01
9.898311573811589881e+01
9.946303574491815880e+01
1.003366188637486971e+02
1.005106039985461450e+02
1.015328964021356626e+02
1.022191470889391383e+02
1.028908495078281931e+02
1.032955277614790361e+02
1.036089111175525659e+02
1.041184941857466129e+02
1.045507969617010531e+02
1.050881248568379078e+02
1.059872581489202474e+02
1.072740744769837846e+02
1.080838452673394698e+02
1.097991239405373989e+02
1.112394357126832602e+02
1.135034134545675357e+02
1.142174348641497801e+02
9.235418466416086858e+01
8.611896803418227364e+01
8.631252414619528679e+01
8.591606393071322145e+01
8.752219395099655230e+01
1.003122939301762102e+02
1.012619843796041010e+02
1.011352029028211632e+02
1.023658419216809392e+02
1.025876470799378239e+02
1.037481856618225464e+02
1.044817815882178138e+02
1.054679639358890597e+02
9.321323431402908000e+01
9.398766391442259760e+01
9.503900874120347453e+01
9.555649139895980682e+01
9.649780511072653155e+01
9.733753291063847257e+01
9.813962505889490728e+01
9.919625284089023864e+01
1.001703692618306007e+02
1.011872960909886103e+02
1.012534387769262878e+02
1.022916008912247321e+02
1.021999296665723591e+02
1.032795269384207018e+02
1.036709987836049862e+02
1.054715303663973316e+02
1.055142707485578200e+02
1.072767804383721284e+02
1.077951400882911344e+02
9.211209794962276476e+01
9.276564075528317233e+01
9.089228074497978582e+01
8.994596864859229868e+01
8.860513128698605101e+01
8.783200591786285827e+01
8.709034520696866366e+01
8.626314656185107310e+01
8.556849486833932872e+01
8.514673642467396064e+01
8.400356800525327117e+01
8.371151823367948452e+01
8.295410659785966345e+01
8.239711711056891374e+01
8.215796296213019900e+01
8.283470023688481376e+01
8.271538525023937893e+01
8.333939491787265297e+01
8.344378178918194067e+01
8.402328266837842818e+01
8.453732305835666239e+01
8.491311665008818466e+01
8.507246444215550696e+01
8.529306926054535154e+01
8.560954052131734215e+01
8.583216153193913556e+01
8.593611450084176795e+01
8.585488499115625416e+01
8.576551474266329933e+01
8.552727811636681565e+01
8.540692373117867930e+01
8.508636015824174592e+01
8.470890287208214886e+01
8.440377087549336466e+01
8.387846430756584937e+01
8.328566294961964900e+01
8.275429386974029455e+01
8.275190377909858341e+01
8.278558452680965729e+01
8.230481645788520950e+01
8.206766698027237794e+01
8.213088935421447445e+01
8.250604466200653064e+01
8.318853184538151879e+01
8.381282800670062727e+01
8.464586178182882747e+01
8.535222587075686818e+01
8.630208803892645619e+01
8.695693227698124872e+01
8.780987074742826337e+01
8.842334776758279702e+01
8.895246373685239405e+01
8.946951836616952392e+01
9.026705144111312507e+01
9.102317468341789208e+01
9.143796939232262844e+01
9.224515736974319680e+01
9.260534472934061512e+01
9.327246599421077633e+01
9.397939462572244906e+01
9.467780335665047176e+01
9.538216127111319054e+01
9.607924723890327812e+01
9.681497292654375997e+01
9.752750118597347750e+01
9.801078673486233583e+01
9.833671521823713135e+01
9.898788095626125028e+01
9.951431795605643060e+01
1.004098517631479695e+02
9.964944606230652369e+01
8.709384356168928321e+01
8.574837587418191731e+01
1.012103284029728485e+02
1.019846755343435234e+02
1.011181331801229248e+02
1.022312764210081042e+02
1.028067772234579138e+02
1.033567885754868030e+02
1.036126445624682049e+02
1.037144467655907647e+02
1.041254112347920682e+02
1.046473210906235352e+02
1.049075904509425357e+02
1.053056236767097147e+02
1.062201076621395401e+02
1.065225511155013294e+02
1.081278662990842747e+02
1.089260105483130161e+02
1.107869123182604625e+02
1.123545580358834002e+02
1.153088079772215195e+02
1.170446334304780436e+02
1.184921802822780563e+02
9.443555641994470307e+01
9.551972692292302725e+01
9.605213223368212994e+01
9.694289096432665076e+01
9.802280456675894982e+01
9.911034966339431662e+01
1.001340314520386983e+02
1.012054679591517470e+02
1.021822115360415211e+02
1.022326638931504164e+02
1.033821346275262130e+02
1.040441396241947984e+02
1.030420848555420861e+02
9.336607955563164296e+01
9.282560939167569813e+01
9.208580398283154977e+01
9.111319370987027355e+01
9.070861864585110368e+01
8.998047619686415999e+01
8.924287450970136604e+01
8.855137026933940092e+01
8.848629232926242594e+01
8.788305349143610101e+01
8.713299892371462363e+01
8.658357170705254191e+01
8.591360788353352973e+01
8.530623801310356669e+01
8.427518010463226972e+01
8.312794070441481153e+01
8.282906506276474090e+01
8.197337483930509450e+01
8.144412196198659615e+01
8.131726459247552441e+01
8.187872697101958863e+01
8.219047301380871318e+01
1.044399166009420270e+02
1.056976922378906920e+02
1.064790039806178186e+02
1.071650409602503800e+02
1.082186411115341542e+02
1.092481310731677411e+02
1.106383401829516799e+02
8.471517267785372951e+01
8.274043106094869415e+01
8.287075439302849134e+01
8.346149052173950622e+01
8.381463955627620521e+01
8.429614020868670821e+01
8.472556386662637351e+01
8.492661256538295333e+01
8.517875518081007158e+01
8.553449077260397360e+01
8.568616047499313026e+01
8.563339814374951686e+01
8.528722357122789788e+01
8.526624193319122469e+01
8.499104114221378836e+01
8.461472306095016904e+01
8.418294735597228851e+01
8.362151902806310488e+01
8.320339112363886613e+01
8.256546659743116834e+01
8.180595730703912238e+01
8.187391753369783487e+01
8.199104332362718139e+01
8.131211431741850504e+01
8.066491697367064262e+01
8.133772423341075353e+01
8.286671435222157811e+01
8.393414580599026920e+01
8.481123579663135104e+01
8.585109525131456110e+01
8.601647438367493237e+01
8.662901499847137643e+01
8.737602144045547448e+01
8.820301377309201030e+01
8.759163901515086081e+01
8.889259980417489260e+01
8.935634270647611288e+01
8.983617586897592844e+01
9.035776064664082696e+01
9.088530853067885573e+01
9.145008332951807972e+01
9.187472828497290323e+01
9.255385475070666246e+01
9.312250498665424914e+01
9.301942325168892012e+01
9.371923122503011427e+01
9.467893402120796509e+01
9.542095037705317395e+01
9.614868848929360468e+01
9.695293829437741806e+01
9.778838582821879299e+01
9.818797465167433813e+01
9.861085467999583898e+01
9.922598770427708814e+01
9.973040861204934515e+01
1.002235239568999532e+02
1.010850587363013631e+02
1.017832055314966340e+02
1.025094801913283220e+02
1.027506289236398942e+02
1.033843413691351003e+02
1.040297453492854913e+02
1.040567560056142469e+02
1.043354383150512916e+02
1.047585123265945981e+02
1.050922543765833126e+02
1.053972942461260374e+02
1.054754496800161689e+02
1.058744271645607995e+02
1.059939929611687432e+02
1.064417190909281743e+02
1.074926403348533341e+02
1.090556660950297498e+02
1.100340446522173039e+02
1.126554810653316139e+02
1.146691516343923212e+02
1.169224914115364840e+02
1.188685493969093585e+02
1.210132315872999982e+02
1.234366342220506851e+02
1.058230018970160984e+02
9.367513167213516567e+01
9.477592919971030483e+01
9.573445279252037210e+01
9.661056089984970185e+01
9.768668155398121655e+01
9.845093648482004767e+01
9.904331068344819755e+01
9.994160378095183717e+01
1.007556777359316413e+02
1.014468143213884730e+02
1.019526163077450889e+02
1.030586731300392529e+02
1.033550968242858659e+02
1.043752680039280420e+02
1.043276338570804853e+02
1.050800709356493172e+02
1.054945501111986346e+02
1.048068394083718147e+02
9.290020946338415797e+01
9.234498764324072795e+01
9.159742616982742902e+01
9.131829951274143298e+01
9.071569525458455985e+01
9.009789532698096082e+01
8.922274760975051322e+01
8.887174842867035807e+01
8.860221003238747528e+01
8.779887864869414216e+01
8.726218440621973116e+01
8.689367535043025725e+01
8.595035060455151665e+01
8.503150069594687466e+01
8.378273056911449146e+01
8.223829648874638565e+01
8.186726632386685765e+01
8.090563253742547545e+01
8.041274734958329873e+01
8.017182940239980837e+01
8.095936665229879736e+01
8.117106349848326374e+01
8.210174275643872477e+01
8.227202418732190381e+01
8.307585851895282758e+01
8.364366334339402442e+01
8.408217495305336797e+01
8.449642970679433063e+01
8.472186829767721861e+01
8.513935091900310681e+01
8.490491030850981247e+01
8.454414036012191502e+01
8.421110177951818798e+01
8.369050636114835129e+01
8.309383284644624723e+01
8.250317150083756701e+01
8.172168884181566284e+01
8.087317904448954664e+01
8.095587594800893783e+01
8.089082270026167976e+01
7.956030037049789883e+01
7.903299609716812313e+01
8.005961847904285378e+01
8.083397524267662959e+01
8.243609267732573187e+01
8.378399282282232718e+01
8.461920230326502690e+01
8.510568436883642107e+01
8.578779194084350479e+01
8.641442065692764629e+01
8.667101750541522165e+01
8.727013663915860775e+01
8.779020913978915530e+01
8.811147778076957593e+01
8.869731442454482817e+01
8.891995393727346197e+01
8.940601152865404799e+01
8.985240301859698775e+01
9.047973419824300834e+01
9.100743019028855940e+01
9.146725899422894202e+01
9.199782629612191442e+01
9.244982495508753573e+01
9.304203360755312247e+01
9.358791743238955974e+01
9.435374107786293507e+01
9.497187038736014131e+01
9.542771578735973037e+01
9.591758175969847855e+01
9.636005951231854283e+01
9.674432449759991925e+01
9.722160132127424959e+01
9.758879890262790013e+01
9.802372673325143637e+01
9.834065204684591777e+01
9.842899461240565984e+01
9.884504028589036295e+01
9.944214678640493332e+01
9.994261003912778563e+01
1.005774633836014544e+02
1.008871548635628983e+02
1.013945660081394067e+02
1.016924302252610772e+02
1.022834191674038919e+02
1.029346599780115952e+02
1.031525040655721028e+02
1.035734743118843824e+02
1.039355574945545868e+02
1.044989935225203368e+02
1.045523461498948024e+02
1.045402059387461406e+02
1.049140381236466197e+02
1.052879800258881602e+02
1.055324586678860470e+02
1.056952338695633671e+02
1.058257809448921734e+02
1.057328614562068623e+02
1.059352568835907675e+02
1.062422592929393801e+02
1.069899902163581515e+02
1.078112872032718457e+02
1.084457618249236646e+02
1.106975074985177940e+02
1.123066403514926606e+02
1.148157976646722176e+02
1.176334852445942261e+02
1.203307207382918591e+02
1.228172870518131106e+02
1.255056093385658329e+02
1.287745841722319824e+02
8.517462055518569741e+01
1.061430126299540149e+02
1.066266300586313918e+02
1.072920960358618174e+02
1.083207484118552060e+02
1.091150733430659585e+02
1.114309657298277614e+02
1.127265697800305446e+02
1.141421235047711065e+02
8.542091969138664354e+01
9.420888197572068634e+01
9.347156556863080823e+01
9.299423192652356818e+01
9.258710105096861298e+01
9.195172113815621628e+01
9.166183424060942286e+01
9.074691627956961781e+01
9.002778572493468801e+01
8.938060463353750151e+01
8.917899999920385312e+01
8.887377408942022328e+01
8.833276318908009728e+01
8.784747651026272308e+01
8.753185211700737511e+01
8.760597624397580319e+01
8.726474878391093171e+01
8.686106701085259374e+01
8.636880818607214394e+01
8.575318312946711785e+01
8.540521419855018337e+01
8.458452698479503340e+01
8.363692469931831397e+01
8.265648475670404594e+01
8.048333442354443434e+01
7.937612171914905446e+01
7.899088917496368367e+01
7.915898628641146217e+01
8.013539561646631171e+01
8.030699210515605557e+01
8.131049793053593078e+01
8.127192779401381983e+01
8.246076317491552743e+01
8.306469308069765134e+01
8.308346789531360344e+01
8.354898811864551078e+01
8.411750325991583566e+01
8.376661193345495349e+01
8.422995748081558531e+01
9.539365194884685195e+01
9.622830448726945463e+01
9.708191902345318169e+01
9.753149279662088134e+01
9.838123902489087413e+01
9.927124179732493303e+01
9.987652109383567733e+01
1.008116767732706904e+02
1.017313206260134990e+02
1.021350397704201782e+02
1.026608518457364454e+02
1.033555307878467033e+02
1.039081691993326615e+02
1.037720791963627960e+02
1.041935353143081642e+02
1.048210303585799608e+02
1.052769947230075473e+02
1.048549378205908482e+02
1.054663945541466603e+02
1.057367542230429933e+02
1.058200163861717016e+02
1.062777828144475905e+02
1.066372988107670778e+02
1.072688646269335635e+02
1.080403438604788846e+02
1.098431099157993742e+02
1.116789617825457839e+02
1.145004980577549532e+02
1.172600963980768114e+02
1.184964902553712136e+02
9.482014317053123875e+01
8.234779884309520526e+01
8.180662466464940508e+01
8.090815090736717252e+01
7.973188000531327191e+01
7.967303732388386095e+01
7.807303651288974322e+01
7.741469823727558719e+01
7.631415205699693161e+01
8.110614374204723731e+01
8.349797065658448503e+01
8.507189574818923461e+01
8.542414480450698022e+01
8.615209906745479884e+01
8.663630153361251018e+01
8.699864800470597004e+01
8.746159835991097964e+01
8.786596138458845928e+01
8.821152701258581885e+01
8.852402911838841248e+01
8.900685548075695408e+01
8.948094056631835258e+01
8.982767828383995834e+01
9.009141638258476803e+01
9.058121847574716412e+01
9.098156277186636487e+01
9.133478938480547527e+01
9.158552245733501707e+01
9.188043987914922184e+01
9.233569817387925127e+01
9.270747213859792168e+01
9.318062107182070974e+01
9.356631155346200046e+01
9.398847913494290651e+01
9.451332090900096716e+01
9.497337423944964030e+01
9.551851312521912973e+01
9.612730110337174949e+01
9.645594628676560944e+01
9.683726553559634453e+01
9.724313424406274464e+01
9.739512250350944100e+01
9.783011310271695038e+01
9.832614325347329043e+01
9.859447406644278544e+01
9.886012715146524954e+01
9.939015916139253193e+01
9.986154841786957093e+01
1.003301372063220782e+02
1.009156759073712806e+02
1.011425775273555132e+02
1.016639527435544608e+02
1.019219652506910165e+02
1.023419038475416585e+02
1.027430816154450923e+02
1.031407010915885110e+02
1.035222632087277361e+02
1.038020540550956241e+02
1.043693894133789399e+02
1.048120107956486891e+02
1.049947502219633577e+02
1.049651271459610200e+02
1.051202644244903155e+02
1.052803636291802718e+02
1.055365239941905031e+02
1.056270909945315992e+02
1.057369893141480048e+02
1.057832992526270033e+02
1.058030831008942982e+02
1.056325304596509369e+02
1.054454575630463040e+02
1.055551309283629280e+02
1.057059527590983805e+02
1.063169508970149195e+02
1.064160984174583575e+02
1.066372639073705244e+02
1.083942057507914285e+02
1.095873808611471247e+02
1.127962321797921845e+02
1.155098188240855706e+02
1.186710237396531795e+02
1.212689773809260316e+02
1.241922200447664864e+02
1.270428589807277575e+02
1.300560500682831560e+02
1.340117481051292714e+02
8.684102544492215259e+01
1.033404669291418116e+02
1.041649254365620436e+02
1.092305785255507260e+02
9.360482534652531683e+01
9.421856273745018484e+01
9.489522858980497233e+01
9.561074652372487037e+01
9.630065004517381055e+01
9.682033265481118178e+01
9.753422657012372099e+01
9.792363908190142752e+01
9.868743994509345896e+01
9.909155454809953767e+01
9.980236382495198200e+01
1.002673466134869500e+02
1.011925490171483091e+02
1.020821333627711027e+02
1.023095377768286767e+02
1.027469105049834184e+02
1.033910183997237482e+02
1.040233618281398122e+02
1.046657960322449981e+02
1.044039798215176518e+02
1.049281981621693518e+02
1.054381718596058448e+02
1.058677205569027819e+02
1.059348640960356676e+02
1.060762396434307675e+02
1.062006192480184836e+02
1.065551850719200786e+02
1.068612843880102474e+02
1.072232192874299415e+02
1.072082258214194752e+02
1.075128354070530605e+02
1.090726765587005360e+02
1.115499071888310567e+02
1.140479422497854642e+02
1.176879614696891991e+02
1.211869807146099447e+02
1.237400932654536376e+02
9.307605270549416332e+01
9.243509863678204397e+01
9.226693028889357606e+01
9.164941153769228777e+01
9.107422176039311523e+01
9.044140503829541444e+01
8.988603956136036288e+01
8.964137778008057467e+01
8.954902177408027342e+01
8.889199283995415612e+01
8.840509569265418577e+01
8.798224680335881942e+01
8.806604493458782201e+01
8.779136163937582182e+01
8.742589791091737084e+01
8.697355392303985866e+01
8.659350115604883058e+01
8.611196506692191122e+01
8.581283112701461846e+01
8.521707647294950050e+01
8.483087140518811964e+01
8.631030934984359249e+01
7.520391860407444540e+01
7.746072939117858880e+01
7.727164718765106954e+01
7.781144435455493635e+01
7.894463083459345398e+01
7.954182863401079828e+01
8.007712093760979144e+01
8.071051238926965254e+01
8.182128556258449237e+01
8.245107238175002351e+01
8.054939000105137836e+01
8.153646929986035730e+01
7.966338714155261869e+01
7.864180642846069702e+01
7.887762843805275281e+01
7.785777503869918803e+01
7.631420613793297036e+01
7.441121926590864177e+01
7.050022251915892468e+01
7.438728697133549872e+01
8.656544288485270044e+01
8.527027740283857327e+01
8.597310528062406831e+01
8.601501148034259359e+01
8.582233112011336118e+01
8.624425175750917560e+01
8.658319634012393351e+01
8.696620422812065954e+01
8.736007297854324349e+01
8.776509743965664256e+01
8.816361418884594059e+01
8.830599617790345235e+01
8.867704915128167897e+01
8.910500836836213523e+01
8.935786701694712519e+01
8.974400894796191608e+01
8.989458591955738598e+01
9.026225206266788348e+01
9.066028067744863961e+01
9.102883684070674519e+01
9.137396444618751445e+01
9.172394570812521408e+01
9.201620695957404905e+01
9.245029478397400169e+01
9.282365500125175117e+01
9.288170503858572147e+01
9.330725925409966237e+01
9.358941504549837020e+01
9.397694441648202712e+01
9.433600274387985962e+01
9.481183519236734014e+01
9.506594558695790909e+01
9.553952767287651682e+01
9.595012187862676001e+01
9.625904833404990768e+01
9.664046869727066280e+01
9.698947427185503045e+01
9.734579717372515972e+01
9.766855805385664269e+01
9.801747146608205696e+01
9.833905589603023145e+01
9.867660406091017933e+01
9.897108951981192604e+01
9.944259785725094503e+01
9.977237620139833041e+01
1.001827982279105669e+02
1.005274176218426163e+02
1.008599175006819735e+02
1.012397311751243336e+02
1.014240119974990222e+02
1.019198805124131013e+02
1.020967821409545024e+02
1.026323884519291738e+02
1.029953361269640197e+02
1.034865350558298900e+02
1.038623132882802764e+02
1.042943602675180728e+02
1.046961751584513252e+02
1.050639725969324871e+02
1.051700975428612423e+02
1.053032381189137254e+02
1.053270492554050719e+02
1.055333586531919963e+02
1.056067435679271256e+02
1.058137505958356996e+02
1.058127724190802326e+02
1.058502856972624642e+02
1.059299674706226995e+02
1.057543490418393617e+02
1.054653542859605295e+02
1.050494585547297390e+02
1.051565447083957139e+02
1.051060518398564625e+02
1.052709380480200849e+02
1.052460599204710263e+02
1.043658881449576654e+02
1.057452019098891469e+02
1.066250537036112860e+02
1.074678718451440886e+02
1.105267684786608839e+02
1.141991265540298031e+02
1.179072799242846230e+02
1.214365334564399888e+02
1.255359081272003721e+02
1.310812468896134533e+02
1.335229581209256935e+02
1.368273935712410889e+02
1.386080261028498057e+02
9.702783088382135190e+01
1.039768387831692706e+02
9.364444022777178134e+01
9.431325992849923523e+01
9.472183191871972952e+01
9.516375175651711515e+01
9.566931282383690416e+01
9.614682986309067303e+01
9.660052800163458642e+01
9.698403675996783591e+01
9.749484699647430830e+01
9.799304615458950707e+01
9.828870970102204296e+01
9.900883885560102726e+01
9.939034206571845687e+01
1.001459749547284162e+02
1.006922407824289252e+02
1.014484009644550184e+02
1.021515921184586375e+02
1.027792708189638660e+02
1.028200035131278014e+02
1.034806443678030661e+02
1.038553272162110659e+02
1.043395968532217353e+02
1.046289279184386203e+02
1.050339935558418887e+02
1.052882232918664869e+02
1.057265805610952611e+02
1.060341587887999850e+02
1.063576915073052618e+02
1.063944118309602089e+02
1.065192854436275098e+02
1.067236328104079774e+02
1.068063403559851281e+02
1.068324960284471814e+02
1.068351894962480628e+02
1.065826795151084951e+02
1.074319721422798608e+02
1.088441957047205051e+02
1.107391521998422093e+02
1.129505716978216157e+02
1.156079223215574672e+02
1.181953551632965400e+02
1.212916938142567886e+02
1.259382963599352649e+02
1.294759671366077498e+02
9.307131903229883108e+01
9.264631149064598503e+01
9.193090974369728485e+01
9.120543282730321266e+01
9.075990832635623917e+01
9.022997167224191628e+01
9.010864698206158607e+01
8.973873195366104483e+01
8.935722228426877223e+01
8.902198236644871088e+01
8.850098216825476527e+01
8.825335658174118691e+01
8.810247840114568874e+01
8.770280432222558886e+01
8.730109904022901901e+01
8.691339582190985880e+01
8.653777358786145157e+01
8.620134167715927731e+01
8.597378428183802157e+01
8.595336660120229055e+01
7.208579678822363235e+01
6.872253987916244000e+01
7.602861090196526561e+01
7.675640039883552390e+01
7.787915852161592056e+01
7.863121378516758853e+01
7.921564535880274605e+01
7.822079051681944861e+01
7.720846861418357321e+01
7.583889207666841514e+01
7.345075862922551835e+01
6.868103421220418170e+01
8.856864868338077201e+01
8.896167011248101630e+01
9.013258892067538852e+01
9.051216739366014963e+01
9.089213666231843547e+01
9.126252715782672453e+01
9.141716194716026678e+01
9.177207850949598367e+01
9.210801288180439883e+01
9.246144600498193711e+01
9.286056125498645031e+01
9.318330274699941640e+01
9.357939356843671419e+01
9.386482124614668976e+01
9.424078059806821273e+01
9.464494770798343382e+01
9.500901496147690750e+01
9.525059493458959992e+01
9.567646962384695541e+01
9.614876022182042448e+01
9.652437394358958045e+01
9.703957144856549633e+01
9.739685881884179253e+01
9.759393387243135010e+01
9.796134532028030151e+01
9.837621285652150505e+01
9.868156768118562638e+01
9.897988458933500056e+01
9.924809468915657362e+01
9.959876176227838585e+01
9.998279911007600163e+01
1.005032386886404225e+02
1.009748873180104596e+02
1.013434865546701360e+02
1.016157624927950991e+02
1.019971282744231047e+02
1.023663013617232309e+02
1.027195912460027643e+02
1.029602480063605725e+02
1.032890085505478339e+02
1.036920084578551098e+02
1.039135681287511801e+02
1.042092199767152039e+02
1.046353452061650700e+02
1.049170322975913621e+02
1.052151338317657263e+02
1.054513604406512428e+02
1.054643461071999297e+02
1.056017396200504521e+02
1.057373000767164370e+02
1.058162811324513513e+02
1.058802044855280400e+02
1.060401478887579998e+02
1.059557499034075505e+02
1.060782926143274381e+02
1.060725293614473941e+02
1.058586387343857069e+02
1.056419383036396056e+02
1.052809751966025971e+02
1.050061889052168169e+02
1.046412873232709018e+02
1.046078546490303296e+02
1.046056907332190491e+02
1.040617558390339923e+02
1.028075478140596744e+02
1.024753471222426384e+02
1.041470246320982653e+02
1.041604818093804425e+02
9.591462745913864296e+01
1.022669415772732577e+02
1.041875790166949258e+02
1.063994717228539173e+02
1.094838004447139781e+02
1.137095308729656864e+02
1.180111746503801839e+02
1.223414673631717164e+02
1.259888237843846213e+02
1.293130521481594712e+02
1.333336034782633135e+02
1.352745265580942373e+02
1.380093415214345214e+02
1.407155138520989794e+02
1.423550803329382290e+02
9.375360773000473102e+01
9.356964519232063537e+01
9.416366000424720539e+01
9.468780208262539588e+01
9.502231472694475656e+01
9.547059043548802038e+01
9.593304057885126213e+01
9.633873624246228928e+01
9.678123076997682972e+01
9.714679660280148710e+01
9.757491709640002853e+01
9.788633479743525356e+01
9.831353737597402187e+01
9.859164109799472442e+01
9.907646580674263248e+01
9.946339589487378419e+01
9.995947781275498301e+01
1.006665410740322528e+02
1.012604756805923216e+02
1.019122601862909079e+02
1.024618361099166748e+02
1.029620679800617467e+02
1.032616156924495243e+02
1.033585237198062430e+02
1.039180583868723033e+02
1.043189813081894641e+02
1.047135165780340458e+02
1.049917572243257808e+02
1.055413358103537291e+02
1.061108589784491585e+02
1.064454936844019954e+02
1.067257983137390909e+02
1.066336134574554393e+02
1.066897533513795508e+02
1.067648235567376105e+02
1.069070135565279855e+02
1.068115070954889347e+02
1.066211036456142267e+02
1.065999038534711474e+02
1.063960473591062339e+02
1.059312614834546622e+02
1.054595313475153091e+02
1.061549639047283762e+02
1.077805810054603199e+02
1.105412650221778819e+02
1.141420873647336691e+02
1.169400699336724045e+02
1.218237477907731119e+02
1.260555118899918199e+02
1.311810685401229364e+02
1.353299088829477341e+02
9.958302147718323738e+01
1.008485884390322553e+02
1.063481638473656545e+02
9.313196989912886181e+01
9.306203090374043541e+01
9.248835259642177675e+01
9.205783269002766644e+01
9.169065339224765410e+01
9.138552097996939949e+01
9.089828718890493064e+01
9.055637686484784865e+01
9.048363607934616937e+01
9.000362297589693128e+01
8.967612315868605322e+01
8.943623540203979871e+01
8.928938175511693487e+01
8.890346804307478124e+01
8.863961610425774040e+01
8.850524744501595364e+01
7.235865873182076768e+01
7.310714184421711082e+01
7.465161116884065962e+01
7.588752672998025162e+01
7.721723394067585389e+01
7.763227912579046119e+01
7.675703318554828058e+01
7.555066797559678093e+01
7.459539492636878322e+01
7.300841277940827467e+01
9.163368121252555909e+01
9.199718570110668736e+01
9.215292279144651388e+01
9.236264831043747847e+01
9.272727502349403039e+01
9.308559864925226179e+01
9.323331627316481729e+01
9.358682453801836232e+01
9.385924140227653822e+01
9.407209161855945467e+01
9.444148998249882254e+01
9.472105459303261910e+01
9.501975128179704200e+01
9.531198776736948730e+01
9.557940534757010198e+01
9.598899592193423302e+01
9.634914216314595592e+01
9.668186770974386945e+01
9.691203254001892731e+01
9.724697405947809159e+01
9.758574548227042555e+01
9.775834027241612034e+01
9.806683149475405514e+01
9.825295440194419427e+01
9.858339096736028750e+01
9.872616299145977337e+01
9.904199446467032431e+01
9.931202156991848540e+01
9.965744023928351680e+01
9.994949743241959084e+01
1.002905644156668643e+02
1.006007505226460808e+02
1.009053361046559019e+02
1.012913335647067044e+02
1.017604200488795101e+02
1.022346530314491559e+02
1.026554903934279395e+02
1.029862443427143717e+02
1.032655203493082183e+02
1.035039605160051508e+02
1.038422090466184500e+02
1.041033947071521055e+02
1.043919334126392044e+02
1.046333110066213834e+02
1.048902529902235869e+02
1.050416782475396644e+02
1.053361350154897593e+02
1.054476194823060240e+02
1.056705173093568391e+02
1.057984658720459095e+02
1.057896537209488343e+02
1.056243040133418418e+02
1.058933500561514052e+02
1.060539405100252281e+02
1.060348670844711734e+02
1.061506092999509576e+02
1.061656530082958767e+02
1.062318948883393404e+02
1.060884483218076468e+02
1.059735251461525962e+02
1.058513346062380975e+02
1.055852076991410797e+02
1.052791689818121057e+02
1.048878033803818823e+02
1.044548719564545394e+02
1.040853892089261450e+02
1.038807997780971561e+02
1.030347668742195566e+02
1.018481162004112832e+02
1.015758441487340633e+02
1.005833952691793058e+02
1.007806569242138721e+02
1.023614026869194618e+02
1.009194619564645166e+02
1.018654571166982237e+02
1.041730168991160070e+02
1.102768248193398932e+02
1.151196183194563503e+02
1.200062747065890534e+02
1.246093012938613782e+02
1.292023481025365754e+02
1.337136105546498186e+02
1.365306773820919659e+02
1.393666965961231483e+02
1.418140671315427142e+02
1.435500255064805515e+02
1.434396509828823412e+02
1.450852942096767890e+02
9.413959093424369939e+01
9.362066080304600746e+01
9.345151200797724300e+01
9.314741144264507966e+01
9.279857175401535585e+01
9.243066981855533015e+01
9.209069674001364092e+01
9.170139420682178866e+01
9.128884150077193738e+01
9.092068678137771087e+01
9.093566591898746765e+01
9.059247448182614448e+01
9.024604379826577372e+01
8.984379111025381803e+01
8.967944013882788568e+01
9.471914389544602386e+01
9.522271751090181624e+01
9.577987531331143600e+01
9.634865448115010622e+01
9.693747836649519911e+01
9.726407438219361268e+01
9.768326380252611330e+01
9.802000367595297803e+01
9.846752081102698639e+01
9.873181030184470330e+01
9.911396405555188949e+01
9.955013338385826671e+01
1.000110676502914941e+02
1.004560911090137267e+02
1.009135389939030603e+02
1.012705472973239011e+02
1.016549255552471891e+02
1.022720371217067168e+02
1.026482432331477241e+02
1.031465893302906238e+02
1.034703131007527048e+02
1.037206252466756382e+02
1.042920594858862415e+02
1.047438299433155038e+02
1.051279607852113855e+02
1.053441842941506366e+02
1.057619954034266812e+02
1.059804774485108112e+02
1.063056651645585902e+02
1.066169603372137118e+02
1.067330761933058909e+02
1.069901051015839641e+02
1.069018854031919261e+02
1.070466748814836251e+02
1.069887664780628995e+02
1.067795070029382174e+02
1.063577447688628155e+02
1.062849423886455895e+02
1.058663609981911122e+02
1.052817889319600937e+02
1.045216834575701625e+02
1.043061253586513004e+02
1.039757044059479085e+02
1.057082697587069617e+02
1.081206665225653438e+02
1.110886278240147647e+02
1.132833987031820300e+02
1.167843674095183673e+02
1.209149247066046939e+02
1.228209905787917364e+02
1.265780832950675716e+02
1.295327453457231854e+02
1.333732652731214046e+02
1.354493452856006570e+02
1.386145992222641894e+02
1.403723402700018710e+02
1.068732709302977923e+02
7.465177628117797326e+01
7.476092482409616480e+01
7.530586144497962664e+01
7.620965639189331853e+01
7.523573456741524978e+01
7.477022489913770187e+01
9.343915692887689772e+01
9.379578331124756119e+01
9.414586693567535747e+01
9.422773683777802489e+01
9.449697483187603098e+01
9.484880209870848944e+01
9.519311222149603680e+01
9.535317303669484090e+01
9.567032698800645107e+01
9.602799258196226617e+01
9.622685743614208320e+01
9.656870635114931645e+01
9.791798347754995291e+01
9.891979600383795912e+01
9.924607406504274820e+01
9.957749892554011240e+01
9.990025533886927178e+01
1.000493171648893025e+02
1.003555922499027560e+02
1.006494225117456125e+02
1.009793066086131290e+02
1.012830657240880470e+02
1.015549336240473082e+02
1.018938240042912753e+02
1.021600515952155774e+02
1.024550384943978401e+02
1.027424072515853481e+02
1.029478450907446643e+02
1.032900685636418956e+02
1.035612109654048112e+02
1.038788751145307998e+02
1.041035977429611421e+02
1.042922505422100699e+02
1.045188105925249715e+02
1.047746385151979212e+02
1.050487180124240041e+02
1.051959198619806557e+02
1.054781275165013312e+02
1.055735106062308688e+02
1.057787081502789164e+02
1.058980884266859306e+02
1.060162480532524114e+02
1.060689102317198547e+02
1.062152213948231463e+02
1.062878839100740009e+02
1.062519325256598250e+02
1.061679139186429097e+02
9.937280002687494118e+01
1.062710601210581984e+02
1.063748656140653566e+02
1.063598065411406850e+02
1.062097908158482511e+02
1.060748467584804331e+02
1.060802915733080312e+02
1.058846312454079879e+02
1.056191127258502860e+02
1.053358184516830676e+02
1.049526701291170667e+02
1.043932753057853375e+02
1.037211297367457092e+02
1.033048163422179613e+02
1.025567678832562137e+02
1.018864690889399753e+02
1.010329469729175855e+02
1.006235910989154689e+02
9.900750090528249814e+01
9.946477192769792453e+01
9.935649899002758900e+01
9.826698683517106758e+01
9.874171141703210708e+01
9.802224881868997386e+01
1.023291748510036427e+02
1.070659091338702922e+02
1.118097128929800448e+02
1.163776114828814343e+02
1.199814413444402845e+02
1.248531253393603890e+02
1.298904871306532698e+02
1.329635130077176939e+02
1.373370081551929331e+02
1.371401068345483054e+02
1.403071891518742120e+02
1.425088982165965206e+02
1.440798084254072080e+02
1.453105272377158883e+02
1.452549297012845102e+02
1.469621075542642927e+02
9.413978399234353844e+01
9.379829364035043682e+01
9.351754281718727668e+01
9.318466166126883365e+01
9.281641319255071210e+01
9.246663654795263199e+01
9.229877493885774697e+01
9.193931129911631217e+01
9.172493610824173516e+01
9.134228552753205577e+01
9.119966753386999869e+01
9.082321836658569225e+01
9.044192700323509371e+01
9.006353008901525925e+01
9.452742663828294667e+01
9.492709111961626434e+01
9.528146044542069149e+01
9.563942711568586219e+01
9.603003246248124469e+01
9.635987279463084576e+01
9.668598043201912162e+01
9.704735653645082039e+01
9.735677528834521866e+01
9.774063638919484731e+01
9.806887063383096859e+01
9.840963510421090632e+01
9.888885583246727151e+01
9.940582591512243482e+01
9.995840788437224944e+01
1.003540218653407550e+02
1.008426573854869304e+02
1.013153103200961596e+02
1.018001900891323004e+02
1.021486063645848361e+02
1.024917868908443523e+02
1.029450959835742765e+02
1.033443283998078925e+02
1.037676565952700827e+02
1.039819472410340211e+02
1.042881362553190598e+02
1.046621275992026909e+02
1.050265807452387321e+02
1.054120618497606188e+02
1.055606835871438562e+02
1.059809734964469499e+02
1.062316576444021905e+02
1.065817109827394376e+02
1.068135305736760898e+02
1.069269237668151078e+02
1.069662284689075307e+02
1.072252658677147394e+02
1.072601422377539961e+02
1.071057260278811611e+02
1.071372231249226985e+02
1.070640540478750893e+02
1.068958576921521626e+02
1.063837803255318732e+02
1.060073083725006882e+02
1.054502950571790905e+02
1.047943096622957597e+02
1.040798574281117936e+02
1.034281221027521411e+02
1.030966150717402741e+02
1.021728355754541724e+02
1.025740802912214633e+02
1.051690775022020006e+02
1.087117853756342214e+02
1.122346601424810757e+02
1.170775779828839376e+02
1.194959770691955754e+02
1.249239696709893082e+02
1.296764866717842608e+02
1.341184587167173277e+02
1.373659110408491131e+02
1.394540140145012970e+02
1.419346361464337178e+02
1.443475455138840573e+02
9.554195437925187662e+01
9.588362227726689468e+01
1.002200737089637954e+02
1.005397980870997685e+02
1.008600662590031476e+02
1.011744793763588177e+02
1.014861643511055149e+02
1.016061223827393576e+02
1.017945360111655475e+02
1.020983865505877048e+02
1.022145625012319812e+02
1.025012398745405022e+02
1.028078175785873896e+02
1.030676408001503859e+02
1.033825610217172937e+02
1.036299351227911245e+02
1.039178595935076572e+02
1.041898579917805563e+02
1.042029014709619190e+02
1.043796897768010439e+02
1.046383652688309951e+02
1.049119024494216177e+02
1.052102959070952011e+02
1.053548170784449667e+02
1.055910480430258644e+02
1.057268971564051867e+02
1.059251791210059253e+02
1.059869816968463425e+02
1.061065231125364221e+02
1.061853348537851076e+02
1.062616132178317230e+02
1.063981073106508433e+02
1.064500874093327951e+02
1.063654200931102594e+02
1.064912012343396697e+02
1.065077187014438351e+02
1.064473720926807658e+02
1.063227264813330208e+02
1.062422470536969996e+02
1.062863606532990133e+02
1.060992054803165701e+02
1.060670041279005602e+02
1.056543367803190847e+02
1.053384731833997421e+02
1.050138900291416206e+02
1.045894949477340390e+02
1.042444582486070175e+02
1.036681429061566035e+02
1.028606016632194411e+02
1.027905483813361798e+02
1.015914328969569738e+02
1.004942129464394611e+02
9.960538392702436283e+01
9.820791843330975723e+01
9.755050028713449706e+01
9.786716522829655673e+01
9.614167154157067330e+01
9.641702566109621841e+01
9.536886834033811056e+01
9.382755454989643340e+01
9.417918956403647712e+01
9.817041682934566893e+01
1.056291647746400031e+02
1.146199922679658698e+02
1.214605538138217895e+02
1.280897814103134635e+02
1.317192766407189026e+02
1.362273913871252091e+02
1.396427866231846338e+02
1.421472780503877402e+02
1.436571079080743516e+02
1.455839268070097603e+02
1.470502022640527571e+02
1.465243992153469321e+02
1.468215436282840756e+02
1.481276883200817167e+02
9.444227280761953125e+01
9.419423735034918366e+01
9.386914309524216549e+01
9.374610846176068435e+01
9.339297412810778098e+01
9.302789921920805227e+01
9.266801297703604234e+01
9.156506180327434663e+01
9.472016687676504887e+01
9.496926411002544910e+01
9.531352681262684712e+01
9.567662990203344009e+01
9.602456331513135979e+01
9.638546473340815623e+01
9.672399354537355975e+01
9.707993170498976099e+01
9.741693952155404190e+01
9.777627610764562860e+01
9.807446938231538525e+01
9.845319114974603281e+01
9.876121539981426167e+01
9.908211533281617278e+01
9.937866108235353124e+01
9.973527759225453337e+01
1.001100378105620479e+02
1.004947105268762044e+02
1.010278243266092773e+02
1.012660702308963323e+02
1.016715541208800460e+02
1.020475317426299995e+02
1.023625315293057412e+02
1.027565342704148890e+02
1.030202160574659729e+02
1.033737681938534791e+02
1.036746442659198948e+02
1.039801523749602978e+02
1.041415910439621086e+02
1.045226008883315956e+02
1.049829485982738078e+02
1.052287314758439152e+02
1.054921773832258225e+02
1.056418505395950689e+02
1.058108030931934707e+02
1.061882688280509370e+02
1.063611438453646798e+02
1.065836046607883674e+02
1.068664490566115148e+02
1.070833253823586659e+02
1.071741443583570401e+02
1.074271559193896621e+02
1.073809293695473741e+02
1.073706938144377716e+02
1.072703165853869081e+02
1.071633215773354237e+02
1.071404328055224227e+02
1.068695868532373936e+02
1.065941593449582996e+02
1.062767161539037204e+02
1.059068691432501339e+02
1.051556025630554672e+02
1.043090902024952129e+02
1.034474493258952208e+02
1.026335046743067494e+02
1.019073914939053935e+02
1.007191049189723913e+02
1.009499947951840397e+02
1.003109491256010557e+02
1.027696121328592653e+02
1.033616562829138132e+02
1.069221625013087333e+02
1.106694990778079841e+02
1.144710134421666936e+02
1.158036284192920817e+02
1.218415316721405901e+02
1.279564859819527953e+02
1.320402976553569943e+02
1.373971577912310522e+02
1.388004090643823645e+02
1.407919244076822451e+02
1.421187764598551553e+02
1.444108640155143632e+02
1.466578948075625419e+02
1.472997559103152980e+02
1.024048443618105040e+02
1.026978692937007338e+02
1.029906515917326146e+02
1.032769974408523694e+02
1.035605896049384711e+02
1.038360463964346536e+02
1.041044484986834391e+02
1.043664297894425630e+02
1.044522898256075791e+02
1.047026328962148085e+02
1.048648160420496964e+02
1.051068055664523371e+02
1.053358121407444514e+02
1.054150314965884974e+02
1.055551173180911206e+02
1.057598657491407863e+02
1.058061621868935163e+02
1.059383433518522253e+02
1.061098517066811269e+02
1.061918346901876191e+02
1.062797476579448812e+02
1.063272665893907885e+02
1.063858102112915276e+02
1.065329269145022266e+02
1.065310015752875898e+02
1.065777553102082180e+02
1.066048841002392322e+02
1.066542732594081428e+02
1.065695550745114275e+02
1.064384720992895978e+02
1.064831206926297682e+02
1.064301733405567347e+02
1.063326379170516560e+02
1.061226804930051912e+02
1.058606463739812540e+02
1.055357625331575804e+02
1.051185068059847225e+02
1.047246537056906561e+02
1.042937369552669367e+02
1.040426096029298009e+02
1.034389415848746694e+02
1.029823424655387498e+02
1.023534180354549505e+02
1.017422878722623807e+02
1.007880477116177076e+02
9.954748226235284392e+01
9.864906583563649178e+01
9.743231668389618960e+01
9.683032417589943464e+01
9.626145404216926238e+01
9.463594944971234213e+01
9.424213976600118770e+01
9.175370596407645962e+01
9.129801819392355355e+01
8.962831849150444441e+01
9.253855812104481515e+01
9.873383689603124935e+01
1.032346880624016165e+02
1.098520483414836804e+02
1.162624841142394558e+02
1.210702579061066331e+02
1.262253125852639641e+02
1.296459682555515087e+02
1.355678465065597891e+02
1.396673739143847683e+02
1.421896173486497048e+02
1.448922734937306416e+02
1.460670872624286289e+02
1.474135054575607171e+02
1.483221149167364104e+02
1.486846902678967695e+02
1.476995366939237044e+02
1.476201557788704690e+02
1.483141297999757171e+02
1.488095054022176953e+02
1.062519656359491762e+02
1.053491674104363653e+02
9.460791045719024339e+01
9.446067036898337221e+01
9.410572888862603236e+01
9.517427307016029658e+01
9.552171182954630524e+01
9.587662790918982125e+01
9.622311889831411236e+01
9.657722095937177187e+01
9.692201895698092073e+01
9.727512101128040456e+01
9.762256799744051250e+01
9.796622748058676677e+01
9.831330452806957965e+01
9.865556857486210163e+01
9.884084717939137477e+01
9.913179414800229949e+01
9.942921413343532322e+01
9.965217842240751622e+01
9.990590067337655000e+01
1.001628409232325509e+02
1.004902809323181998e+02
1.007904678128510625e+02
1.011544160457063555e+02
1.014674651723765209e+02
1.018207270775466640e+02
1.021098126573340608e+02
1.024617400398001479e+02
1.028025437925639096e+02
1.030947905893050631e+02
1.032486377763649728e+02
1.036709380015228135e+02
1.040740646530711331e+02
1.045096016675940263e+02
1.042562368972436957e+02
9.481514376437029057e+01
1.047862372960436232e+02
1.051631301211279634e+02
1.054619514472782100e+02
1.057310339822257959e+02
1.058310533385068197e+02
1.060792694904078246e+02
1.063383415233267897e+02
1.065711813680977258e+02
1.068413081208451842e+02
1.070883902141197268e+02
1.072377410699076847e+02
1.073149379521694868e+02
1.074584410814688624e+02
1.075717757277791407e+02
1.076254836512491124e+02
1.075152348547556471e+02
1.074871258969681094e+02
1.073935507957050532e+02
1.073274476738992149e+02
1.073706458254026472e+02
1.070884234575588607e+02
1.068230281830352055e+02
1.065296262335628796e+02
1.059464519800435056e+02
1.051991997657691940e+02
1.043881910685047671e+02
1.031659471159020143e+02
1.020696684720554828e+02
1.010162735309486948e+02
1.008622932482779930e+02
9.941449493887557765e+01
9.930269736187686647e+01
9.719680961858078660e+01
9.994520080042801169e+01
1.021227869942113813e+02
1.032004945547880936e+02
1.085248818007668490e+02
1.108041911084097393e+02
1.179888173066866557e+02
1.241240867966550780e+02
1.277591762940685101e+02
1.344383670184566029e+02
1.371638540768678354e+02
1.410730200366791394e+02
1.416338570119240501e+02
1.419199629248018653e+02
1.435648217802249746e+02
1.460990861274529493e+02
1.478458249754741587e+02
1.482046423288374797e+02
1.491914272747105485e+02
1.046167172082514583e+02
1.059557603539645640e+02
1.061427119261200431e+02
1.063132745600881037e+02
1.063045674164056038e+02
1.063579091554106668e+02
1.064281606495093229e+02
1.065799159685837623e+02
1.066587783163259786e+02
1.066622730846913498e+02
1.066906407180026974e+02
1.067107830956490773e+02
1.067972434029789639e+02
1.067246650417913969e+02
1.066253951952525796e+02
1.066193502006490519e+02
1.066195600705646029e+02
1.065268107275319096e+02
1.063179276810225247e+02
1.060281478400592619e+02
1.057448386763810930e+02
1.053966050199531850e+02
1.049524392501133434e+02
1.045125958232858778e+02
1.040975127601914068e+02
1.037434547419971409e+02
1.030771925163954279e+02
1.025777865726104210e+02
1.019282004122801766e+02
1.011943188783360910e+02
1.001517669145447229e+02
9.898155909265742025e+01
9.841370074957117708e+01
9.771625029568504317e+01
9.646788128498705817e+01
9.611490549558791940e+01
9.545374283917637115e+01
9.399774700667195759e+01
9.263717042972754712e+01
9.076040111442199532e+01
8.883099336962214920e+01
8.869047145924787401e+01
8.652788312570633877e+01
8.811635969158822945e+01
9.019073786538484683e+01
9.611571431614457595e+01
1.006709936550078055e+02
1.083015716974712177e+02
1.160512193789878239e+02
1.231301890867369622e+02
1.274169074055473203e+02
1.323476081346344699e+02
1.386062235811319567e+02
1.409617693860039651e+02
1.444990174374125900e+02
1.484005801673491192e+02
1.480802674883424288e+02
1.486180985276074011e+02
1.498181035278705053e+02
1.501836993252214825e+02
1.501258010749965592e+02
1.495839925043953258e+02
1.486194796245367513e+02
1.483449136686048178e+02
1.487709145574696379e+02
1.490795355054150377e+02
1.064548035864669657e+02
9.900049104310707548e+01
9.934378039853105236e+01
9.968575565024647744e+01
9.982212285769450943e+01
1.000257504829986885e+02
1.003652815878502622e+02
1.006991535685138217e+02
1.008365902493677737e+02
1.010369281812476032e+02
1.013673181244974302e+02
1.015060454450499776e+02
1.018311364445960407e+02
1.021600460409635645e+02
1.023530768560179780e+02
1.026742713535806359e+02
1.029955396066343667e+02
1.033098190498109119e+02
1.034260987498162336e+02
1.036226188883668016e+02
1.039295162763301192e+02
1.040509525312951951e+02
1.043291159783861701e+02
1.046448479075487370e+02
1.047633210879306631e+02
1.049828805042987483e+02
1.052413009308160952e+02
1.054919221824451938e+02
1.056991551996963068e+02
1.059557149923203099e+02
1.060214981327835488e+02
1.062746171838280560e+02
1.065570119358092995e+02
1.067571951541303292e+02
1.068922108099174295e+02
1.070947067836600866e+02
1.072583663507964076e+02
1.073970970516729864e+02
1.075739975874277121e+02
1.077034542022844761e+02
1.076974563522836661e+02
1.077659791511100167e+02
1.076091583697392053e+02
1.075867349991850972e+02
1.075402640507409870e+02
1.074684748813084525e+02
1.074497940480602409e+02
1.075835043793781409e+02
1.072380605133400735e+02
1.069828109343002467e+02
1.067134647336487632e+02
1.063562549313358545e+02
1.057162596414390521e+02
1.049634810894782930e+02
1.045416279160256465e+02
1.039423545516885810e+02
1.033729922746728818e+02
1.023694983455225866e+02
1.011574144459756752e+02
1.002368309542336107e+02
9.985048205948008615e+01
9.834476568436411981e+01
9.752259303503289800e+01
9.619920413332216924e+01
9.546642643635925651e+01
9.675579097196403211e+01
9.844781685630206880e+01
9.699725339121350487e+01
1.016016871277635261e+02
1.026948726231513689e+02
1.040824001831482946e+02
1.091983357167516857e+02
1.192343373388040817e+02
1.210613985294778558e+02
1.309333458323277455e+02
1.375057537110370163e+02
1.390345407900939563e+02
1.432444830252594272e+02
1.453504026849413435e+02
1.445682202899152458e+02
1.460820257338862973e+02
1.477349780615190582e+02
1.493359593224454898e+02
1.492895965756880230e+02
1.504280505133895076e+02
1.162795738373096555e+02
1.064658410159778867e+02
1.064570017621041274e+02
1.065565858566346122e+02
1.066946909100683030e+02
1.067454160505977683e+02
1.068087004778686122e+02
1.067688934930245352e+02
1.068001909800116209e+02
1.069281592831910359e+02
1.069397689844508363e+02
1.068787745172562040e+02
1.067952455662560709e+02
1.067769405216451304e+02
1.068634161514154641e+02
1.067457561734338185e+02
1.065897473304722922e+02
1.064003899220110441e+02
1.061722099749097765e+02
1.058857210459814979e+02
1.056647342080987073e+02
1.053700426613859804e+02
1.049919137459265954e+02
1.046030557830827945e+02
1.042587453666039181e+02
1.037393774337686096e+02
1.031830562362005281e+02
1.024729101717627060e+02
1.023692287613777694e+02
1.017299040758856847e+02
1.008221749123544555e+02
1.002057305447389268e+02
9.949261626612526754e+01
9.882982393663456833e+01
9.788462386184028219e+01
9.702462084994780867e+01
9.591020008418972509e+01
9.496994031744792153e+01
9.490033305614782932e+01
9.314895248062792632e+01
9.168391300070184968e+01
8.950317343083565902e+01
8.645164570580691077e+01
8.633154793580969510e+01
8.353141279415450526e+01
8.504644756061041733e+01
8.637033954778604539e+01
8.874987946812581185e+01
9.408679710066330415e+01
9.889699031311856459e+01
1.052289225169216422e+02
1.137693329495450740e+02
1.223511220685484915e+02
1.287144839111158774e+02
1.338299956415161489e+02
1.422698744211031112e+02
1.449038858095286457e+02
1.483144143112663187e+02
1.525126099655814187e+02
1.512801082010429639e+02
1.520321612917405218e+02
1.535040429222138414e+02
1.516807600616932348e+02
1.513904846240314725e+02
1.509766061591420794e+02
1.496143809704612124e+02
1.489179771520112752e+02
1.490899306558411581e+02
1.036040102170691029e+02
9.476332633189774413e+01
1.017000861762277708e+02
1.020242875451408935e+02
1.042316520780466931e+02
1.045284182536976800e+02
1.048164948290667269e+02
1.049288168045433167e+02
1.051027517448395230e+02
1.053780341785128201e+02
1.056470516365543659e+02
1.059083492927809544e+02
1.061608681109759260e+02
1.062189522522798626e+02
1.064676951069777147e+02
1.066905648025123128e+02
1.068199076689319327e+02
1.070174345177034922e+02
1.070746830947408910e+02
1.072384747457652452e+02
1.072791118773151453e+02
1.074448014612393223e+02
1.075578589745377798e+02
1.076976861297264776e+02
1.078741434266420640e+02
1.078315474058170196e+02
1.079716152301052432e+02
1.079002637472260204e+02
1.077884372832598530e+02
1.076925516162596210e+02
1.076647022288446038e+02
1.077590197140901438e+02
1.076753322253610605e+02
1.075807289133076523e+02
1.073484491689283402e+02
1.071210562482391992e+02
1.068470171208514756e+02
1.064347949089566896e+02
1.060026313123162396e+02
1.055337923115093020e+02
1.052523891546810546e+02
1.046152602918141383e+02
1.042343569170682827e+02
1.038904821066692108e+02
1.032495231935871089e+02
1.026906560127017940e+02
1.017606784353290976e+02
1.006415955634762724e+02
9.995090662521700153e+01
9.914402717539529419e+01
9.783847342707116468e+01
9.675545103516608947e+01
9.554204284246173984e+01
9.439767580787076895e+01
9.323226746324523617e+01
9.423383672768785857e+01
9.176586024224025095e+01
9.568474764406364841e+01
9.808573320239750615e+01
9.828186569985545873e+01
1.034491953507539677e+02
1.124599205603152399e+02
1.098260144003697718e+02
1.166681308575877409e+02
1.254810188942483506e+02
1.337787226166845755e+02
1.411111379229382123e+02
1.434349859392349629e+02
1.467300729039469047e+02
1.489048990626283739e+02
1.493952610379625980e+02
1.467398117481504300e+02
1.480952469609932507e+02
1.491689877078648863e+02
1.508202783848072102e+02
1.508951173880784324e+02
1.505231750254506835e+02
1.502621759373377870e+02
1.510739201772161948e+02
1.066055447610852696e+02
1.067303019534547701e+02
1.068334025460714116e+02
1.069217850557369047e+02
1.069883138262707831e+02
1.068919916030681350e+02
1.070292493308187431e+02
1.070490248575926415e+02
1.070431354779171329e+02
1.070147183027503957e+02
1.069553517112823471e+02
1.061696550580674199e+02
1.059126441327557444e+02
1.056046463952004189e+02
1.052042463656712812e+02
1.047979927132741267e+02
1.044168594729296018e+02
1.039604240590701068e+02
1.033517754353182596e+02
1.028338678064992706e+02
1.022164815756167968e+02
1.018639982297712976e+02
1.013656901080964445e+02
1.008933176824571945e+02
1.002125111830091413e+02
9.958446417971236997e+01
9.899832231424046824e+01
9.812084235097492524e+01
9.761884139141687911e+01
9.645877491000850057e+01
9.492518315989453015e+01
9.344090124791546259e+01
9.193587517142360355e+01
9.021558310882903697e+01
8.782392541040013612e+01
8.543816234294865808e+01
8.343684731387408249e+01
8.413999530445622099e+01
8.182924082589266845e+01
8.052756883687858647e+01
8.223719508490843566e+01
8.293175395047187237e+01
8.528815894577140000e+01
8.642387876434112570e+01
8.978415777615991544e+01
9.437494300757589372e+01
1.015552923518395829e+02
1.097518316887619250e+02
1.168279239187956620e+02
1.250275090668294808e+02
1.285689342352829385e+02
1.387406720186263556e+02
1.475527007833963182e+02
1.480290641979950408e+02
1.513893306034220245e+02
1.554383649813423744e+02
1.574537809856959427e+02
1.549614117061948377e+02
1.545291229236377433e+02
1.570500581425663711e+02
1.563509070767251501e+02
1.541726627612446237e+02
1.533121161100051779e+02
9.373622758147234890e+01
1.064008972358201532e+02
1.066322487320043564e+02
1.068512223247919053e+02
1.070616830944784539e+02
1.072534674647555448e+02
1.072434258263732545e+02
1.073939962961646017e+02
1.074290870993941098e+02
1.075797493322080669e+02
1.076791418434768843e+02
1.078230304461775120e+02
1.079634533759372488e+02
1.080475759441143708e+02
1.079712484956298226e+02
1.081094340022951457e+02
1.081445773522481630e+02
1.080345597831028073e+02
1.079570803867758855e+02
1.079040303249008019e+02
1.077523214281993091e+02
1.077581447317428314e+02
1.074858138717710148e+02
1.072087195223610365e+02
1.069990308557148637e+02
1.066871799613280842e+02
1.065159121544000556e+02
1.061706034330026114e+02
1.057460634544100628e+02
1.056179915848841375e+02
1.051277205036153788e+02
1.047331325838768663e+02
1.039101998074919067e+02
1.030088959723896664e+02
1.024216479839984686e+02
1.018145905956060915e+02
1.011066008251749508e+02
1.004442033833358749e+02
9.951703937273855161e+01
9.825384930824918683e+01
9.663708095828911837e+01
9.482506232390575462e+01
9.334060282773015160e+01
9.252582913832070233e+01
9.057595092342474175e+01
9.055274835348528484e+01
8.856716566953426195e+01
9.030895590560108133e+01
9.285477868754179553e+01
9.174148429791573278e+01
9.448589828497846099e+01
9.915026963919139291e+01
1.080383516626170604e+02
1.184330026424090363e+02
1.284652340320891994e+02
1.374358152098938035e+02
1.457240338656933432e+02
1.473947555699159011e+02
1.482100510751563149e+02
1.512828207740868152e+02
1.516318218614826492e+02
1.518931772855630129e+02
1.504908070559396549e+02
1.486539111871533692e+02
1.527543664825943210e+02
1.529156868884975893e+02
1.513659694127291289e+02
1.516893357494448082e+02
1.513511659273447094e+02
1.508978942183210563e+02
1.511441281961727441e+02
1.513668466126298995e+02
1.527356409034136391e+02
1.052499477374181254e+02
1.048642288737623005e+02
1.044221043485908496e+02
1.039419680483605362e+02
1.035266098779381849e+02
1.029419206792628501e+02
1.023867280692019648e+02
1.017514311790877741e+02
1.012348151591350103e+02
1.015568143435164217e+02
1.006564654833352250e+02
9.999398771187497914e+01
9.938930626613763764e+01
9.892511990647300024e+01
9.843793900923560614e+01
9.821357171674854669e+01
9.747618989212283225e+01
9.686817291120085827e+01
9.534902468608342474e+01
9.357874070478975170e+01
9.165521843975771787e+01
8.960236781826691299e+01
8.749396938230582066e+01
9.960795054719426389e+01
8.012208124273485055e+01
8.042620746209280469e+01
8.344082407555940506e+01
8.621593839873121112e+01
9.122430817298183570e+01
9.551897052940441313e+01
1.026847572895612188e+02
1.118188824661012433e+02
1.193017057501140243e+02
1.213234653142875459e+02
1.307487715786285776e+02
1.394841393253032891e+02
1.449355842017172904e+02
1.511223132414715167e+02
1.566870093835013620e+02
1.531002077333968714e+02
1.568796020734640990e+02
1.599395027098250353e+02
1.617262687315024436e+02
1.586416190097201593e+02
1.613494377631762973e+02
1.587715395570399721e+02
1.579499060766172249e+02
1.565401404816917363e+02
1.074245992392268789e+02
1.075913873282585627e+02
1.077335810995875534e+02
1.078600275911776123e+02
1.081498466428556213e+02
1.081354656538562580e+02
1.080844608017163750e+02
1.079087596705481218e+02
1.080008400243436455e+02
1.078885991346188149e+02
1.076699782585370855e+02
1.074710017401718147e+02
1.072395797061170128e+02
1.069564867673650213e+02
1.065961391702333145e+02
1.061296567394007440e+02
1.058198099356917368e+02
1.052812421204100417e+02
1.049077719854571171e+02
1.043761447126788084e+02
1.038747883796807656e+02
1.031681957218908821e+02
1.025208674399417959e+02
1.018274316995566835e+02
1.011966895737929661e+02
1.006087007503442976e+02
9.972500886560878541e+01
9.862516332125269969e+01
9.751449505999487144e+01
9.659467983372292110e+01
9.536487737878165660e+01
9.358853557169013015e+01
9.192227714776450398e+01
9.122249566189937298e+01
8.823167343280563557e+01
8.813106442599422508e+01
8.560966224404403135e+01
8.720559756917880634e+01
8.875401490862644494e+01
8.868446954898332990e+01
9.204455388892959888e+01
9.306789134412991871e+01
1.009204583851771986e+02
1.101962615101833336e+02
1.218155312286908583e+02
1.305279710348039259e+02
1.382806282130440820e+02
1.462083917078836350e+02
1.532120507681162280e+02
1.531069131592197436e+02
1.528776576879382105e+02
1.566847666661955998e+02
1.540318578608825817e+02
1.542581647161374292e+02
1.541060977394953682e+02
1.550329543368621614e+02
1.546795382188487622e+02
1.560492629294232643e+02
1.542694013558917447e+02
1.528092100345174345e+02
1.518986110517093664e+02
1.513797868372386972e+02
1.063433241188208740e+02
1.059837708340647140e+02
1.034010912250003571e+02
1.028252728277340395e+02
1.021936083252542602e+02
1.015288650538322344e+02
1.010643157737497972e+02
1.003727196880883099e+02
9.971981846569229901e+01
9.921622892373591185e+01
9.886163664875610380e+01
9.851657772143130387e+01
9.849451532917908025e+01
9.861075456276374496e+01
9.803075020449986710e+01
8.217819972768242565e+01
8.508239738489969284e+01
8.967965207381433856e+01
9.498703663921223495e+01
1.006729690576378431e+02
1.075922363799903678e+02
1.169731769438434412e+02
1.121181471992101564e+02
1.241506816587194635e+02
1.279948331430815784e+02
1.368378051283113450e+02
1.450064261753248616e+02
1.537712079047916518e+02
1.579489665365514384e+02
1.642776200324140348e+02
1.596797415770182056e+02
1.623919428237286695e+02
1.647005293947008511e+02
1.654720719729442351e+02
1.631370576878922236e+02
1.652377337740387873e+02
1.632150614147511192e+02
1.604303569544950108e+02
1.601553516270225543e+02
1.077294868121661437e+02
1.075452088041996745e+02
1.072378980763877649e+02
1.069717471892657272e+02
1.067384122468672842e+02
1.063379841107982742e+02
1.060067542046696190e+02
1.055186313587870757e+02
1.050968585127524477e+02
1.045338765738535045e+02
1.040085623429179407e+02
1.033741799425695405e+02
1.028460789127685473e+02
1.022776147069742052e+02
1.016172005817806223e+02
1.010096572829900339e+02
1.005374350472597200e+02
1.000380072145918575e+02
9.920574609063451987e+01
9.803672550088374749e+01
9.651715316056719018e+01
9.505730852768387251e+01
9.327275055252306402e+01
9.127458901708321548e+01
8.923228711496302878e+01
8.956109933570824921e+01
8.727349138624511227e+01
8.538787291593315842e+01
8.606960177444403826e+01
8.391524854604666928e+01
8.275495198852274825e+01
8.445389455728465578e+01
8.524512994774499930e+01
8.549239410395779259e+01
8.819991893481949319e+01
8.790211057853873911e+01
9.225383925150175912e+01
9.713967965000723837e+01
1.042028968637115440e+02
1.089424199045491974e+02
1.169024868532707728e+02
1.280299479971571941e+02
1.388071266484800219e+02
1.469507241122109065e+02
1.527491597191514359e+02
1.594113268692569534e+02
1.597214940949286870e+02
1.589061742953927308e+02
1.580792794186724279e+02
1.624347186949034381e+02
1.603223162629672061e+02
1.568773847665268306e+02
1.567733312397534746e+02
1.578622337598899605e+02
1.573937486619486208e+02
1.599824775345670105e+02
1.585384733061594034e+02
1.556054853800909257e+02
1.532653471274496155e+02
1.012233482761675418e+02
1.008174819864901792e+02
1.000910188888571639e+02
9.938339259346288657e+01
9.876048751160730887e+01
9.858961598621382905e+01
9.837175162373134185e+01
9.849882187685716417e+01
8.981751641481884008e+01
9.545885664409205162e+01
1.023668058102753662e+02
1.084293445156083635e+02
1.155205382616299090e+02
1.252160545560477516e+02
1.346935918606619396e+02
1.439524367966518525e+02
1.568027735471168853e+02
1.649225814740302951e+02
1.681832023253492423e+02
1.615916003840890767e+02
1.436784997299672000e+02
1.712976782548512062e+02
1.700166375477914187e+02
1.679331146430155854e+02
1.695213036475026911e+02
1.670145507538555307e+02
1.682031915650799476e+02
1.678560280308088011e+02
1.656391324960543159e+02
1.639575403706154759e+02
1.625406956750429401e+02
1.636671746454551908e+02
1.650046906498683370e+02
1.073206374608755311e+02
1.070431213640201236e+02
1.067255713998039965e+02
1.063693810838382348e+02
1.059553601243272709e+02
1.055009174408031498e+02
1.049839432708495224e+02
1.044295707964725750e+02
1.038122472294704863e+02
1.031628500457184288e+02
1.026922178517971957e+02
1.020052700026120078e+02
1.013523975153089935e+02
1.008471303097569489e+02
1.004771734504834626e+02
1.001168501724881850e+02
9.979314819972388761e+01
9.904074014153329131e+01
9.841299376194146475e+01
9.690371568523721635e+01
9.515901713072250345e+01
8.252117720819767044e+01
8.293902014661460953e+01
8.481122026904522215e+01
9.874569895427012511e+01
1.061836318221123605e+02
1.115840455937759970e+02
1.133088546331789388e+02
1.211475727770185387e+02
1.333584805051230262e+02
1.445928836404895321e+02
1.361634542731949580e+02
1.520663369304249386e+02
1.588559001971383111e+02
1.649170778695679473e+02
1.659486256320322752e+02
1.646180190094561908e+02
1.675682643306228101e+02
1.678134461789753971e+02
1.639729580876980037e+02
1.621198509248368964e+02
1.611812212098378723e+02
1.612724223739244280e+02
1.629618900414535574e+02
1.614311909000593914e+02
1.621004316712109983e+02
1.587627047443940569e+02
1.621950575554435829e+02
1.590530299016576237e+02
1.593069586878335997e+02
9.583163809516908316e+01
1.007384257007674648e+02
1.084144477025657380e+02
1.201895492096837472e+02
1.323156534315446891e+02
1.377135827275539270e+02
1.464574308992844180e+02
1.560733916355461872e+02
1.651403209892600898e+02
1.733676718095078968e+02
1.738096120592934994e+02
1.785256157625805997e+02
1.759993160675101365e+02
1.732405405056583731e+02
1.750144369062712997e+02
1.715686467160318784e+02
1.701183512088456382e+02
1.701950128563976250e+02
1.678985924317192087e+02
1.664701636722944045e+02
1.654022961112545147e+02
1.658696847603523850e+02
1.643643612689283202e+02
1.024600486173379892e+02
1.017377088229303865e+02
1.010276041828245610e+02
1.003921695804605889e+02
1.002052290228395748e+02
1.000892497070274629e+02
1.001849883975025648e+02
9.958357847795026885e+01
1.158569913197697616e+02
1.208767886689938109e+02
1.317988880134838041e+02
1.434927508321919731e+02
1.483089073579779722e+02
1.559839356777194155e+02
1.675752923454141410e+02
1.713436147962758582e+02
1.722392694076592932e+02
1.733918944148973935e+02
1.718328912569489546e+02
1.670765642879716779e+02
1.645908496844756428e+02
1.648911123722660932e+02
1.642304975854863756e+02
1.666652382550916514e+02
1.692536665557069000e+02
1.722062334808743742e+02
1.729928261832511396e+02
1.764146509301937726e+02
1.799069523153298462e+02
1.786476364676050537e+02
1.821658959390026951e+02
1.843641240486516324e+02
1.802701945176799256e+02
1.826003409351058053e+02
1.730508225855747355e+02
1.661614627124548633e+02
1.550354521538612858e+02
1.419856193842980190e+02
1.305170316678976405e+02
1.242792165454429067e+02
1.134502906647301188e+02
1.041460288480725325e+02
1.689138637921996633e+02
1.646609319984434023e+02
1.661666578168746184e+02
1.656484051096695111e+02
1.662714174511962995e+02
1.649900574344457311e+02
1.636409756494362568e+02
1.649671753861143770e+02
9.998110317408441006e+01
1.000941230149575318e+02
1.260524297515930385e+02
1.380589135910389587e+02
1.498067324697274785e+02
1.553116891943718656e+02
1.542976306530342754e+02
1.614013060083562152e+02
1.707977009339476240e+02
1.762424710146276539e+02
1.762243126813035872e+02
1.769209146348222816e+02
1.778693683042295675e+02
1.784250618003676152e+02
1.757309005615186948e+02
1.713366623171648655e+02
1.679939163658152097e+02
1.680929862797440535e+02
1.714332898642845180e+02
1.756670453878826095e+02
1.799169716874697542e+02
1.842167745871246041e+02
1.840010750630779910e+02
1.880086783377570328e+02
1.886488384877031024e+02
1.906496198478169788e+02
1.905635850841573813e+02
1.865097258089877243e+02
1.773362063691842820e+02
1.758475379754004848e+02
1.666255271855119702e+02
1.613626563098558506e+02
1.490156169992023649e+02
1.362866250497432645e+02
1.857633751115770337e+02
1.652023240013272698e+02
1.625492364140576456e+02
1.646478986416301211e+02
1.765927541325700645e+02
1.781624278519035158e+02
1.841576916538602120e+02
1.822367702751340346e+02
1.807881600545537140e+02
1.819330954760987424e+02
1.823507526630112352e+02
1.797265019991988595e+02
1.744382857444376498e+02
1.832924493990276176e+02
1.874695370447333573e+02
1.883383673465015420e+02
1.916611880393682839e+02
1.933222645980225707e+02
1.964157963595362730e+02
1.951871946916464822e+02
1.939124986874332137e+02
1.847392536176296574e+02
1.737629829316807957e+02
1.740475464141546240e+02
1.849813911450685850e+02
1.861770131264749750e+02
1.899077101337822739e+02
1.882402495940078211e+02
1.858204457931019533e+02
1.874631971057281987e+02
1.900653874743789800e+02
1.915745137033330536e+02
1.950343579779143113e+02
1.977216831912931241e+02
2.016165832797377675e+02
2.002988013028901548e+02
2.010254566878419382e+02
1.852571321043255352e+02
1.940494091829839363e+02
1.943819184872339463e+02
1.941014871506136785e+02
1.907899615559736048e+02
1.916363048254097805e+02
1.942321421150968490e+02
1.983652359073154514e+02
2.020475884486354232e+02
2.068685418263748090e+02
2.054219944144376200e+02
2.010616335056430444e+02
2.054324318643176355e+02
1.994349135196890188e+02
1.980227130764114065e+02
1.950556446422105523e+02
