3.853816295331097876e+02
3.860548343029444140e+02
3.844311761397846112e+02
3.837043332292321338e+02
3.833942191563650113e+02
3.848712839925523213e+02
3.854098942290925720e+02
3.835339756287912110e+02
3.829785505324568931e+02
3.822524538578844044e+02
3.812454198716914675e+02
3.803170388642203079e+02
3.831815380864308622e+02
3.814403274313903012e+02
3.822579998061970059e+02
3.823142884922898475e+02
3.813742477391054422e+02
3.794596275349121015e+02
3.770596102819255293e+02
3.763528393750485748e+02
3.835798466539419564e+02
3.800254392601444806e+02
3.789720132916424973e+02
3.787133858365401693e+02
3.806702722864445150e+02
3.812821538299190252e+02
3.816029924549131351e+02
3.811572122876493154e+02
3.806266418017588080e+02
3.788690484614231195e+02
3.765981350660169937e+02
3.751807675099756807e+02
3.728611319239217892e+02
3.733177294016079486e+02
3.713910737163813565e+02
3.812462162364356004e+02
3.804327628230375353e+02
3.763485628018162856e+02
3.773470120278492459e+02
3.764814866614433413e+02
3.762270307228292836e+02
3.755379660459788624e+02
3.777459845298424739e+02
3.797128516471725561e+02
3.804492014124403454e+02
3.805788411296967411e+02
3.800108236876840806e+02
3.779862766150430957e+02
3.745567103373550140e+02
3.724952517569475390e+02
3.698254635489774955e+02
3.685777865624318679e+02
3.661404599672043787e+02
3.726478948779965208e+02
3.727278385739684836e+02
3.705445252528639912e+02
3.729613129370840170e+02
3.749418048267402810e+02
3.776827329206582249e+02
3.790408141614943816e+02
3.797809698377328118e+02
3.790326660415377091e+02
3.780754157081818221e+02
3.755188576066739756e+02
3.719462717682485504e+02
3.710673800682961883e+02
3.671218685382082185e+02
3.652715865347502699e+02
3.620732847358006552e+02
3.606041505658756137e+02
3.733524151301771781e+02
3.715187635042100283e+02
3.792169280359178174e+02
3.680661968919207538e+02
3.681679862439217459e+02
3.662774137279959064e+02
3.682669851475765199e+02
3.657219041752467774e+02
3.688526892361663272e+02
3.715929944768188307e+02
3.724487045046486173e+02
3.756741974409750924e+02
3.774231264723879349e+02
3.782414321440473941e+02
3.789656226776081098e+02
3.788134843744665545e+02
3.771720159046409435e+02
3.770084378402621041e+02
3.747308084388848215e+02
3.730564897043935844e+02
3.692889858683793705e+02
3.683242956756355397e+02
3.646184017503082941e+02
3.617604828028792667e+02
3.633275723071336643e+02
3.611096454383259697e+02
3.573876670267383702e+02
3.573340357584443723e+02
3.547490884992807310e+02
3.626629985229902786e+02
3.632538467226824537e+02
3.609468584887089264e+02
3.648467692484647387e+02
3.679377213562329416e+02
3.693669722898606551e+02
3.723681693778770523e+02
3.750415644660278645e+02
3.766513952499143443e+02
3.776083603972849119e+02
3.782375915385039775e+02
3.784619724499723930e+02
3.781946686035855691e+02
3.767480710490066826e+02
3.743274994086058314e+02
3.719920558165326270e+02
3.687047077800374950e+02
3.658124233803364973e+02
3.655504277272022478e+02
3.621500106349161001e+02
3.605243936170572283e+02
3.566779387423415528e+02
3.584413896300936813e+02
3.540031996820422364e+02
3.523134863349750390e+02
3.492928593292693904e+02
3.629192996643703282e+02
3.604162235231463001e+02
3.571160980914309562e+02
3.570598760845134620e+02
3.548088262211405208e+02
3.585820434697441215e+02
3.541019729068054289e+02
3.576996654300631349e+02
3.612875248521146432e+02
3.625663148501192836e+02
3.642840710032807010e+02
3.660008943991698516e+02
3.691306385904852050e+02
3.726318640618833342e+02
3.750724533705252952e+02
3.771190525340065847e+02
3.782266118272817721e+02
3.785814147345097354e+02
3.783351419849772697e+02
3.772440402225695948e+02
3.750953660080611485e+02
3.726000253260473869e+02
3.693807165651985542e+02
3.710399264451222621e+02
3.778895841613420430e+02
3.661853696657506134e+02
3.627383970096531698e+02
3.631884880326192615e+02
3.597519037851624830e+02
3.577086987552315804e+02
3.542010770397915280e+02
3.510420276945327487e+02
3.530143977504314989e+02
3.485382586869799866e+02
3.466274103429593652e+02
3.439342255858577460e+02
3.526021306214963147e+02
3.515856721395451245e+02
3.517381349989790351e+02
3.489558933993067740e+02
3.507727626497557480e+02
3.545924313777036900e+02
3.583440811781946991e+02
3.585400790992299562e+02
3.615511223900552977e+02
3.655137397001735167e+02
3.680094616061255692e+02
3.709142927506238152e+02
3.731745778970117158e+02
3.752092103097333506e+02
3.759521583506965499e+02
3.766996698381158239e+02
3.780650366036126684e+02
3.789497193544157767e+02
3.788044389190722541e+02
3.780677733828046030e+02
3.772572674422391970e+02
3.756341314729099281e+02
3.731901269626700923e+02
3.705830010580381213e+02
3.671006443052062309e+02
3.642480150705436586e+02
3.613851998684044702e+02
3.583590130532045350e+02
3.549681789265014800e+02
3.530174574801644098e+02
3.500068689207043917e+02
3.457037463300901550e+02
3.443134482750312486e+02
3.483751070280040381e+02
3.489200578008104117e+02
3.440788975353888759e+02
3.415208126448247867e+02
3.388736065119247769e+02
3.473117235069137791e+02
3.463463919952217793e+02
3.437049165078954616e+02
3.455397581975175854e+02
3.498969400140809398e+02
3.535314836300616435e+02
3.535346763871392000e+02
3.557596831129912403e+02
3.583010845045349697e+02
3.622253860084153985e+02
3.639136853962249916e+02
3.659079443907447171e+02
3.684316013341632470e+02
3.704746058752621138e+02
3.731293804197662780e+02
3.751259695840507220e+02
3.771747162074240123e+02
3.796725914583716985e+02
3.797625562923416283e+02
3.785948212059212210e+02
3.765115467940322560e+02
3.741786112586436275e+02
3.713758317538211031e+02
3.690300327281125874e+02
3.657277711010238477e+02
3.624517149186748384e+02
3.591232453937140008e+02
3.556688279436827997e+02
3.545738010257616111e+02
3.510091461749220230e+02
3.487597018783457088e+02
3.441415285203532903e+02
3.411170913363498016e+02
3.396174367479515013e+02
3.403686522084323656e+02
3.365214416180805870e+02
3.344411233005679378e+02
3.435030441374480006e+02
3.421340494954218343e+02
3.412210411972487236e+02
3.384953654636753413e+02
3.396267212254071524e+02
3.410204137802590481e+02
3.456091125625125642e+02
3.491668342787808683e+02
3.508757774188699159e+02
3.543559427579661474e+02
3.570563574213665561e+02
3.602907898753664426e+02
3.613042739503100620e+02
3.639817274447354976e+02
3.668660315830054515e+02
3.704347123002288527e+02
3.728950630002177036e+02
3.760854004129566306e+02
3.789217448428819353e+02
3.811186324493218081e+02
3.811255818365697223e+02
3.810078008274759327e+02
3.805411865237078928e+02
3.784314624054553633e+02
3.764288137125471394e+02
3.739802499136738447e+02
3.704486684321196890e+02
3.683095268077220794e+02
3.652643983119439213e+02
3.630619388050232601e+02
3.602255929472752314e+02
3.568053547158127685e+02
3.522537077923923903e+02
3.491499847934351237e+02
3.456677024279713351e+02
3.405958257986296758e+02
3.367632458236652724e+02
3.347383766971853447e+02
3.331542776555184560e+02
3.326140517873820386e+02
3.302593084452531116e+02
3.525651198202040746e+02
3.366059393020827315e+02
3.383188819460666537e+02
3.368145769293250282e+02
3.331684150621146614e+02
3.350633850770483946e+02
3.374184715689433460e+02
3.411663169394626038e+02
3.462415753930389428e+02
3.477158036831521599e+02
3.512577040684245162e+02
3.541100555720135503e+02
3.585144768717846659e+02
3.614060988335431830e+02
3.642387546047529554e+02
3.675457278933038197e+02
3.699146346750801513e+02
3.722051929311910499e+02
3.738651077504192131e+02
3.763367330238619388e+02
3.788250002462013981e+02
3.813871423348703047e+02
3.835712152913405362e+02
3.832662827011436661e+02
3.826461140087650392e+02
3.807281837893817169e+02
3.781275007574554934e+02
3.757602281442196954e+02
3.732490146378443114e+02
3.719614893807463432e+02
3.697769197785611937e+02
3.678749864478933773e+02
3.659542455885929257e+02
3.625227170762674405e+02
3.586824649053289136e+02
3.551383661159214853e+02
3.518412359308012469e+02
3.490677647154006422e+02
3.473708074262129344e+02
3.456960662299720184e+02
3.424918237989213026e+02
3.397357748512254147e+02
3.365721681418918365e+02
3.331191760736527385e+02
3.304602004795103198e+02
3.295750095184892530e+02
3.266915356646493365e+02
3.340853032202035706e+02
3.449371361013870683e+02
3.323079767216708547e+02
3.298638772437822695e+02
3.289663616404226900e+02
3.308902696568642909e+02
3.332290398591410963e+02
3.366520997008473728e+02
3.392778617964588648e+02
3.431347957102643136e+02
3.447441261206692502e+02
3.497510753180822007e+02
3.521526930545808796e+02
3.552366575434800779e+02
3.590252555007373871e+02
3.613876158997313723e+02
3.629359600652789482e+02
3.656704179505203456e+02
3.677424903133971839e+02
3.704239125914390911e+02
3.722802165886296279e+02
3.743627603926817642e+02
3.777127052393468034e+02
3.811132272913455381e+02
3.850934204839911672e+02
3.866414526585718932e+02
3.867802811441118251e+02
3.832652789625166747e+02
3.813737300885097170e+02
3.778971283596654871e+02
3.749025999597211580e+02
3.721985251837832607e+02
3.698152034041569323e+02
3.672730686704199456e+02
3.679972377106402632e+02
3.651397941609752138e+02
3.627744126363709256e+02
3.593670801111649666e+02
3.551836370190673620e+02
3.512310893575171349e+02
3.477483017669075593e+02
3.454852540148922913e+02
3.429067584255799375e+02
3.388457701775044484e+02
3.355993832560595251e+02
3.325087893155137522e+02
3.285186815083085321e+02
3.261339578009832962e+02
3.237704415422957709e+02
3.609294538787997908e+02
3.264327991245240810e+02
3.254319780255772230e+02
3.275873856259030390e+02
3.282040171643487270e+02
3.323108312492374807e+02
3.351530871875897333e+02
3.396239646333697237e+02
3.407578327648394634e+02
3.454198894013420613e+02
3.490478723029573302e+02
3.516318733833495003e+02
3.559286412715941310e+02
3.596210882572962646e+02
3.612994762306493044e+02
3.649716194187137717e+02
3.671919673911526729e+02
3.698986465778066872e+02
3.724067580212881694e+02
3.754058611561759449e+02
3.795340880659697973e+02
3.825475409342778903e+02
3.856371708099997591e+02
3.832880720228990867e+02
3.785622565887341580e+02
3.754185637003644160e+02
3.719223104955286772e+02
3.700792124267209715e+02
3.687059651190695604e+02
3.669590438476105305e+02
3.652338580105214874e+02
3.625899876797225829e+02
3.593235385915082816e+02
3.551956825437961243e+02
3.522541996044820962e+02
3.479290321360845724e+02
3.445492728705568766e+02
3.438980208316097560e+02
3.416999561978996667e+02
3.382948111143174401e+02
3.343874699560368526e+02
3.315285407098804171e+02
3.315947035507585383e+02
3.279842181482057413e+02
3.261280119503653054e+02
3.245054152897565132e+02
3.232218564556455931e+02
3.211772520230053942e+02
3.234951125257540525e+02
3.229102659602423842e+02
3.241656845796370021e+02
3.275413690559205406e+02
3.310439186158432108e+02
3.311036735163207254e+02
3.349457457938293601e+02
3.364438666336324104e+02
3.401581696256168357e+02
3.436281366625219107e+02
3.473182391013769461e+02
3.491511651992567522e+02
3.526414412035528585e+02
3.549826516855393947e+02
3.578591239342981112e+02
3.593103668014683763e+02
3.627097394466557603e+02
3.650072918282434671e+02
3.661159265812394210e+02
3.682176186105102147e+02
3.690370996503888819e+02
3.705765483149363035e+02
3.739326987123545223e+02
3.765344122777336224e+02
3.377714132916664198e+02
3.803376505808524826e+02
3.773555706864640342e+02
3.741236910857963949e+02
3.717712425330671522e+02
3.699851884980879504e+02
3.683134905115053357e+02
3.653692345590590094e+02
3.634503700513888589e+02
3.601396037354718374e+02
3.561559755723248486e+02
3.514849627549871798e+02
3.505247846286853814e+02
3.467473609661948331e+02
3.436438959638645656e+02
3.407180684044880650e+02
3.383116866441254729e+02
3.349347902847540013e+02
3.306206594797826028e+02
3.285318423815251094e+02
3.252853830001973847e+02
3.239357733105569537e+02
3.213441048609387849e+02
3.192868719568834308e+02
3.282787836929146579e+02
3.210597011900600819e+02
3.210246353437514699e+02
3.212766434003450513e+02
3.236872618230789271e+02
3.251462178169061303e+02
3.280382143033293119e+02
3.309322337054586001e+02
3.333309344200837359e+02
3.356305362446909157e+02
3.375045038815888461e+02
3.402204870854645264e+02
3.451079668157557307e+02
3.474269892635879273e+02
3.512162861671117753e+02
3.507208896856596994e+02
3.560257156871857092e+02
3.606537003895157341e+02
3.639050518682781785e+02
3.660952355507473044e+02
3.686998950059855247e+02
3.702240606078483438e+02
3.700270664398407803e+02
3.719372123299045825e+02
3.284728350651444089e+02
3.404062081472825412e+02
3.747058853359247337e+02
3.727612763238595903e+02
3.711456668081802945e+02
3.700496054309704164e+02
3.696716000601150540e+02
3.692323667825904181e+02
3.665736585806591847e+02
3.666856066250132926e+02
3.629826512861801007e+02
3.583023148907275299e+02
3.525121103813356171e+02
3.471482862531502747e+02
3.427119125506396813e+02
3.397626840707099518e+02
3.373395299456541920e+02
3.363177740530724691e+02
3.349481703611430135e+02
3.323954176636171383e+02
3.295729228707605216e+02
3.276410853355059771e+02
3.264721595970898989e+02
3.245927275969212360e+02
3.224961032925082804e+02
3.206155020509784208e+02
3.190234730894950417e+02
3.178203428057071847e+02
3.191713940458183743e+02
3.190777104868753895e+02
3.199696728461072439e+02
3.217130890710289464e+02
3.232014280003187423e+02
3.252965354459952891e+02
3.281066166582929213e+02
3.301027741984915451e+02
3.322780900235878221e+02
3.340707726357380238e+02
3.355480543776001809e+02
3.384288367453789874e+02
3.428276912974460515e+02
3.450610724809905605e+02
3.476167929224961313e+02
3.525096857031658715e+02
3.580592059316753648e+02
3.625741803189383177e+02
3.706954094263266484e+02
3.708401537685938933e+02
3.715497555316865146e+02
3.708211474569100119e+02
3.708940103720856882e+02
3.461223173618721489e+02
3.429276988157555479e+02
3.385429271263727742e+02
3.387137232034759222e+02
3.353297553785900504e+02
3.339684763438600044e+02
3.328973236064564958e+02
3.297359365078058886e+02
3.266742704009337785e+02
3.244234396548240511e+02
3.234268894546838737e+02
3.219316509449819250e+02
3.199541611898499127e+02
3.186598154409214771e+02
3.177517693817551958e+02
3.167247877481152614e+02
3.178059236751278149e+02
3.177503242309168741e+02
3.185948278846635162e+02
3.197998130826674696e+02
3.213531285736374343e+02
3.230681874150930639e+02
3.242840804475738992e+02
3.269112946681935910e+02
3.292923489708252305e+02
3.301263853310128411e+02
3.323852692630838419e+02
3.313606697930934502e+02
3.340330704469176908e+02
3.365808005318166920e+02
3.409939193467785685e+02
3.431017862649482026e+02
3.465171036403219205e+02
3.713069317520164532e+02
3.397012327307180612e+02
3.333142705376188246e+02
3.326343738203554494e+02
3.350704424490300539e+02
3.311569986494207001e+02
3.312431085017693135e+02
3.302632872664635215e+02
3.268664166610541884e+02
3.248451182450439774e+02
3.236400251387138951e+02
3.217910730905471155e+02
3.221878319068192695e+02
3.206701931016971798e+02
3.190715755761450509e+02
3.183555971851055801e+02
3.172168573505650215e+02
3.161209554736826135e+02
3.167896470370163797e+02
3.172660916604681915e+02
3.186165419856479275e+02
3.201290529137806402e+02
3.216470377532021416e+02
3.226847553827594197e+02
3.252638827772141212e+02
3.270045960680724875e+02
3.279412080261759002e+02
3.295416999866724836e+02
3.283883810411553554e+02
3.281913810606682773e+02
3.298783129342969573e+02
3.318253771427508241e+02
3.356398447621821219e+02
3.403082167907685402e+02
3.392203431442324018e+02
3.283242550470920378e+02
3.274363170575848017e+02
3.290419453545445663e+02
3.263574783929909700e+02
3.277280518899692652e+02
3.288570927285323364e+02
3.271896142885150880e+02
3.250289157414487136e+02
3.242867409894543584e+02
3.227824059755386088e+02
3.218257342747494931e+02
3.205113064698610970e+02
3.202032784498562137e+02
3.186289299678543898e+02
3.203996974898113876e+02
3.176869921362376772e+02
3.165546888485164914e+02
3.158325709784926971e+02
3.162783269029327471e+02
3.165958151395598179e+02
3.175126955195475489e+02
3.182937626733461229e+02
3.196411130046382141e+02
3.209026173797327033e+02
3.209905589392270713e+02
3.222613995324138614e+02
3.242553569602447396e+02
3.256702640277247269e+02
3.265799345054394962e+02
3.260077911493897318e+02
3.252408627878808716e+02
3.262557889116432648e+02
3.281960742294190254e+02
3.279938547537863087e+02
3.314973669583893070e+02
3.341244451798805812e+02
3.245238124203974053e+02
3.222387068782142592e+02
3.256523301739259750e+02
3.235078240610021112e+02
3.228476662794229810e+02
3.244713666681914219e+02
3.238785708213874841e+02
3.225908779929335424e+02
3.214743289693784050e+02
3.207073333324628948e+02
3.196571650926413781e+02
3.195229325167348406e+02
3.190837314320741029e+02
3.182504579527639521e+02
3.173042498868943539e+02
3.164116244491594898e+02
3.158131645193400914e+02
3.260160110804585543e+02
3.160443140655712000e+02
3.165318968489539770e+02
3.174215869682176958e+02
3.187819206714390248e+02
3.198765153102052068e+02
3.198054046049230692e+02
3.208533173036425410e+02
3.214927548298165902e+02
3.224489384587794802e+02
3.237114856623103378e+02
3.248675813061643680e+02
3.240785703525904182e+02
3.236899901962397053e+02
3.228569228233599233e+02
3.238432486499189054e+02
3.224934795926156994e+02
3.250672544922099974e+02
3.241599548522439704e+02
3.284361678547377892e+02
3.206301013060702303e+02
3.173926374035787035e+02
3.220363530329184414e+02
3.201693669944651788e+02
3.198562700143250481e+02
3.214828913286189049e+02
3.224765025104771894e+02
3.217572206576385270e+02
3.210453999454168184e+02
3.210934695855707446e+02
3.207774438319140131e+02
3.204049713251089315e+02
3.200502881777366611e+02
3.195078728256576710e+02
3.188794332438455399e+02
3.186926389891575013e+02
3.178647495506426708e+02
3.168509756636111661e+02
3.160844448153040958e+02
3.160821958373876441e+02
3.170446560941670100e+02
3.183283982929264653e+02
3.193653947409898137e+02
3.190409280970858390e+02
3.201012680930516581e+02
3.207707044709091520e+02
3.213989644997284358e+02
3.224113457697307012e+02
3.234974074047966610e+02
3.225983276920476897e+02
3.223397613713523810e+02
3.225308566398151129e+02
3.211455052447572598e+02
3.202347928802752790e+02
3.178430838634348561e+02
3.210276627191784087e+02
3.195178071525768360e+02
3.230346011243681232e+02
3.188630883669966920e+02
3.161523971768286287e+02
3.128005630826071410e+02
3.168252463075820629e+02
3.188422103055523849e+02
3.205215049449088269e+02
3.198680684818173745e+02
3.200707950597372928e+02
3.204789067696544862e+02
3.203473809531730012e+02
3.201581952016237551e+02
3.199347337679060956e+02
3.196022993696585672e+02
3.191510919843343004e+02
3.185259366487643433e+02
3.179367328228744327e+02
3.170474350694207715e+02
3.165328779184492305e+02
3.176460718119796525e+02
3.164045219241156701e+02
3.171143956810291797e+02
3.180012596983610251e+02
3.189291901528674771e+02
3.197353023129153371e+02
3.202586670238330271e+02
3.205160049412308467e+02
3.208345323904020461e+02
3.208291077455639311e+02
3.210183911699823511e+02
3.216133634477930059e+02
3.213250043335607984e+02
3.210477620165137864e+02
3.210292786121926270e+02
3.191111433327910731e+02
3.182222268665283877e+02
3.162106820780121552e+02
3.141556610329972159e+02
3.141874457385379174e+02
3.169192097393175800e+02
3.147838732206568579e+02
3.181186638020207624e+02
3.149050658630174553e+02
3.121079520747168772e+02
3.089139737096135150e+02
3.083081236539380825e+02
3.140408443643311216e+02
3.137258138517718180e+02
3.163134496803602929e+02
3.170084746465938110e+02
3.188572358871960546e+02
3.179449928512565862e+02
3.188994623820564698e+02
3.189777476157275942e+02
3.194132880944538897e+02
3.200157492919154265e+02
3.201107990966469288e+02
3.201654263148702171e+02
3.201790611078353095e+02
3.199372252156050536e+02
3.197045666659037693e+02
3.191116289061642988e+02
3.182898343323933545e+02
3.174114832388446530e+02
3.171159260423648334e+02
3.199858614348004835e+02
3.178574384649610352e+02
3.168736656545482901e+02
3.177029403923795030e+02
3.187183856775965864e+02
3.194720909095041179e+02
3.201500923577293065e+02
3.205396200343174087e+02
3.206786180541077442e+02
3.206229608924656418e+02
3.205201718426046682e+02
3.206193262732011249e+02
3.202576078866993043e+02
3.197573080421108216e+02
3.180057108021418912e+02
3.168403081465725109e+02
3.146389285060093925e+02
3.122381843079695045e+02
3.103875019598016252e+02
3.117425000252322889e+02
3.132687001523202071e+02
3.110482845982447770e+02
3.092507617136581075e+02
3.064035874880499932e+02
3.050050422148705138e+02
3.038631111556998121e+02
3.118583480970314668e+02
3.147441243563985722e+02
3.163338406558800671e+02
3.176206846257801431e+02
3.186534007550911269e+02
3.192686686554330890e+02
3.198081986322347916e+02
3.200614849814217564e+02
3.202603307573954794e+02
3.204079505615552534e+02
3.202045706253146591e+02
3.197750357724928563e+02
3.192310073914618442e+02
3.186261097652366061e+02
3.179258179932421626e+02
3.177812975911826925e+02
3.115473290217257727e+02
3.177723215999154718e+02
3.175019760721080502e+02
3.185140594238559970e+02
3.193606254490359788e+02
3.200411644635481707e+02
3.203879816822458224e+02
3.206932932728673222e+02
3.206841097539827956e+02
3.205733044909415526e+02
3.203232989407951550e+02
3.200894066075063620e+02
3.199857614175068079e+02
3.196110370179637243e+02
3.189628545783824620e+02
3.175776062070423222e+02
3.163831728663324725e+02
3.146962698040962891e+02
3.126319271034176950e+02
3.113933984992958131e+02
3.090877180720484603e+02
3.069819988542191709e+02
3.062380068635691828e+02
3.085387844088855900e+02
3.085359599926243277e+02
3.087930893723053600e+02
3.098075618599238510e+02
3.089294825594203644e+02
3.107569988217272794e+02
3.129346415539768032e+02
3.145352791062526876e+02
3.160157529077281424e+02
3.166651000156861642e+02
3.176839415240514199e+02
3.183267724030874319e+02
3.189118597085798683e+02
3.194404147920141668e+02
3.197832934776837419e+02
3.201425474844344876e+02
3.203849909044294009e+02
3.206062036352871587e+02
3.206142605596846806e+02
3.202666453993349478e+02
3.198851665314624029e+02
3.194297605202687009e+02
3.186249748216152398e+02
3.184967299730236618e+02
3.074018674972239751e+02
3.032142448416361731e+02
3.021447031695576015e+02
2.991825035993940674e+02
3.183814775141590303e+02
3.181915340561582752e+02
3.190152728794794825e+02
3.195778480583117585e+02
3.201512351136136658e+02
3.207327498341368823e+02
3.209704676386056690e+02
3.208689666536694745e+02
3.206833004337129864e+02
3.204574370814063400e+02
3.200287324133448692e+02
3.199212507979183329e+02
3.195286768660013195e+02
3.191452827354704027e+02
3.184587316795121978e+02
3.173286377259719302e+02
3.162143669900458463e+02
3.150414278171207911e+02
3.132884809449467411e+02
3.113634728650186503e+02
3.104344434463069433e+02
3.092873982853861889e+02
3.063846570574244197e+02
3.047457155925623624e+02
3.038053155507917609e+02
3.023776219948695143e+02
3.038649225558356761e+02
3.059329261852483910e+02
3.204498447242864358e+02
3.068028379846723510e+02
3.055136317525366962e+02
3.071157463531570784e+02
3.061015861690274846e+02
3.082066836264224321e+02
3.095433608699285628e+02
3.111834824705726419e+02
3.127521925420838329e+02
3.143877183008307270e+02
3.156013230212225835e+02
3.169792528903018365e+02
3.176519332963658258e+02
3.185238415797700213e+02
3.192130441165216439e+02
3.197754432067491166e+02
3.201976377093331507e+02
3.205648294451156630e+02
3.204155857286429523e+02
3.207761783111493514e+02
3.207811933900981103e+02
3.209008172947505955e+02
3.206320290773977035e+02
3.204460849604298005e+02
3.200923471006843215e+02
3.196915292300355986e+02
3.192194649469439582e+02
3.190656599662817143e+02
2.998032845569392180e+02
2.986968559482490946e+02
2.959345010004093979e+02
2.945044758525030488e+02
3.025497884513849272e+02
3.189085064718354943e+02
3.192067857632251844e+02
3.200075626158286468e+02
3.205009752005825590e+02
3.210153156108426060e+02
3.211470892222280895e+02
3.211780164600781404e+02
3.210390159895301281e+02
3.207899531564041240e+02
3.204925166989259537e+02
3.200776510447578858e+02
3.195334784215327772e+02
3.195355923951672139e+02
3.189093370935829626e+02
3.182352856192899822e+02
3.172741846493203184e+02
3.160546363754986032e+02
3.145821634856522451e+02
3.128927365299008443e+02
3.116959731461900560e+02
3.098810856486277316e+02
3.097613505281015023e+02
3.083041838220327691e+02
3.063908620462419776e+02
3.043150652655160684e+02
3.029473543766906687e+02
3.018571049984411161e+02
3.005317206731554052e+02
2.985562822817853998e+02
2.989900660265118972e+02
3.189294654962643563e+02
3.037034322138893003e+02
3.005010625555544266e+02
2.976785995103047640e+02
2.965603442923820126e+02
2.950893090501431857e+02
2.921567540231649787e+02
2.896940787377233164e+02
3.063803386919893228e+02
3.047957580539173819e+02
3.033465401081311938e+02
3.077204834767489388e+02
3.098210090266647967e+02
3.114463102242152104e+02
3.130573027274104447e+02
3.143782752855399281e+02
3.152416985829542000e+02
3.165093604400351524e+02
3.176489706868467238e+02
3.184449844014509949e+02
3.191656246182068344e+02
3.198374691121895239e+02
3.203575685129102908e+02
3.207979287217759747e+02
3.209770517348706562e+02
3.212457518375198333e+02
3.211160148739529632e+02
3.208047571750511224e+02
3.207983875043464082e+02
3.204927918813577321e+02
3.205492577655783180e+02
3.201825539094398323e+02
3.201010668809452113e+02
3.198426775725835114e+02
3.197482919045411336e+02
3.194244622838501186e+02
3.196511704096569702e+02
3.206176693885859095e+02
3.203357385776632782e+02
3.210324270803783975e+02
3.214009121745907578e+02
3.214025830850851548e+02
3.213878289793091767e+02
3.212574436975964431e+02
3.210468929753305360e+02
3.207272809744083020e+02
3.203949179188937819e+02
3.199242089620403817e+02
3.193808013731208462e+02
3.188109824105052894e+02
3.181238831061106112e+02
3.172461660180579770e+02
3.160846797251106182e+02
3.149565316993043211e+02
3.137852340045840833e+02
3.124176935829892727e+02
3.111099528794649132e+02
3.092178487049024511e+02
3.076010334474537444e+02
3.056956392228536288e+02
3.031960750645048961e+02
3.016453802024730066e+02
3.002259591340181260e+02
2.988752393578309352e+02
2.971871609490827950e+02
2.952003865169625101e+02
2.941446105715663180e+02
3.080297524191838647e+02
3.011905138360336309e+02
2.980409300095961385e+02
2.949459096828619522e+02
2.924182845157623660e+02
2.884117194703645737e+02
2.880031634133095508e+02
2.847286472510809858e+02
3.050240989530088314e+02
3.061836311028433784e+02
3.076610098704163079e+02
3.087475056501396580e+02
3.102320355383276933e+02
3.113447106495786443e+02
3.123630993550185053e+02
3.136812952648543273e+02
3.140212997402783799e+02
3.151973893709128447e+02
3.155100000724997358e+02
3.165438701399846195e+02
3.173560508593141662e+02
3.181016443843506067e+02
3.186880546202947926e+02
3.191628988002701703e+02
3.196274354535058251e+02
3.200500301663016103e+02
3.204619535768514424e+02
3.207141494339196583e+02
3.211347782655607830e+02
3.211248314972465323e+02
3.213989451789232135e+02
3.214949094515066577e+02
3.213975168754355991e+02
3.214969624445708973e+02
3.211179069718526193e+02
3.208918767000889716e+02
3.204743529882030657e+02
3.203237009782803852e+02
3.201130938112927993e+02
3.031425251486620596e+02
3.011188303254559742e+02
3.200701210573733420e+02
3.202745346989868835e+02
3.208568353300456693e+02
3.212865104774210181e+02
3.217582619246489344e+02
3.217155571025505196e+02
3.215557290214098316e+02
3.215090365448380680e+02
3.212684025321661352e+02
3.210695721977483572e+02
3.207237666612411431e+02
3.201410921643567917e+02
3.195230680320339616e+02
3.188912333425215024e+02
3.183652009673864995e+02
3.176632121442871721e+02
3.165931653736108728e+02
3.154800817421338479e+02
3.142210085559090658e+02
3.125180826071378988e+02
3.103020189617478763e+02
3.087937278555601779e+02
3.074304456727160186e+02
3.052377118589747624e+02
3.023646063780275313e+02
3.001588002305185796e+02
2.988936565318704766e+02
2.974164531136732990e+02
2.959488713713384413e+02
2.940132655047188450e+02
2.915006294166306020e+02
2.891560886248502698e+02
3.206353695321531632e+02
2.990327040878005391e+02
2.988842931268833922e+02
3.002135204715902432e+02
3.018718960015552284e+02
3.032062398980050943e+02
3.048235170782318733e+02
3.052734790343208147e+02
3.067330629556936969e+02
3.086640136971760739e+02
3.104910396307402038e+02
3.122834976631206132e+02
3.131848014246038474e+02
3.143885168370634347e+02
3.145918527539839715e+02
3.160633081737425982e+02
3.172189099941481913e+02
3.183436204693035165e+02
3.189267334672660468e+02
3.194837076157722322e+02
3.197973692031640098e+02
3.202586877013061439e+02
3.205552167906566297e+02
3.209646108921312475e+02
3.213088857441188111e+02
3.215337863008305703e+02
3.216378626021837590e+02
3.216266714984192276e+02
2.960010899331260816e+02
2.929831435400691362e+02
2.908118276617833544e+02
2.887981348288340087e+02
2.858777275720660214e+02
2.852242222916161722e+02
2.825294975211094766e+02
2.796626572549491243e+02
3.212119440219623243e+02
3.208026720646635681e+02
3.205436844540541301e+02
3.205572339301442639e+02
3.211330265926181937e+02
3.215884087987108160e+02
3.219623756386277478e+02
3.221098916452164076e+02
3.219387521115875188e+02
3.218144410804372910e+02
3.216545439426315056e+02
3.213801136637993068e+02
3.211701272467760191e+02
3.208079479766024065e+02
3.203359094528286164e+02
3.197309943301120256e+02
3.189493402202467109e+02
3.181824099193269149e+02
3.172201826976013876e+02
3.164023535514141372e+02
3.150949784884214182e+02
3.140514727839654370e+02
3.128641774965279865e+02
3.112974330702738257e+02
3.099079207864597265e+02
3.082155403491694869e+02
3.058752457307850250e+02
3.037798379791184971e+02
3.019044948771999657e+02
3.003584390950796319e+02
2.981096405480178646e+02
2.975940048478884137e+02
2.958432088696559958e+02
2.945317645356111029e+02
2.928428361182612889e+02
2.902122511209086042e+02
2.872955151057114449e+02
2.842476208008176286e+02
3.208788213112514427e+02
2.974560372230441772e+02
2.969024731013575433e+02
2.952295363300176518e+02
2.936746722160205536e+02
2.904995667834739947e+02
2.884758144478528834e+02
2.868035032960579542e+02
2.836461483465367337e+02
2.823833028805588015e+02
2.798178421217497771e+02
2.767169060481650149e+02
2.745916002804731306e+02
2.989934901266070142e+02
3.012235101327997882e+02
3.021570321287511547e+02
3.041285324639252394e+02
3.033773023602116723e+02
3.040260106498661798e+02
3.053777828253777784e+02
3.066804335602092237e+02
3.075954026351555513e+02
3.086630690783050568e+02
3.097448831352660932e+02
3.110031299830290550e+02
3.118200244691342391e+02
3.133606135697494892e+02
3.135757071065339119e+02
3.142746404525728394e+02
3.151793789051773160e+02
3.161169996039891998e+02
3.168807054080426155e+02
3.176596058006317662e+02
3.184262370014410521e+02
3.190559574110168342e+02
3.196219171155811978e+02
3.201862246246729455e+02
3.205810392044115247e+02
3.209860076487252059e+02
3.199966345157824890e+02
3.207757550450963890e+02
3.212613718948049950e+02
3.216759107537085924e+02
3.221261854596045282e+02
3.220279543980374797e+02
3.218067071319408683e+02
3.214567225105244574e+02
3.210576217586371968e+02
3.205387155655799916e+02
3.199324992814522943e+02
3.192879348798506385e+02
3.187244867166151607e+02
3.182011072790151047e+02
3.174063389744380288e+02
3.165928140913875382e+02
3.158224422471155890e+02
3.149388630706072263e+02
3.140013649501329382e+02
3.128064151714846162e+02
3.118317578750996404e+02
3.106083267038210352e+02
3.091047054127492970e+02
3.076870404333066631e+02
3.065484198600094032e+02
3.051938262613243751e+02
3.039242769229151691e+02
3.024956170971234428e+02
3.005225250668241301e+02
2.998339180865219191e+02
2.983932861327677415e+02
2.964278881235770200e+02
2.957141563501873520e+02
2.937214950437972902e+02
2.934354026650792662e+02
2.916953703904727604e+02
2.901081451028102833e+02
2.871297148704160236e+02
2.857490307050684919e+02
2.829011045484258489e+02
2.792538613767007973e+02
2.944518347749760210e+02
2.957295218221254913e+02
2.972844601518700074e+02
2.983258612890160748e+02
3.001132916121934500e+02
3.007899505029583338e+02
3.023364040441135785e+02
3.027072677082084056e+02
3.039854795139929138e+02
3.051237019919288400e+02
3.061967075307236428e+02
3.074872359896617127e+02
3.090837071573891990e+02
3.101261264447572330e+02
3.103564700380868544e+02
3.113574341940300769e+02
3.124653555231432733e+02
3.132946577604657818e+02
3.142962989223975683e+02
3.151617879439016860e+02
3.161083407645505758e+02
3.167053851733027727e+02
3.172276271044459008e+02
3.178011774481427665e+02
3.182798592733781220e+02
3.189325982482221207e+02
3.195468715667080914e+02
3.200931798619507731e+02
2.919940677299649678e+02
2.890797170193233683e+02
2.876372164002948466e+02
2.854466363065032510e+02
2.823832416152761766e+02
2.803847596040463941e+02
2.794124392776004129e+02
2.764887572851613982e+02
2.729552489953691747e+02
2.695009246262807778e+02
2.845733942530222293e+02
3.214952909521024935e+02
3.210937838532969977e+02
3.207140690593087129e+02
3.201691977122706021e+02
3.194938769372000706e+02
3.188190197750420225e+02
3.182031155349554297e+02
3.175871224054367872e+02
3.166904078334408723e+02
3.157664209022043451e+02
3.149207790015399269e+02
3.138808961618737499e+02
3.125001113031730142e+02
3.112196811162829704e+02
3.098973558243487219e+02
3.085248936122803798e+02
3.068455795769780821e+02
3.058411697318362599e+02
3.039613034027881895e+02
3.025822763580752621e+02
3.014644286367948212e+02
3.000791761608180650e+02
2.980838282150910459e+02
2.984949666020694394e+02
2.970024203817118291e+02
2.954793602341020460e+02
2.937528164825380372e+02
2.917831815126817787e+02
2.915111969289719696e+02
2.901572018762929588e+02
2.885276263883085335e+02
2.856149608928014914e+02
2.836009940417980033e+02
2.840194008772875804e+02
2.817577924087026986e+02
2.787539016158514187e+02
2.766653019009148124e+02
2.743288788399869986e+02
2.924058570015890268e+02
2.939969281503223897e+02
2.943494920742601835e+02
2.963390728664378457e+02
2.977817136049636133e+02
2.993501708084934876e+02
2.996218695171974673e+02
3.011098166681244379e+02
3.012835906871729890e+02
3.026472469417587945e+02
3.037952219541286354e+02
3.047979107634335492e+02
3.057315615186569175e+02
3.067946830039311976e+02
3.079781290900386921e+02
3.088028880946408208e+02
3.097224480510544140e+02
3.106755484698344389e+02
3.115054831395459587e+02
3.122553211696527455e+02
3.124417732023167673e+02
3.131370219535193655e+02
3.138414664002745553e+02
3.145745499363134741e+02
3.155358877040193875e+02
3.161938684110143072e+02
3.170865535732594935e+02
3.175777548917683930e+02
2.904982819291456053e+02
2.878369464522230032e+02
2.860912133136616262e+02
2.834765470887512038e+02
2.806913787985049566e+02
2.789141492871975743e+02
2.767271525064257958e+02
2.738348290165872641e+02
2.708281384696546183e+02
2.693626148025109615e+02
2.662255072653994716e+02
2.644621427476492954e+02
3.206115687554129181e+02
3.200700847684931887e+02
3.196451464777223350e+02
3.189797478984804115e+02
3.181600338646190949e+02
3.175329706209926144e+02
3.167694282526827010e+02
3.159463296084005037e+02
3.157344534299316479e+02
3.150995841450181274e+02
3.142302275959174267e+02
3.131765608102493843e+02
3.123346803583011706e+02
3.116406565056009299e+02
3.107231852477705161e+02
3.096882095201645484e+02
3.085046250322697006e+02
3.075254946937789100e+02
3.064788569328324570e+02
3.055370768594953574e+02
3.044354440007266476e+02
3.030666392427427240e+02
3.016238224365312135e+02
3.007975389090553904e+02
2.993955031517467091e+02
2.984888188466827046e+02
2.968116141325407398e+02
2.960361249546925251e+02
2.962121764496975516e+02
2.938197714719742635e+02
2.916774694399699115e+02
2.898622087703610077e+02
2.901665832502960711e+02
2.888429397069069182e+02
2.871842298478151179e+02
2.843281381872967017e+02
2.829829572339764923e+02
2.806190128998853197e+02
2.791014666795063022e+02
2.773843183411384530e+02
2.742968648943198673e+02
2.715040073739040736e+02
2.694475096970913910e+02
2.818227274566478968e+02
2.923143535843743734e+02
2.908834215991274732e+02
2.893067723099036925e+02
2.879144764734747923e+02
2.863029180656336621e+02
2.855217375381353690e+02
2.835083368165711022e+02
2.814995180163866166e+02
2.792348417182984122e+02
2.783213893851381044e+02
2.762474607343299908e+02
2.740039207464386664e+02
2.712345092858327575e+02
2.680925700281383115e+02
2.672644251655007679e+02
2.634652681078242722e+02
2.616617238699103609e+02
2.596175606100900382e+02
2.926527891173681155e+02
2.931135414132369306e+02
2.948278133533607956e+02
2.963172473846948947e+02
2.974371130779658188e+02
2.986082029502303499e+02
2.999428367672553577e+02
3.004110477361928702e+02
3.014838285908575131e+02
3.025029452345897312e+02
3.035420316420935478e+02
3.044476548002117511e+02
3.054529872934566015e+02
3.063181662191825581e+02
3.071881905598508524e+02
3.077551466298907030e+02
3.085283295730774853e+02
3.096092896251028606e+02
3.106497720067733894e+02
3.117422191976787076e+02
3.114703620627708460e+02
3.124381636297719638e+02
3.131621222940405005e+02
3.137997809425147580e+02
3.144732909992827672e+02
3.152302913309611085e+02
3.160764340630703941e+02
3.168371044697402112e+02
3.194588701520065115e+02
3.188077588973596335e+02
3.183616982332922589e+02
3.177056965151625718e+02
3.172389741533303322e+02
3.163829811928576987e+02
3.153687078259886789e+02
3.143806236401599108e+02
3.132736651625858713e+02
3.123522126532825496e+02
3.112634616245988468e+02
3.099852596023073374e+02
3.088736680997743633e+02
3.075579929169452384e+02
3.064103745143827950e+02
3.055592151926321094e+02
3.044476750317571145e+02
3.034456218114187891e+02
3.022582621415018025e+02
3.018065790970093190e+02
3.007075305918075969e+02
2.997681272840886777e+02
2.985447519975322166e+02
2.978236342160722643e+02
2.965850426923913119e+02
2.955736600292320873e+02
2.948007111931827353e+02
2.942706523541302772e+02
2.919138377223267753e+02
2.896269800092588866e+02
2.879769982505631560e+02
2.881550389778391263e+02
2.858963918904901220e+02
2.835600990098287753e+02
2.812214787663025959e+02
2.785954308698105137e+02
2.773299718831875680e+02
2.759661907282836637e+02
2.744157999338928562e+02
2.711777247265940218e+02
2.696015734031851707e+02
2.678797657914932984e+02
2.646346077903550622e+02
2.912325205576586313e+02
2.921015920635057341e+02
2.936983597859081101e+02
2.950480540816279813e+02
2.957901426796132682e+02
2.968780526676230238e+02
2.978723632552960794e+02
2.990871236314960697e+02
3.003254885532863909e+02
3.011583166695359068e+02
3.019958928064281167e+02
3.028483062549752276e+02
3.034190563986487632e+02
3.041434443210532663e+02
3.046454311407954378e+02
3.054829720339994878e+02
3.062569037289981679e+02
3.070771392304983465e+02
3.078378518381945241e+02
3.088248300601596839e+02
3.098596323180829586e+02
3.107271271237218002e+02
3.114993546128915796e+02
3.119773539169714240e+02
3.128149814070918069e+02
3.136568637804450645e+02
2.893945971733341480e+02
2.879293816652019018e+02
2.864531025989664386e+02
2.848030604961929839e+02
2.841026111481991165e+02
2.819430433547141206e+02
2.814463213913948039e+02
2.799845227847536648e+02
2.776468135078149544e+02
2.771651715721663436e+02
2.748913357969416893e+02
2.740059886232106123e+02
2.716440310551639641e+02
2.686455457994526910e+02
2.651532375647951199e+02
2.650034118298660246e+02
2.613137987340411996e+02
2.589756135853185128e+02
2.578913389630879465e+02
2.547530391260651754e+02
3.152894197670588596e+02
3.181004910321377679e+02
3.173650667145425928e+02
3.168849193611823694e+02
3.160455879025828949e+02
3.153392599768829427e+02
3.144874113981807113e+02
3.134878953725828410e+02
3.128381069979943732e+02
3.119053971010566215e+02
3.110613618137227832e+02
3.102094561514634279e+02
3.094032583260208753e+02
3.085892598342836664e+02
3.075700139708721963e+02
3.066965250532121559e+02
3.057177683985918861e+02
3.047843381082333281e+02
3.037184903418245199e+02
3.031738893756003677e+02
3.025746029451855748e+02
3.014357385993998264e+02
3.005459294595185042e+02
2.998851437375479918e+02
2.987218349533492301e+02
2.975453792460938871e+02
2.974213581283353847e+02
2.966070024371362024e+02
2.954438677922263992e+02
2.943517426873887644e+02
2.933607831550214087e+02
2.929195612779002431e+02
2.911479275471711503e+02
2.896641159734433018e+02
2.874513643235065956e+02
2.865372775772582941e+02
2.861987782984440400e+02
2.839177944699375189e+02
2.813850798269921825e+02
2.794570973130260541e+02
2.774606988236812981e+02
2.758109881017444422e+02
2.745209491266859345e+02
2.727442276299619266e+02
2.692058752439845080e+02
2.674954821251743056e+02
2.652554427666722177e+02
2.621134348058100159e+02
2.598282362384853741e+02
2.908670736278431832e+02
2.915618240426938996e+02
2.926999669943249955e+02
2.935776879643657935e+02
2.945938839409177490e+02
2.952021138336598369e+02
2.965011383182317672e+02
2.978053027535536330e+02
2.992925371277783029e+02
3.002321088530937345e+02
3.010280276742179808e+02
3.019138871941473781e+02
3.028194511630421744e+02
3.037621799417399302e+02
3.046399915967970173e+02
3.055681527754748004e+02
3.063181428064040119e+02
3.070502421008192186e+02
3.080772565808325112e+02
3.078041815685383540e+02
2.896714340539450632e+02
2.882673582087869022e+02
2.873789393084901462e+02
2.859500891774000593e+02
2.845344795912841960e+02
2.830297247077693328e+02
2.813622864714942011e+02
2.799448749567671939e+02
2.795167635553190735e+02
2.774219769104469151e+02
2.756179885339892621e+02
2.732972291017529187e+02
2.725226016623215628e+02
2.705234007571182246e+02
2.681031149249240570e+02
2.652241697476304694e+02
2.625520436168640686e+02
2.610491971842634484e+02
2.629486072417490732e+02
3.089320837358785070e+02
3.097207742208043442e+02
3.102625521935287338e+02
3.111179009076306556e+02
2.830099507510465742e+02
2.666405579458434545e+02
2.585213067296562031e+02
2.560916111278870062e+02
2.543988617923659206e+02
2.504379051590156564e+02
2.498706577003018197e+02
3.165979822617765649e+02
3.158050251214454534e+02
3.149828900105594585e+02
3.141580937162394775e+02
3.136546409652289071e+02
3.128579907555282489e+02
3.125853521643031172e+02
3.119078791515308922e+02
3.110658136656641659e+02
3.102290865183240385e+02
3.092314872614643377e+02
3.081081066369275732e+02
3.070447986718086781e+02
3.059053004200542318e+02
3.049431888904545644e+02
3.039715953196038072e+02
3.031343511857886028e+02
3.022806980126786698e+02
3.012740103901555244e+02
3.003988633001463313e+02
2.997178508711061795e+02
2.986763454094131021e+02
2.976760213062174785e+02
2.967537437290984599e+02
2.958050889863924908e+02
2.946746226758497755e+02
2.939854722624456258e+02
2.926226899426408181e+02
2.910013857534194699e+02
2.892799285496381572e+02
2.882857871641231213e+02
2.864710902923037565e+02
2.854292306273557074e+02
2.833722820372460092e+02
2.850756570593548531e+02
2.921816091740415686e+02
2.819036878924895859e+02
2.800770056532772969e+02
2.785192594169846529e+02
2.759501002518866812e+02
2.752030112164573552e+02
2.732383685145784966e+02
2.729925697317856361e+02
2.712809246725705634e+02
2.691204434244948516e+02
2.669235194684446242e+02
2.658705314097971382e+02
2.629423516762484496e+02
2.607523120055902268e+02
2.586305885077591711e+02
2.551003557408781148e+02
2.902523777531449127e+02
2.897198374883955694e+02
2.886326851928378687e+02
2.877800127269825339e+02
2.866519917801802535e+02
2.856675755680842599e+02
2.848791237862717480e+02
2.835795909313648622e+02
2.830275399502140203e+02
2.812243202426475364e+02
2.792443487701011691e+02
2.776304611827047779e+02
2.754176980947480615e+02
2.738327194737893819e+02
2.721942505580644820e+02
2.705288294560056670e+02
2.686423217276932860e+02
2.660433235166932491e+02
2.637934157325920523e+02
2.616372324665354654e+02
2.599713835556904655e+02
2.580792598275853038e+02
2.555199766149116272e+02
2.529897061229795554e+02
2.495029516376914671e+02
2.463710446527645104e+02
2.452104323807081983e+02
2.921749067509321094e+02
2.931661870751661922e+02
2.942406461346441233e+02
2.954268739308462273e+02
2.960012206478501184e+02
2.969691041825656157e+02
2.977205544574996452e+02
2.985511308312181313e+02
2.993443995756349523e+02
3.002389644373040483e+02
3.011424021945227310e+02
3.016456269920846580e+02
3.025025064001579835e+02
3.033607795369221662e+02
3.042299668181967149e+02
3.050852406487968551e+02
3.059540552069531145e+02
3.068252101576385371e+02
3.076791475165314864e+02
3.085475868286528112e+02
3.094067988886148441e+02
2.912045696419769456e+02
2.706910457362494071e+02
3.133077024103181429e+02
3.124432418228410597e+02
3.115821418565806766e+02
3.107008854020975832e+02
3.098308651192911043e+02
3.093540860524382765e+02
3.085571053580314924e+02
3.075838340526277648e+02
3.065803660681131646e+02
3.058612274308405858e+02
3.049972421657957398e+02
3.042765418058598357e+02
3.031267451391202030e+02
3.018631804557614942e+02
3.011723803319069361e+02
3.004113111545713082e+02
2.996934112537114743e+02
2.992668309796656558e+02
2.981721831405633338e+02
2.970039947292650595e+02
2.959278639280228163e+02
2.947462209674253586e+02
2.937643963524843116e+02
2.930520151886203735e+02
2.920631271092766497e+02
2.911417142310220925e+02
2.898497548752690136e+02
2.880880720197707774e+02
2.871124347736629829e+02
2.852267477929550523e+02
2.837521477163232362e+02
2.817659040626400042e+02
2.796002890943830153e+02
2.783186558429782167e+02
2.763274203175249681e+02
2.742773362571089137e+02
2.736894729370927735e+02
2.712974435528029176e+02
2.705808277740101744e+02
2.675412504951250412e+02
2.654996477911622605e+02
2.635646768856026370e+02
2.593732673990300555e+02
2.586264651618997732e+02
2.556022910609017913e+02
2.514368026006329444e+02
2.502824389382716959e+02
2.907245607744418407e+02
2.897049537204195531e+02
2.889775119782829051e+02
2.877428928177492935e+02
2.864712942656813084e+02
2.855019357753522513e+02
2.846818470176010578e+02
2.835074370781123889e+02
2.823413558174628974e+02
2.823015811472038195e+02
2.813364508962879427e+02
2.802668308850741141e+02
2.794855699771189848e+02
2.778985373513166905e+02
2.771629865776137081e+02
2.752174331945440713e+02
2.734767493066568136e+02
2.716663067272527883e+02
2.701750096400792813e+02
2.687412055178908759e+02
2.671906859790302065e+02
2.653029825455346895e+02
2.634805657523853597e+02
2.604424335317092414e+02
2.592131670007420325e+02
2.571966780060841415e+02
2.550506507257973681e+02
2.522671824058870129e+02
2.491732205140616827e+02
2.457575777971351840e+02
2.419955100152977820e+02
2.429056572243142682e+02
2.405248887867954863e+02
2.889687794649336752e+02
2.933094348540620331e+02
2.922076487961007274e+02
2.914966987575900816e+02
2.946397453871169887e+02
2.954930375340960040e+02
2.966871790643076565e+02
2.976774399749072586e+02
2.985435268220503531e+02
2.993844712556498848e+02
2.999159298914537430e+02
3.007723508230414495e+02
3.089434507240198400e+02
3.080576555278116757e+02
3.071690381597427972e+02
3.062885751367272178e+02
3.053918174856793826e+02
3.045118826643044372e+02
3.040327665541711895e+02
3.036112472082623981e+02
3.027329577991350220e+02
3.022518445146187105e+02
3.018360242103758537e+02
3.009565910281856986e+02
3.000591939449483903e+02
2.991705426985844269e+02
2.986867275500406436e+02
2.977075823327938338e+02
2.969074869067230225e+02
2.959931488319455752e+02
2.949463947384764992e+02
2.942682871956678810e+02
2.937640038773304241e+02
2.926262877744865705e+02
2.913054031803241060e+02
2.899629046994812143e+02
2.887787822251206080e+02
2.877239944751685812e+02
2.867539098122438190e+02
2.856218312653459179e+02
2.842078534975152024e+02
2.837616778756646454e+02
2.826274395407148177e+02
2.811358326665529148e+02
2.795607403188412263e+02
2.779720131716503602e+02
2.770820423279853912e+02
2.746602656203655783e+02
2.725133088302517308e+02
2.719795328363079534e+02
2.693889494543757337e+02
2.678049194610429709e+02
2.658925076394005487e+02
2.638299400566820054e+02
2.631452254145931420e+02
2.609856436849580632e+02
2.581437907765393902e+02
2.563236522024952251e+02
2.554447424569270026e+02
2.515205412820002664e+02
2.473055033489711434e+02
2.455426026022268786e+02
2.692327784718738144e+02
2.900154772288192930e+02
2.911704288038850450e+02
2.918057030185560166e+02
2.924745966557676411e+02
2.933711575584982256e+02
2.942572542938024753e+02
2.949156425466262590e+02
2.955734557683201729e+02
2.960363259381648504e+02
2.964565601932453092e+02
2.973065654062636440e+02
2.981845821823674783e+02
2.990440898724555154e+02
2.889681708986519197e+02
2.880173499332265692e+02
2.869866257022834475e+02
2.862632949647535270e+02
2.852428650815800211e+02
2.845513556028261064e+02
2.834902729323642347e+02
2.822704366478733959e+02
2.808609009521755411e+02
2.795975450622901235e+02
2.787718543278146512e+02
2.772786127069045961e+02
2.764706178541410395e+02
2.752241653299258815e+02
2.735003700023769966e+02
2.713884157503716779e+02
2.697349827110780325e+02
2.683089648541783276e+02
2.668981874884801755e+02
2.652567692540113171e+02
2.640967195722269594e+02
2.636999151882423575e+02
2.623589875734414818e+02
2.613362538709562841e+02
2.596937825740425865e+02
2.580233214890485556e+02
2.578810920307515744e+02
2.560913115257433219e+02
2.542484939717348027e+02
2.519155172933405424e+02
2.476916082836912949e+02
2.441010181927023552e+02
2.416645818599799043e+02
2.389238008938901032e+02
2.367484957787629298e+02
2.388850528667760216e+02
2.357524014651191919e+02
2.982841331614071692e+02
2.974023737296028571e+02
2.965041917968678717e+02
2.956264847223395691e+02
2.950907830578399285e+02
2.942563423059243632e+02
2.939901429374140207e+02
2.932875131076974071e+02
2.924102374080230220e+02
2.915328973204881322e+02
2.906758920193777840e+02
2.898697818387861389e+02
2.887397376729829830e+02
2.876104219821451693e+02
2.867464111163865823e+02
2.856003472280851838e+02
2.845767451196869615e+02
2.833434217373747401e+02
2.818137562297062573e+02
2.803504777058782906e+02
2.794711282364866065e+02
2.777850832546624247e+02
2.757996361434776986e+02
2.736416086132549594e+02
2.725422954209644786e+02
2.707823525446898429e+02
2.704187250323520288e+02
2.686579702774052407e+02
2.669254541828463516e+02
2.646979325920617612e+02
2.626348285980466812e+02
2.606541237307638426e+02
2.569267555708624968e+02
2.543670129446482235e+02
2.534573040871633793e+02
2.500444543679082017e+02
2.473217546269439708e+02
2.434807755213669793e+02
2.427154092079004499e+02
2.408592193733869351e+02
2.827244133586956423e+02
2.902916166857706912e+02
2.894111929535093850e+02
2.889778110714711374e+02
2.880425548355145224e+02
2.871354711166421794e+02
2.862297593815296182e+02
2.853536990887203615e+02
2.844926983710680020e+02
2.834608662092244344e+02
2.842499126001641230e+02
2.907058167518007963e+02
2.911893661404763520e+02
2.920786923228322962e+02
2.929555795335779749e+02
2.938222162867142515e+02
2.947092462507553705e+02
2.827423387841083695e+02
2.818294830492271785e+02
2.808659268063689183e+02
2.797436812687690235e+02
2.783417048685683426e+02
2.766817010074947802e+02
2.762741626129741235e+02
2.758869231055953151e+02
2.745433095520426150e+02
2.732643106922068341e+02
2.717052748470875372e+02
2.700043407356452576e+02
2.693474136723704078e+02
2.677124167048226582e+02
2.664742345518043862e+02
2.649220461585786666e+02
2.639858653976428400e+02
2.629711285381696939e+02
2.621370074851009804e+02
2.607053130489587716e+02
2.592816476783018516e+02
2.578096495642840296e+02
2.558484824332583969e+02
2.558398998915807852e+02
2.536572808227058431e+02
2.512362978709651884e+02
2.481297070034525518e+02
2.443335891921790051e+02
2.411238748696881373e+02
2.379805061641131374e+02
2.354597118003948140e+02
2.327394630554830144e+02
2.318637441928135559e+02
2.309898052101953567e+02
2.348321638271658287e+02
2.947399494322051510e+02
2.938394514831662150e+02
2.932743180332178667e+02
2.924063461515741551e+02
2.915495937009831664e+02
2.905318096630410309e+02
2.893824600098110977e+02
2.888235688363648705e+02
2.877687302506902824e+02
2.869114017345513048e+02
2.859515410234794786e+02
2.848503571023370000e+02
2.842795963306286922e+02
2.828536929314747113e+02
2.816943048645935619e+02
2.807059176148230790e+02
2.795026946293097581e+02
2.786829635787440793e+02
2.772718269482879236e+02
2.762708522508996793e+02
2.746179167918025428e+02
2.727765903431309198e+02
2.716193892154636842e+02
2.706278978918913367e+02
2.691023835993576654e+02
2.690933261528766707e+02
2.674033645736371341e+02
2.654170571646405961e+02
2.633882687884549796e+02
2.609107884863104232e+02
2.583177201948395236e+02
2.544532068661172275e+02
2.514908639096641139e+02
2.511039828366449171e+02
2.475867661617011777e+02
2.430487527338920870e+02
2.388631126330568861e+02
2.405243954472715586e+02
2.387469105067538635e+02
2.360714651333878180e+02
2.885082539480093260e+02
2.876144867869431323e+02
2.871338088086557718e+02
2.866970354194245374e+02
2.857928064511721686e+02
2.848697549688945401e+02
2.839378035055843839e+02
2.830099674440851913e+02
2.824683864801875757e+02
2.816363628462556790e+02
2.807579591987867502e+02
2.800344537398000853e+02
2.787057747742780975e+02
2.776158718039910696e+02
2.766498003878831469e+02
2.758132440304315196e+02
2.752203113977437283e+02
2.734006308258605031e+02
2.720369390856467362e+02
2.703110927840554041e+02
2.682964080743387854e+02
2.679984891694860494e+02
2.665327729422770062e+02
2.647579134363618323e+02
2.635903418326837482e+02
2.631308989228949144e+02
2.627374441091513404e+02
2.623357103157127881e+02
2.615561231423399704e+02
2.601559972779661507e+02
2.583106061327189877e+02
2.562938726154552569e+02
2.539441013791169723e+02
2.535832532161210224e+02
2.511254861476156464e+02
2.484897590224525743e+02
2.447267820214983942e+02
2.412646253091557469e+02
2.374217585996340745e+02
2.341476916449005330e+02
2.306717207966502201e+02
2.280634329482033991e+02
2.277589271983546269e+02
2.261473521009652927e+02
2.659984212201321725e+02
2.929556289079669682e+02
2.920539852470932374e+02
2.911692253962265795e+02
2.906588968342793464e+02
2.898459784670748149e+02
2.888544422549176147e+02
2.882569690247243557e+02
2.871291238511010988e+02
2.861695854662512488e+02
2.851282377471513882e+02
2.842577656355099975e+02
2.836602682465461385e+02
2.824671999106936937e+02
2.815319110228244881e+02
2.808218345165116716e+02
2.795084545511264196e+02
2.782670525381856237e+02
2.772593592985674604e+02
2.760090861662131942e+02
2.743406087927438080e+02
2.727828463924409448e+02
2.709598820776350294e+02
2.694055336728204679e+02
2.680116677427940886e+02
2.677749853834016562e+02
2.661986081560659159e+02
2.647242026650092726e+02
2.633847862825907669e+02
2.619002403579285101e+02
2.604826222464103580e+02
2.583105163136456213e+02
2.563222443797568530e+02
2.539150339638140679e+02
2.515781651676738306e+02
2.481475798382049618e+02
2.447957390718989927e+02
2.403430261937980674e+02
2.386957271637242570e+02
2.352129537920237681e+02
2.338779882929512155e+02
2.372651819507627806e+02
2.350104168793019142e+02
2.312494232988845795e+02
2.487034333026976469e+02
2.820725130596578083e+02
2.811102321811196703e+02
2.801566509989866063e+02
2.798337220476902303e+02
2.790329486360354281e+02
2.776989220491718129e+02
2.766586852916249200e+02
2.756419345630575890e+02
2.746141708808782482e+02
2.734294546277756126e+02
2.721663370334227352e+02
2.711680292707509921e+02
2.697330476221063691e+02
2.682263336941804823e+02
2.668402651975878257e+02
2.661453038016202868e+02
2.642134975528610994e+02
2.630499960003108981e+02
2.625064682574815720e+02
2.629152391209717621e+02
2.626789250218315033e+02
2.624243736195626298e+02
2.613037047402480084e+02
2.603919734806938209e+02
2.590142293430943141e+02
2.568945154329955471e+02
2.546949410976696413e+02
2.517461973576685352e+02
2.513347101649415265e+02
2.484056322061507274e+02
2.458535772308832748e+02
2.415637196150537420e+02
2.379471128621530909e+02
2.338342004816745998e+02
2.313464157219164292e+02
2.279217901785298181e+02
2.249225531687689852e+02
2.242486150763342891e+02
2.233511897023781785e+02
2.213013062411000647e+02
2.902706180951435044e+02
2.893704302635014756e+02
2.884709506394457890e+02
2.878312787218429776e+02
2.871137559364436243e+02
2.862874993971039999e+02
2.856069957075598040e+02
2.842887591841258654e+02
2.833702683325373073e+02
2.823188091813848359e+02
2.814076726192385536e+02
2.804996507564951003e+02
2.795398411415152395e+02
2.785112542616399196e+02
2.782226418049648942e+02
2.774634515286277860e+02
2.764868206405329261e+02
2.754658934169819986e+02
2.747372149462315747e+02
2.738485213605473518e+02
2.728182864596971626e+02
2.712181667774934795e+02
2.691268102699208384e+02
2.673094804775579973e+02
2.665340227207884141e+02
2.653035357568894028e+02
2.639833816898693044e+02
2.628062086660074783e+02
2.616768324809477235e+02
2.596567756223285528e+02
2.562078652086782427e+02
2.578841085010031406e+02
2.547838363965972803e+02
2.519121265088656969e+02
2.535930117587013797e+02
2.513027586749376781e+02
2.487924673105744944e+02
2.442910884509170160e+02
2.392843995945972324e+02
2.367589772911150305e+02
2.345353527061316754e+02
2.301583360925079944e+02
2.253880158111122682e+02
2.221214693116041872e+02
2.204491545989389181e+02
2.206722319105041095e+02
2.189833171008967270e+02
2.164897112778861867e+02
2.482439726760399310e+02
2.440645646151102994e+02
2.415399892756798295e+02
2.382421183143477208e+02
2.360099857000137433e+02
2.316002491587778991e+02
2.302422741643678137e+02
2.281206019389460096e+02
2.316964931855603709e+02
2.279577856305081980e+02
2.263510394559132806e+02
2.791740156123910310e+02
2.781830848583651346e+02
2.771903609871135927e+02
2.761620303643164789e+02
2.751318263965258097e+02
2.745624021850274517e+02
2.734564375230688142e+02
2.723438103470118676e+02
2.711905973476370377e+02
2.707772124514756342e+02
2.697227793357452583e+02
2.685255256823377863e+02
2.669369333039364847e+02
2.649067746237681149e+02
2.617649175490732887e+02
2.614995719880795946e+02
2.615756739405413214e+02
2.624935024072399870e+02
2.626544850809772811e+02
2.626522533237819061e+02
2.624575445176238873e+02
2.613654484320879874e+02
2.597278388336303010e+02
2.619190660857531157e+02
2.875805367725027395e+02
2.866654438595731449e+02
2.857631857208303359e+02
2.852327881506633389e+02
2.848355985827500376e+02
2.839323447590110732e+02
2.833907485569748133e+02
2.829591626797657682e+02
2.822520070693154821e+02
2.814618507293849916e+02
2.806846495369510421e+02
2.801396174246843884e+02
2.790187893529832763e+02
2.777435458496514116e+02
2.765953429754902118e+02
2.755129372288282070e+02
2.743781618006051417e+02
2.735162736691226542e+02
2.722643433599371861e+02
2.710284377401677034e+02
2.691689653697470135e+02
2.674332108648824260e+02
2.655082946012462912e+02
2.655774204392828324e+02
2.648130503740489416e+02
2.636974529290368423e+02
2.629168146884715043e+02
2.622744414797978720e+02
2.630092419423880301e+02
2.757696481096377852e+02
2.609121726249187532e+02
2.453891392532516420e+02
2.414799057076325539e+02
2.391650107825403779e+02
2.340341037862206406e+02
2.288336698961755644e+02
2.272466894581917813e+02
2.249868288943718539e+02
2.240373076933919094e+02
2.231724741382390960e+02
2.214397544100407060e+02
2.345063351854759048e+02
2.321655742501793895e+02
2.283790119276173129e+02
2.259607543507887044e+02
2.216740077726024936e+02
2.185033346014593292e+02
2.161846932230794209e+02
2.164088734920897252e+02
2.152251723540215664e+02
2.116397454260016104e+02
2.115308118835764617e+02
2.367192630111721598e+02
2.740576989578777898e+02
2.729785450709217685e+02
2.718594388183242359e+02
2.706941816869754120e+02
2.695069836787782833e+02
2.682712032823965842e+02
2.677297509576573589e+02
2.649829244877494716e+02
2.584712194293637708e+02
2.589302964973296071e+02
2.604409931367748641e+02
2.617590281139640069e+02
2.624402184554526798e+02
2.627104909324670530e+02
2.830022309177478519e+02
2.820838478558833344e+02
2.811372583859312044e+02
2.801904144173154236e+02
2.796061467929812352e+02
2.785467553088294039e+02
2.776826826595664102e+02
2.766695282668048890e+02
2.756785126695576764e+02
2.747226558979367042e+02
2.733197409896761769e+02
2.718260003640552895e+02
2.700635422021828163e+02
2.684103068901250140e+02
2.667382469787743275e+02
2.646479826155630803e+02
2.635721765998508772e+02
2.637205392962588348e+02
2.630440742335831033e+02
2.626372896007673035e+02
2.617001512317983725e+02
2.601253874698748518e+02
2.586864386165576661e+02
2.561377969548373130e+02
2.673023145538453491e+02
2.295129778098940108e+02
2.319872785190107720e+02
2.286846037833814194e+02
2.242127183322653536e+02
2.193696603356330854e+02
2.167453034490230266e+02
2.139824949784996591e+02
2.106746052827176072e+02
2.124129300793067614e+02
2.091249703407636673e+02
2.079603285735138343e+02
2.066704712812862113e+02
2.251082511840510563e+02
2.228896467777610155e+02
2.198815981868133349e+02
2.187433277446995987e+02
2.166606191314251362e+02
2.256426341564784366e+02
2.792373756272181140e+02
2.782798888295544657e+02
2.772891910973141307e+02
2.763049983241652399e+02
2.752849011820301826e+02
2.742356949132027353e+02
2.731905426980265474e+02
2.723929751193145421e+02
2.712439430339891828e+02
2.701251343375978422e+02
2.687361433252513621e+02
2.671458542771482598e+02
2.650481110640041607e+02
2.618913202006895062e+02
2.581824026008820283e+02
2.621055853702706031e+02
2.622695793643285356e+02
2.611458913105425381e+02
2.583386443558691781e+02
2.580661254460875398e+02
2.267654316123864646e+02
2.219278432750993488e+02
2.162647782400941310e+02
2.140073748037133612e+02
2.123359835599598568e+02
2.092164184089616867e+02
2.051211710310333842e+02
2.076537388942909104e+02
2.057907136654773694e+02
2.041032178216802890e+02
2.016071753348828963e+02
2.211235949835687791e+02
2.189846977193568023e+02
2.159337965328009830e+02
2.147455475243498313e+02
2.149248557967379440e+02
2.139266222910250690e+02
2.117172832926119668e+02
2.228570446418984545e+02
2.720933095027173181e+02
2.709617789345521146e+02
2.697732210623854598e+02
2.685400145130130909e+02
2.683384422777556324e+02
2.593722155423010349e+02
2.557104627362849101e+02
2.193485784322150494e+02
2.166460109851145432e+02
2.139725547200734184e+02
2.115070630835325289e+02
2.109985883471409238e+02
2.094713681627814594e+02
2.092778717017945667e+02
2.067185476490285509e+02
2.104433952886836039e+02
2.084240141557614550e+02
2.050917757181280763e+02
2.006606222310648775e+02
2.002729393225654064e+02
2.020693258743711453e+02
2.002139039809659664e+02
1.965769563853761781e+02
2.125919889728094461e+02
2.108198414936781830e+02
2.084632453447801481e+02
2.073580431618264299e+02
2.054284192874526696e+02
2.043812883545887757e+02
2.016490946479688660e+02
2.050434340429771964e+02
2.066007651816072723e+02
2.091889226810855291e+02
2.030464864930476097e+02
1.991291085474549334e+02
1.962792478013001300e+02
1.956336806914902695e+02
1.970338760862547076e+02
1.966047569039141933e+02
1.930684296838785201e+02
1.914052877389921719e+02
2.053039923555874395e+02
2.046459358000223006e+02
2.019386023483958752e+02
2.002755006243923788e+02
1.966257935943590667e+02
1.999394490420423551e+02
1.954991730073147664e+02
1.939498379969793689e+02
1.920239391050450593e+02
1.899141914269507367e+02
1.903865672381053002e+02
1.932798870167296457e+02
1.943134812563467335e+02
2.028297894080767207e+02
1.886989720869045755e+02
1.864119968531015559e+02
2.003587494576155734e+02
1.994019498813986786e+02
1.949769661467715594e+02
1.915274529030037058e+02
1.903410505597948941e+02
1.871250825928208599e+02
1.849206157121610374e+02
1.859669454016565737e+02
1.836166070386606464e+02
1.837875652821959989e+02
1.812424837253141732e+02
2.003069569758199577e+02
1.967155787146544696e+02
1.967124736660119879e+02
1.930493598150496268e+02
1.914424164642592245e+02
1.872373787181400644e+02
1.962564627317194379e+02
1.922349039791261305e+02
1.923613216728428483e+02
1.903684193331387462e+02
1.870857107584733967e+02
1.833702239644924816e+02
1.816551330868229854e+02
1.792406318015592888e+02
1.821155912954737062e+02
1.822644823288135001e+02
1.788093721308318038e+02
1.758148320134382629e+02
1.961136761432834703e+02
1.941676181130314944e+02
1.903996141191107654e+02
1.885982531714388983e+02
1.864329239389935822e+02
1.886026675835240951e+02
1.869076920085005327e+02
1.866603307627324000e+02
1.836970976900131234e+02
1.838005295005472988e+02
1.812588404113897695e+02
1.875833246467009587e+02
1.851190575665500830e+02
1.815311251632845710e+02
1.786272242706922668e+02
1.757402928309341235e+02
1.753893091569335638e+02
1.783272917748894599e+02
1.729663969020427885e+02
1.723647130361470090e+02
1.707179524066799843e+02
1.843872917976190706e+02
1.830528721223246293e+02
1.793054562275268609e+02
1.759972298640846589e+02
1.742365758075802944e+02
1.701644628469386475e+02
1.719429701760115279e+02
1.711517947842597209e+02
1.677635862601045176e+02
1.669745612773266714e+02
1.677256426571831014e+02
1.654065307390358441e+02
1.819763486020249843e+02
1.821685419559915147e+02
1.788194495521597958e+02
1.758245812918945035e+02
1.799424624284602316e+02
1.759356569602003049e+02
1.758350120781748274e+02
1.729761381799573883e+02
1.723617813852956147e+02
1.707416586034485135e+02
1.735734761217418338e+02
1.706603797643374492e+02
1.664431301724763728e+02
1.647802920116549217e+02
1.667347778105508667e+02
1.640838976816439754e+02
1.614321180450534712e+02
1.631293556685364763e+02
1.599589705676536369e+02
1.783439813155920888e+02
1.721452745872545051e+02
1.688658014229118578e+02
1.660262524493362548e+02
1.623084564127988756e+02
1.591580123027921161e+02
1.629142120313458122e+02
1.609827581540105257e+02
1.564576005690817908e+02
1.569829177635345445e+02
1.544909215798798527e+02
1.713241092163220856e+02
1.675461334084295402e+02
1.675017324038591369e+02
1.679146706018853195e+02
1.654075334308338654e+02
1.674790784955097536e+02
1.635914219329411310e+02
1.630959110529117879e+02
1.616450915606806120e+02
1.632667344129208118e+02
1.599657081081419960e+02
1.613186832894019744e+02
1.578620217811041186e+02
1.546781730472405911e+02
1.528217034494211362e+02
1.562277292145563194e+02
1.529941978001631071e+02
1.491621545227171737e+02
1.522074163309505366e+02
1.518299958396588920e+02
1.491181135818073074e+02
1.595384772643555493e+02
1.586209551694663276e+02
1.566226379594362186e+02
1.527750223053996876e+02
1.507759240207227265e+02
1.473631426908037838e+02
1.463820760402124961e+02
1.502827123905844076e+02
1.584627197478280038e+02
1.560162473645520151e+02
1.570100947017521946e+02
1.544848623397275844e+02
1.472921882942284526e+02
1.434799492378384400e+02
1.436390273255787235e+02
1.553754228857075077e+02
1.528877229878463027e+02
1.490234236841662039e+02
1.522076042636043383e+02
1.518893450014953146e+02
1.491202535543829129e+02
1.532244840346752142e+02
1.486141307812106049e+02
1.465953202871381791e+02
1.416853631490775172e+02
1.429216828987356678e+02
1.421600758482190372e+02
1.381538266142798648e+02
1.382575399758028425e+02
1.421309691546964018e+02
1.379386139002717471e+02
1.506806879163509052e+02
1.468464602039784950e+02
1.468773208953902838e+02
1.436388014749186084e+02
1.472942817847003028e+02
1.434838858139629281e+02
1.445565778513533530e+02
1.411816281360260348e+02
1.363827551644193363e+02
1.379489388082485846e+02
1.321770209495839765e+02
1.333084416783491122e+02
1.342238058828923215e+02
1.322204307998483728e+02
1.429324668854493154e+02
1.407366541864254259e+02
1.365867629761178250e+02
1.328947738723091163e+02
1.300166699983151091e+02
1.340550753192540299e+02
1.421966112268069651e+02
1.384373621314169043e+02
1.381814591766474507e+02
1.421328915602129257e+02
1.379376826212516391e+02
1.270840800826337471e+02
1.271953401031313291e+02
1.294421169968844083e+02
1.266187199454014376e+02
1.384424059561678177e+02
1.346510486781183147e+02
1.340593951997750537e+02
1.328601943831341146e+02
1.341174187500175208e+02
1.322123511007444563e+02
1.323068401778188559e+02
1.286380094923189290e+02
1.251213846026361125e+02
1.233846704166999473e+02
1.232987358360177268e+02
1.208243980299555886e+02
1.237451419049400556e+02
1.207991510869022278e+02
1.305754430904202650e+02
1.297154389503012624e+02
1.270130386746589579e+02
1.234495279324459176e+02
1.201194317429797991e+02
1.170853418691543908e+02
1.178310571666710871e+02
1.148231654013157197e+02
1.181134125403489037e+02
1.150298137768581768e+02
1.295820443872217993e+02
1.268780397631628176e+02
1.294391421916556340e+02
1.266241049909232572e+02
1.265801714981977284e+02
1.238584793983328183e+02
1.205221274172926229e+02
1.237483182154773260e+02
1.207991311279946984e+02
1.249719082380471633e+02
1.216308918418989862e+02
1.175164822862839173e+02
1.156820792647440754e+02
1.123189760253502527e+02
1.139099278227551508e+02
1.134497763304782438e+02
1.092292719144182200e+02
1.092478249404216939e+02
1.091698649022133907e+02
1.134863833561556277e+02
1.217096669441693280e+02
1.177961930780215738e+02
1.121303123152122652e+02
1.120940285156203515e+02
1.073573179948837293e+02
1.089164815893936975e+02
1.031316862626210025e+02
1.041063736666390298e+02
1.051093023073392061e+02
1.031834606361853162e+02
1.178303344857473007e+02
1.148239163044734141e+02
1.181181480797942385e+02
1.150357704183267913e+02
1.140541150672754327e+02
1.094008649713624095e+02
1.056365266308220470e+02
1.076017187300337099e+02
1.041241088846639258e+02
1.010659336892072417e+02
1.050385297350839551e+02
9.785499654805101954e+01
9.817737845205694214e+01
9.987620562825367188e+01
9.725054068165709964e+01
1.133254708735191087e+02
1.094541338682827103e+02
1.092109116494578842e+02
1.091674040435342050e+02
1.134873724177398913e+02
1.048961529431488628e+02
1.037006909945307598e+02
1.047089941185967064e+02
1.031434222531191693e+02
1.032770672662936562e+02
1.009282216739262310e+02
9.977164037437169952e+01
9.658195607311371589e+01
9.461690341816768068e+01
9.420661622471035912e+01
9.140371650213155874e+01
9.431651484813563968e+01
9.114305098339200129e+01
9.980211231857045107e+01
9.669470769591208636e+01
9.528380734465692115e+01
9.856337609544783618e+01
9.469282640152233910e+01
9.276343014206683790e+01
8.875124122952009031e+01
8.882303126981022956e+01
8.562362568996704226e+01
8.883160574463461501e+01
8.511955895148427942e+01
9.988014552750414055e+01
9.727529045710744526e+01
9.739593015964230460e+01
9.485435047712462620e+01
9.155448243965362565e+01
9.431536588122352782e+01
9.113931646938179654e+01
9.260414064641938126e+01
8.899969463678048953e+01
8.955364923229505791e+01
8.884975537481088281e+01
8.333866949580342975e+01
8.438559379518267178e+01
8.120988181912866821e+01
7.996661976598775823e+01
7.894874651202746918e+01
8.391055039789989678e+01
8.832404077589691838e+01
8.562505846485117900e+01
8.883789399523486452e+01
8.512019871619345679e+01
8.337361508951273947e+01
8.378210646641535675e+01
7.758300334608547644e+01
7.980629017102663170e+01
7.436627004407354491e+01
7.496300059131469595e+01
7.538953019493598617e+01
7.267050131907744515e+01
8.441018948384275689e+01
8.141422873264478710e+01
7.994981072840695902e+01
7.658974993283544563e+01
7.439055844633377035e+01
7.106242331892957509e+01
7.151014609594248839e+01
7.581662017266967268e+01
7.999064754547953271e+01
7.894923877457564743e+01
8.391318459711713729e+01
7.917994170206210924e+01
6.865232568607574137e+01
6.915593507798341477e+01
7.043068607721036756e+01
6.644390217044096403e+01
7.511153674940891278e+01
7.558764559910804337e+01
7.024948970424104289e+01
6.955679060534764346e+01
6.588149655570514085e+01
6.712023069367653250e+01
6.518185033296443009e+01
6.538235704471178167e+01
6.295416179429087578e+01
6.344189856146870454e+01
5.993588098133492537e+01
7.542867687434780066e+01
7.267286884013489612e+01
6.956460669223565674e+01
6.594493315103986220e+01
6.353990495878048961e+01
6.619681505381728925e+01
6.003256543638407550e+01
6.138940896109179590e+01
5.958062025842180276e+01
5.977255880173699154e+01
5.744382853975248082e+01
5.689703636479858773e+01
5.374902708486558112e+01
7.045261351006175232e+01
6.644146465375369814e+01
6.344411004876261728e+01
5.993566523266043333e+01
6.297589908191530128e+01
5.952777500507007602e+01
5.981271220192950722e+01
5.410386707186862765e+01
5.482594789815586722e+01
5.498466866538207398e+01
5.548295911053803309e+01
5.228156890240542509e+01
5.106891125764302330e+01
4.710018590897663415e+01
5.697475385917663715e+01
5.744234122103025442e+01
5.260869995756424089e+01
5.540942450386264539e+01
5.099774451151260735e+01
4.728472361935590129e+01
5.020000184789923026e+01
4.859081041305805115e+01
5.079626887451264849e+01
4.528902509393623177e+01
4.561079980543721746e+01
4.468483674043883980e+01
4.076564066368172945e+01
5.374939511081012711e+01
5.111509876616053560e+01
4.710889499786937762e+01
4.606120060003559757e+01
4.692399430422560869e+01
4.224841189305927003e+01
4.534056700266197737e+01
4.149895084452398919e+01
4.248467785182390344e+01
4.047973566422876246e+01
4.093346263846795807e+01
3.993148449908489539e+01
3.396581708183288129e+01
4.679111322689154662e+01
4.469195017963282623e+01
4.075466102794182177e+01
3.960747890352145362e+01
3.687263482073932863e+01
3.584910347407544151e+01
4.023368803065732635e+01
3.622930762378941694e+01
3.610742989425437344e+01
3.656313355822323530e+01
3.403995545698565905e+01
2.918440505564813847e+01
2.720709807203793673e+01
4.235128655563781308e+01
3.385388430328540466e+01
3.326643950396512395e+01
3.120304786020316712e+01
2.959782992679895131e+01
3.086829516281035524e+01
3.066794595149372427e+01
2.922619384370960205e+01
3.139029006369574404e+01
2.707948995553195104e+01
2.426842653375530645e+01
2.064503587318301214e+01
2.920828534814836530e+01
2.704969659987468589e+01
2.554874193802659121e+01
2.441660380797348751e+01
2.455483322739584295e+01
2.413983598845467071e+01
2.535186897448218346e+01
2.186880207037843959e+01
1.877986269101025485e+01
1.341587275171323590e+01
1.366407117200796506e+01
2.739073631255004315e+01
2.419436433190008984e+01
2.059214488532370879e+01
2.200289979917717176e+01
1.958580578677597472e+01
1.788971380017379076e+01
1.854028715734822441e+01
1.897067092203008087e+01
1.680537754848428023e+01
1.120887779880283830e+01
6.572658799680213271e+00
7.063945964344053863e+00
1.874869795182887344e+01
1.347159951054156579e+01
1.367755776624423092e+01
1.684167585735126593e+01
1.446636534560468945e+01
1.165004486193112676e+01
1.249789195640233785e+01
1.348620928357209081e+01
1.249590271966352972e+01
6.051990497201933827e+00
4.264415741865914988e+00
0.000000000000000000e+00
3.389598371778465236e+00
0.000000000000000000e+00
1.112438939065584442e+01
9.293786999404714422e+00
5.106754581276059746e+00
6.272422693006411087e+00
9.295221271624102499e+00
8.990929020433265251e+00
4.574748227663171463e+00
0.000000000000000000e+00
7.060477568954894423e+00
6.506329468523555093e+00
5.445205748270213419e+00
0.000000000000000000e+00
0.000000000000000000e+00
0.000000000000000000e+00
0.000000000000000000e+00
4.933885562148906168e+00
4.614722145855401081e+00
0.000000000000000000e+00
3.340969381383727121e+00
0.000000000000000000e+00
0.000000000000000000e+00
