9.238659237754966004e-10
7.153707821720269228e-10
1.152405787543044593e-08
1.119188887482970649e-05
1.799484364283469653e-06
7.887484653486004601e-10
1.137988498527632545e-08
1.122864300971714892e-05
1.718122681901209512e-06
9.233070611558088437e-10
1.131982826453888590e-08
1.130736817110608007e-05
1.687804486122304497e-06
1.152522716115961383e-08
1.132336849784365693e-05
1.810910055763783421e-06
6.751976843776568432e-10
5.042808366672017951e-10
1.128826022174381399e-08
1.134452010752334256e-08
1.118197049579148798e-05
1.110224247787455391e-05
1.671869677537785712e-06
1.713256822052711538e-06
5.078225353405667310e-10
1.152275743600680193e-08
1.108260732749304135e-05
1.838793680995630080e-06
7.659452450583670437e-10
1.114577459267100305e-08
1.121030347129806459e-05
1.605075024876201929e-06
9.224728645145224908e-10
1.111506242516885509e-08
1.130244013437781618e-05
1.589450122471338790e-06
6.007580239044398030e-10
1.114625610519394309e-08
1.114086215488841058e-05
1.584137226001250583e-06
4.344452677229422822e-10
1.115435189472336011e-08
1.103040270019923606e-05
1.566209085648318128e-06
3.004786487352265376e-10
3.007722016703044229e-10
1.152144698553801550e-08
1.131387517736289511e-08
1.090338204217484661e-05
1.090666160674117243e-05
1.876434038984489412e-06
1.696970981511565012e-06
9.215627048554979826e-10
7.026967008326726222e-10
1.091029693311420227e-08
1.099733647896564624e-08
1.129338561107516713e-05
1.116177432131080427e-05
1.456910721974341585e-06
1.504058283498208582e-06
5.267609265168776385e-10
6.717619985703428857e-10
1.080433523902889558e-08
1.097948638807453524e-08
1.111504244911841989e-05
1.106378720253946238e-05
1.353848954296503229e-06
1.463871321549969512e-06
3.281413194350192563e-10
2.726457318167421953e-10
1.113282943612630068e-08
1.087308040340964407e-05
1.532928241724153905e-06
1.096224428321978856e-08
1.090323549607007172e-05
1.419026242957873556e-06
9.405801074422772025e-11
1.131578219184254525e-08
1.073393606800565037e-05
1.695379891442256978e-06
1.974795479539069600e-10
1.141836270135136485e-08
1.082675741100630534e-05
1.787629738399693807e-06
9.468470780733738919e-11
1.152024343960434208e-08
1.076142280126674763e-05
1.864200352399695032e-06
9.204717262000645944e-10
1.070581022540965079e-08
1.127213734644176219e-05
1.288840184455370337e-06
4.870274431982644665e-10
1.080860660351411276e-08
1.100127364161431532e-05
1.337299172672044256e-06
2.480538491484956489e-10
1.082058378240780837e-08
1.083052919555011066e-05
1.329034308891450978e-06
9.235457802163915076e-11
9.324717914197988581e-11
1.111052648906343878e-08
1.090532824128094091e-08
1.073150853196830287e-05
1.072760032841426595e-05
1.516398443048022284e-06
1.369457298833304741e-06
6.654382235939485538e-10
7.679737675878035342e-10
1.058991029840559487e-08
1.047885984972256186e-08
1.109034327394280198e-05
1.114132684454338257e-05
1.189148972580079033e-06
1.121304773944945527e-06
9.190220681831248901e-10
1.050127092176726728e-08
1.123582939549696362e-05
1.149864071896452236e-06
5.094288994902592828e-10
1.066480273957150145e-08
1.099768022977641320e-05
1.242075327847999311e-06
3.206902921588719212e-10
1.067859479918321613e-08
1.086773304561690136e-05
1.250363051535915665e-06
4.108852909957131540e-10
5.131120611290673885e-10
1.049710384380357893e-08
1.036145370519594657e-08
1.092115949463743164e-05
1.098378016238114578e-05
1.137047028457021073e-06
1.040500863983295654e-06
6.901423174521617583e-10
1.035648832204904553e-08
1.107982435915310051e-05
1.040928552924007999e-06
9.174225448213783979e-10
1.029673826003733341e-08
1.119636713593464238e-05
1.023107703174038258e-06
9.123854039206714136e-11
1.069994708426170883e-08
1.071085161839167042e-05
1.254019090276842749e-06
2.137270722226013189e-10
1.057989681181892994e-08
1.078217364800797650e-05
1.185043525496810133e-06
2.298603791239127550e-10
3.211739728601675734e-10
5.016897418394908960e-10
1.019047028083758186e-08
1.095561020345003754e-05
9.275852698342706494e-07
7.510205102272583142e-10
1.020689600140757845e-08
1.108977023199737220e-05
9.546538255444603314e-07
9.154997543687108907e-10
1.009215461099891634e-08
1.115149968938896591e-05
9.099851052717510815e-07
1.044220230411787062e-08
1.031181194658499351e-08
1.083093255933379618e-05
1.001732238019235830e-06
1.077793132508515708e-05
1.091242251295322361e-06
8.990894491570797686e-11
1.049450193217939118e-08
1.067961754308015981e-05
1.120363787215967919e-06
8.833638082916437874e-11
1.028915330843367503e-08
1.064537114497652492e-05
9.667902000587678087e-07
2.525030031185048047e-10
3.131518827926975594e-10
1.002413105125022117e-08
1.017396963646640542e-08
1.077427041919704175e-05
1.075424596968466063e-05
8.018228702863267270e-07
8.964557579806538066e-07
6.821782585731705387e-10
1.006936408061534424e-08
1.102904541592696563e-05
8.671175932082743923e-07
7.733509958296606127e-10
9.939338671855777840e-09
1.104424152406423001e-05
8.025886787446996785e-07
9.133183788512065260e-10
9.887603467446103441e-09
1.110410535950522951e-05
7.912474068019281863e-07
4.900206841739956183e-10
1.001947042699944616e-08
1.091303639809153002e-05
8.172162483681198339e-07
8.650639391816580021e-11
2.352543170432156047e-10
3.370018518280248426e-10
9.790438564158915383e-09
1.074335190255355862e-05
6.420849854681210372e-07
9.901405179605796397e-09
1.068879092515971829e-05
7.060850530730786076e-07
1.008386276434790889e-08
1.061035795078374627e-05
8.174953783444271780e-07
5.918351075722793181e-10
9.884043424417579212e-09
1.094348539793578060e-05
7.430344949908100139e-07
7.932811264539057098e-10
9.796228269440886433e-09
1.101901726034564472e-05
7.200377450796266094e-07
9.108696306734211627e-10
9.683098648534330847e-09
1.104835089892312312e-05
6.711567336361815552e-07
8.436499360127000055e-11
8.207337782086064095e-11
2.864832595316952347e-10
9.673278394470282121e-09
9.622458163432339169e-09
1.051737865126176965e-05
1.066063765457333506e-05
5.223097616097435522e-07
5.189319847785920490e-07
4.781991295834994807e-10
9.713103899566222240e-09
1.082373485998073768e-05
6.116289895247377746e-07
6.807146904951442406e-10
7.033637507631650998e-10
9.081268382152386439e-10
9.478567012412130624e-09
9.529051531409078890e-09
1.097997443798721545e-05
1.089454554867555970e-05
5.529124759950630430e-07
5.379945607900046935e-07
9.692784630153814080e-09
1.093330111625724075e-05
6.359314761632109254e-07
9.878551076208021912e-09
1.056471545147814256e-05
6.717430211959431311e-07
7.950195358675334891e-11
3.090956874436878374e-10
4.949050872629369492e-10
5.114560880902575807e-10
6.524568350535847634e-10
9.361258377540757519e-09
1.080846299624358715e-05
4.211641156744001074e-07
7.539868281410394157e-10
9.250828295953283002e-09
1.081613283050029446e-05
3.840392491537207224e-07
9.050633190409718424e-10
9.274072870559483225e-09
1.090301699373620183e-05
4.316617531441899372e-07
9.468031716852891103e-09
9.458350114037420583e-09
9.575687139615297865e-09
9.438293688439691881e-09
1.075777007952562982e-05
4.390818215174783941e-07
1.079281496607828925e-05
5.274264531291256758e-07
1.062719088342398122e-05
4.161532678824801875e-07
1.046177390685504200e-05
3.776846612399580792e-07
1.966317456311006953e-10
3.974066186178353392e-10
4.984794019664493712e-10
9.267064464855498149e-09
9.132058155260196848e-09
1.063159582027283320e-05
1.065034070724510072e-05
3.178437330434849590e-07
2.530068521893547740e-07
6.686272003609166161e-10
9.120061924548023791e-09
1.072025555029144751e-05
2.856251297078161040e-07
9.018267114413114521e-10
9.069621989596213365e-09
1.082236196753725661e-05
3.163766928297430948e-07
9.354563563835044801e-09
1.051176894997913346e-05
3.286321604727512685e-07
7.669092241836560509e-11
9.262788702865018242e-09
1.039886193369193397e-05
2.498037615204269537e-07
2.154263412449296533e-10
7.367917948309337744e-11
3.014871134530911191e-10
4.822932248724109996e-10
7.182623851445861402e-10
8.935224704021958037e-09
8.935085648627380074e-09
1.056933042600169471e-05
1.066927744904681753e-05
1.303036197354728526e-07
1.887477844543463299e-07
8.982147191584812231e-10
8.865223109873424944e-09
1.073453122813773484e-05
1.974206040908436459e-07
9.209992990585611448e-09
9.057646240585795915e-09
9.072659083434700831e-09
1.049322297172640039e-05
1.745372305691868014e-07
1.032971230143586453e-05
1.047824991718821371e-05
1.162906241971594302e-07
2.429049587567677398e-07
2.370383009901395527e-10
2.991268454576525500e-10
7.043733017618618873e-11
8.852611885482474308e-09
8.762756641814013666e-09
1.026264351690897784e-05
1.037814603301289122e-05
-9.274824987039377618e-09
-1.366870173305790000e-08
4.771714396940977748e-10
6.359105492256760205e-10
8.781780674820559351e-09
8.685720377605232412e-09
1.057045645986287371e-05
1.046910929776268669e-05
7.663562584790512819e-08
-1.610807813763268566e-08
8.918233741859206132e-09
1.039293333625547177e-05
6.376254195636067018e-08
7.860675721190167888e-10
8.761554611874223624e-09
1.062891269573886683e-05
1.064910758395521024e-07
8.943174929976472794e-10
8.660850568520564092e-09
1.064245970510478900e-05
7.691817337168914132e-08
6.699322152970034118e-11
8.647545130862497092e-09
1.019072606897016932e-05
-1.337517443230517652e-07
2.730706227902739113e-10
4.711202382145640003e-10
7.013250074231024340e-10
8.568281953413412816e-09
1.050511905652486407e-05
-2.442011928343412297e-08
8.494841189460638668e-09
1.038693726808923800e-05
-1.222010905053610379e-07
8.571703344351578488e-09
1.028909485102577388e-05
-1.282501219615486940e-07
8.901676577520430657e-10
8.456722988014384801e-09
1.054362581587935518e-05
-2.299066650462024885e-08
6.337838293366781366e-11
2.610202028519663502e-10
8.442624409968941797e-09
8.360751297155264355e-09
1.011470774026181072e-05
1.019884172525961997e-05
-2.500634447287447993e-07
-2.467297345558458115e-07
4.716279057973119768e-10
8.313318831195007928e-09
1.030724217445056400e-05
-2.172608729107023373e-07
6.380045182392238944e-10
8.357351306935202501e-09
1.038693322736253091e-05
-1.509439128016067853e-07
7.836362750394516001e-10
8.352710897181113306e-09
1.043914036546776328e-05
-1.103693666213179944e-07
8.856251413353776674e-10
8.252609456609131665e-09
1.043024209403345623e-05
-1.255966581289032075e-07
5.957989859823894763e-11
8.237860686285644202e-09
1.003518604096872897e-05
-3.608780410104996885e-07
2.986516430764832351e-10
8.140939306666950417e-09
1.013153671226824314e-05
-3.489646745109348104e-07
4.701424248239025942e-10
8.142809987692865560e-09
1.022576725992230487e-05
-2.984429730510549662e-07
7.197029843140409004e-10
8.198539203638562223e-09
1.033917370806417711e-05
-2.002169192783027824e-07
8.808718759581933628e-10
8.048681800115129601e-09
1.032262994526867859e-05
-2.115398458414315123e-07
5.556940012226648186e-11
3.057201465255695446e-10
8.033232971457545360e-09
7.923969719026676716e-09
9.950524880960323075e-06
1.003629284378422750e-05
-4.671738017516749750e-07
-4.404212775536130539e-07
4.621824888959702339e-10
7.996472437479011891e-09
1.014995856424300979e-05
-3.623868274544466581e-07
6.598453301840476155e-10
8.037527772069734362e-09
1.023863903224276878e-05
-2.881229579044431412e-07
7.388989416882750465e-10
7.897097888093432507e-09
1.019181891029065234e-05
-3.235465088626217357e-07
8.757798512497491402e-10
7.844979490810179090e-09
1.020973871680403766e-05
-2.989202587019491889e-07
2.008003631072032053e-10
7.810485446665549109e-09
9.924568247863674111e-06
-5.267232332963514925e-07
5.142257764355291739e-11
7.828966359491788526e-09
9.855007324287446958e-06
-5.605593467158839722e-07
5.560251399872378994e-10
4.501682988105859165e-10
7.838429742118448706e-09
7.700548846246796899e-09
1.011092748011754678e-05
1.000151385583707168e-05
-4.079723053741895793e-07
-4.966421591325430561e-07
2.800219291419539657e-10
7.683208639905656457e-09
9.900891765805209030e-06
-5.579494814600075132e-07
7.551913684769390738e-10
7.752873420853699054e-09
1.012037274912118061e-05
-3.739746549021036952e-07
8.703095825225385186e-10
7.641510521084884444e-09
1.009245342468232481e-05
-3.735513618443700546e-07
4.723033522416599852e-11
7.624747877873560003e-09
9.756621885488522421e-06
-6.601215309087423703e-07
2.162667133129127088e-10
4.547208321370128751e-10
6.990659458118575840e-10
7.505076931904926715e-09
7.485655520415602709e-09
9.900799169237454661e-06
9.949236750327552803e-06
-5.755144474823562868e-07
-4.936698225409283052e-07
6.411527198419621005e-10
7.647158370472719106e-09
1.002808050432096553e-05
-4.560445089342570587e-07
7.507982440526069159e-09
9.777157957318082917e-06
-6.551389140506883640e-07
8.645275590044891662e-10
7.438330024237810869e-09
9.971010756634220542e-06
-4.480882808300802630e-07
4.283606951396247933e-11
2.650303685904894660e-10
7.421006957286299482e-09
7.335284496759154867e-09
9.651497669197965743e-06
9.708729546816101982e-06
-7.495415564522287267e-07
-7.118564372583501994e-07
4.452407353379144695e-10
6.060963259230856624e-10
7.348095381390412012e-09
7.256760950341233473e-09
9.843613863263811874e-06
9.754786954886753792e-06
-5.854442662381016993e-07
-6.798223048583632325e-07
7.529013235472851051e-10
7.333140033076551568e-09
9.870625792444594418e-06
-5.315260575454971451e-07
8.583248826398496422e-10
7.235410585490026302e-09
9.842354247595277536e-06
-5.273469015389494904e-07
3.830166582537444213e-11
7.217443795500601742e-09
9.542486262307757608e-06
-8.405374547357442102e-07
2.413863237330403339e-10
4.375659728796484677e-10
6.663735984994868780e-10
7.141697329731636300e-09
9.726020626676059978e-06
-6.363673983215130185e-07
7.067978669473361710e-09
9.637361442433157340e-06
-7.499060257475315136e-07
7.143534914495543610e-09
9.589306809991176206e-06
-7.949344288319847258e-07
8.519198239066008580e-10
7.033077595497942063e-09
9.703622193896698804e-06
-5.874706093962314161e-07
3.369110630514828580e-11
2.287683647343159027e-10
7.014398206904392551e-09
6.934178634876046525e-09
9.428205891825974948e-06
9.462679090400098774e-06
-9.166800938169276427e-07
-8.724684510504540692e-07
4.366345391696852316e-10
6.888339845231102113e-09
9.524069324575941859e-06
-8.103122230179151423e-07
6.014374416456012936e-10
6.932852926343821703e-09
9.578244263322317414e-06
-7.312859240316965718e-07
7.453467379172302214e-10
6.929292592281409131e-09
9.599548842384216782e-06
-6.694852096514369788e-07
8.449402863566372174e-10
6.831152434755565773e-09
9.557327403646371207e-06
-6.566670787276469404e-07
2.895797179074624151e-11
6.811806948881619276e-09
9.311039196511446722e-06
-9.871513269417484768e-07
2.645200417867283779e-10
6.716980673757702839e-09
9.350574722274533848e-06
-9.319446493465890427e-07
4.337605081704425483e-10
6.719781593988245514e-09
9.411756234806611360e-06
-8.632452314223943825e-07
6.805630863758251795e-10
6.776453519537026255e-09
9.482039109420576747e-06
-7.417199763235777754e-07
8.378687352052068348e-10
6.629710005384731394e-09
9.414871979687738611e-06
-7.102801296518994488e-07
2.405423317335925373e-11
2.701341680052718328e-10
6.609721413187316816e-09
6.502996106573349535e-09
9.191928414185400245e-06
9.216967841144040212e-06
-1.059617014537059416e-06
-9.846978011137288244e-07
4.246943074573226158e-10
6.575277083944599642e-09
9.312744298597752180e-06
-9.013603741538793102e-07
6.198895741226852999e-10
6.617031015571788932e-09
9.362068620717473963e-06
-8.133296917772095153e-07
6.962382244244640868e-10
6.479193798852712288e-09
9.274323713249529364e-06
-8.132224535020711859e-07
8.304396772324931391e-10
6.428932704822779864e-09
9.263164286312619461e-06
-7.611001772482750045e-07
1.661301226996057665e-10
6.390789792367992386e-09
9.104502816119927031e-06
-1.059646168835059884e-06
1.920707439932754920e-11
6.408587441447230097e-09
9.067021649969377370e-06
-1.112040832012528886e-06
5.157602708141759361e-10
4.105623620152402165e-10
6.420096854757062781e-09
6.283809191119051237e-09
9.225752765088839682e-06
9.113584962876047801e-06
-9.063474730907740375e-07
-9.792245134566481299e-07
2.437507238114364144e-10
6.265913269877222217e-09
9.046745845149012892e-06
-1.054852607611060348e-06
7.101264408329599889e-10
6.322374415420353621e-09
9.159910098894619425e-06
-8.378610925135626971e-07
8.225276072827184656e-10
6.228755631532293436e-09
9.104570758553036337e-06
-7.971921020940052073e-07
1.439179784002179024e-11
2.139547051255858600e-10
6.078439826882326306e-09
8.912346735079420361e-06
-1.097813692414795429e-06
4.114323128300081596e-10
6.131764868931736678e-09
9.006355032670520816e-06
-1.004130149433374922e-06
5.738926962523291975e-10
6.219965017162007551e-09
9.082536637544272551e-06
-9.194696438767598226e-07
7.068075024005977600e-10
6.125047501235316994e-09
9.006131456005067606e-06
-8.697149929523059873e-07
8.141327848168072655e-10
6.029325794169558110e-09
8.943162056402340424e-06
-8.305172663240282024e-07
6.207548055091426467e-09
8.941239074625620349e-06
-1.163093701942930047e-06
9.296806508029391562e-12
2.524284867885807909e-10
6.007614450667035417e-09
5.902311674111746344e-09
8.806818632939338300e-06
8.801082147949127561e-06
-1.201525535080163876e-06
-1.107736655478599537e-06
3.875137876390477235e-10
5.991351066749775354e-09
8.899328845163677253e-06
-1.031896963599983417e-06
5.645401427860906104e-10
6.024988910102777810e-09
8.938703650753171501e-06
-9.512246856286608306e-07
6.908672885601301593e-10
5.930219318677262194e-09
8.855036279267139708e-06
-9.040575346868021185e-07
8.053829180908328642e-10
5.830880283038023910e-09
8.778838240255166486e-06
-8.563320028791570972e-07
1.494454278265619994e-10
5.791309036995028813e-09
8.694264744594582331e-06
-1.174418229177298698e-06
4.334099674781971765e-12
5.808808463796864982e-09
8.674039586658975230e-06
-1.232312123112373611e-06
4.947383938280708515e-10
3.904124133591617341e-10
5.820997913334218281e-09
5.686206298263802500e-09
8.790052056781242693e-06
8.679179184499129977e-06
-1.015281324936795631e-06
-1.077489453414830597e-06
2.257610699881086727e-10
5.668173014445959565e-09
8.624714345601110094e-06
-1.156686093938361024e-06
6.685709235799370458e-10
7.964525026460626288e-10
5.633216522953954528e-09
5.772917912487271668e-09
8.613798985767829897e-06
8.732171423817639428e-06
-8.684154755936622452e-07
-9.292342767453594168e-07
-5.438772042517303610e-13
1.959645488033907458e-10
5.483221185835222275e-09
8.486596369015295769e-06
-1.181630983172382103e-06
3.907036566556446496e-10
5.536177641974138948e-09
8.561246872261387661e-06
-1.086006993727819114e-06
5.793832481098431048e-10
5.631848372650924153e-09
8.626909516527008382e-06
-9.826371231118490158e-07
6.800514956685252873e-10
5.521090669471768969e-09
8.527302981742940419e-06
-9.301198537591254488e-07
7.869240457587209064e-10
5.436605376448052123e-09
8.452179846402535569e-06
-8.755887765944431441e-07
5.610255188665349767e-09
8.541013318433947975e-06
-1.263724557808975654e-06
-5.765497302967594535e-12
2.335076040078035086e-10
5.413190941545850068e-09
5.309792615259011642e-09
8.396603143517161332e-06
8.361987056654257775e-06
-1.287476035004615431e-06
-1.175231361524362029e-06
3.648612386146587568e-10
5.398859381991861912e-09
8.448999012621531742e-06
-1.102185474623378389e-06
5.320193648417307289e-10
5.436989508850931924e-09
8.470912045977715773e-06
-1.016594631704196977e-06
6.574594990476938111e-10
5.339564778859227678e-09
8.369712236018353100e-06
-9.515985499205531325e-07
7.770710177878685927e-10
5.241257443944126122e-09
8.271690991363250049e-06
-8.779987847382493893e-07
1.319325374376635767e-10
5.200420943408757297e-09
8.257134201758503580e-06
-1.237477671723284408e-06
-1.072636684927764137e-11
5.217590752635170167e-09
8.249534482315909302e-06
-1.304691083632811250e-06
4.715302825115925137e-10
3.684873278285677947e-10
5.230379200694239080e-09
5.097594884164685429e-09
8.308988340963461899e-06
8.204331601880560334e-06
-1.058214575134183489e-06
-1.110722865276440054e-06
2.062253226313520349e-10
5.079486983835178647e-09
8.166643052539241269e-06
-1.200763088016401885e-06
6.418511647733702247e-10
7.670000127971022266e-10
5.046887549269513675e-09
8.087318534176344797e-06
-8.724485062692411623e-07
5.184373774758826311e-09
8.230787946737397383e-06
-9.552385045348090810e-07
-1.554691363664786475e-11
5.022437004752268997e-09
8.100481389349623783e-06
-1.321885286964406924e-06
1.440459659176454787e-10
3.699558546872979916e-10
6.012353851534730242e-10
4.911443210741347987e-09
4.896324289781231186e-09
8.041603487606092580e-06
7.970208612055725291e-06
-1.102804846086814794e-06
-9.611891117497437992e-07
5.512935776422437656e-10
5.049536241569302365e-09
8.124166392053397092e-06
-1.002551826288376067e-06
4.912463074105981084e-09
8.019443738677566096e-06
-1.232019571396748719e-06
7.565168250661035292e-10
4.854063118743122973e-09
7.902507974856173766e-06
-8.598559070051112619e-07
-2.055023086228130753e-11
1.886121286047901540e-10
4.829224988121755410e-09
4.749185876923899004e-09
7.944139130606602808e-06
7.881662568684624564e-06
-1.319486360717461572e-06
-1.199399961711670595e-06
3.586474554761640718e-10
5.102825560285841275e-10
4.764630707153230186e-09
4.676033857339856491e-09
7.867476567894459035e-06
7.825711386687191794e-06
-1.007586802610076835e-06
-1.091606335508619844e-06
6.484293978399625026e-10
4.752671067948438533e-09
7.821255079743348677e-06
-9.163598236885026589e-07
7.452299849361096608e-10
4.662321878598931595e-09
7.716110589894762292e-06
-8.446155146033026922e-07
-2.569670321673977278e-11
4.636930949969379351e-09
7.782669954856295358e-06
-1.316135004232256766e-06
1.711970359443519500e-10
3.476096812726673893e-10
5.628555097239528868e-10
4.571073724524945173e-09
7.661277135578207123e-06
-9.454972978187577481e-07
4.499139065645144327e-09
7.655552167956830272e-06
-1.072600748126238902e-06
4.564845422944023355e-09
7.714804114225434130e-06
-1.192822078025491752e-06
7.341051236576718349e-10
4.472362427904079342e-09
7.525060940740725588e-06
-8.115285282466572868e-07
-3.074663421175391281e-11
1.902741431764268711e-10
4.446311399328767495e-09
4.351133260443974814e-09
7.615506103986715440e-06
7.512151801029961897e-06
-1.300905682727183053e-06
-1.151095866567137597e-06
3.440828687532905754e-10
4.979710398587626002e-10
4.374978293303070486e-09
7.481439924506444008e-06
-9.530257273219350572e-07
4.331543862017187815e-09
7.486697351759565848e-06
-1.045792837300767599e-06
6.320703383245223375e-10
4.373632733794849759e-09
7.442631426867705606e-06
-8.625365326479565532e-07
7.219609764008744741e-10
4.284066122225071756e-09
7.326003973558163949e-06
-7.846501000174193588e-07
-3.590441781627948086e-11
4.257770256138927893e-09
7.438825478044615053e-06
-1.281423374070264142e-06
1.154143694088069669e-10
3.388801824125506295e-10
5.397548069640240668e-10
4.230099510534814237e-09
7.318662776544887383e-06
-8.962992562051662558e-07
4.174415803887666212e-09
7.326267112061280904e-06
-1.020994600544257364e-06
4.201850723436703239e-09
7.369766326069406908e-06
-1.172748666104598981e-06
7.101089338137681524e-10
4.097069681887061627e-09
7.129976672995713913e-06
-7.499944654125732893e-07
-4.057830100207293263e-11
1.674275351457149372e-10
4.063489584655719682e-09
7.227385107025099187e-06
-1.111907458417880580e-06
4.070397941316897851e-09
7.254101545846791251e-06
-1.251186231691542800e-06
4.952394497291628369e-10
3.408397244911029247e-10
4.019759896361889424e-09
7.162975910944893134e-06
-9.864536785041776179e-07
4.038110542533819811e-09
7.128283245747183116e-06
-8.873953744534927774e-07
5.634330416214277368e-10
3.924988019087448949e-09
6.985299230442143384e-06
-8.110828911918195437e-07
6.973348155178583400e-10
3.913004183809914534e-09
6.927657450227439560e-06
-7.118370442254619834e-07
6.380641359476788370e-11
2.425460873124099631e-10
4.654780297070014002e-10
6.843167001966292618e-10
3.729223350879870264e-09
3.820454214180027682e-09
6.725518579677561958e-06
6.909679509163062514e-06
-6.704622093751467654e-07
-8.511830300188938729e-07
3.893286974125786489e-09
7.046897140277950082e-06
-1.024377779150097688e-06
3.968941906621893821e-09
7.140515870606555891e-06
-1.163516033313488788e-06
-4.512612554949703980e-11
3.885423264897909758e-09
7.072772130532841938e-06
-1.217110129192414932e-06
7.746471951961674054e-11
-5.006265743631607432e-11
1.468819316716106586e-10
3.713226331015905174e-09
6.862350072480224356e-06
-1.044357499345669483e-06
3.701918217147077542e-09
6.889701795452629974e-06
-1.178142200941078565e-06
3.838899628710400873e-09
7.005305533674689836e-06
-1.126975331132450278e-06
3.232482136986292661e-10
3.752393903575753834e-09
6.880979819531967624e-06
-9.307215017690516042e-07
4.643324691177781999e-10
3.626913108401274776e-09
6.696610558727980714e-06
-8.017243272933197090e-07
6.713368604147516181e-10
3.548567571495586399e-09
6.528408611269157466e-06
-6.269099106436052112e-07
9.187246834690356576e-11
3.128441422328284938e-10
3.072652195074196022e-10
4.892793020224044585e-10
6.577096911728413589e-10
3.369943892209832245e-09
3.435013339547525691e-09
6.334363738263546081e-06
6.469430836599467978e-06
-5.859577336553673603e-07
-7.282676544312936744e-07
3.471811193333127954e-09
6.587195628692476572e-06
-8.701566384518344640e-07
3.622116272692924564e-09
6.745410022563184553e-06
-9.047067892752418259e-07
3.569570193770365258e-09
6.719031616662201761e-06
-1.044957672531066716e-06
-5.498432073231566867e-11
3.520798193676354274e-09
6.701250446161441653e-06
-1.133167072970002644e-06
1.612110819758307350e-10
3.024603095385734185e-10
3.313135696696695450e-09
6.415594866853305061e-06
-8.282203396014458553e-07
3.430116070306566586e-09
6.560955229946303157e-06
-9.586815181540688409e-07
3.418893127375612527e-11
-5.882827403816139998e-11
3.341344618010003486e-09
6.515863802994027398e-06
-1.086425829073199613e-06
3.432781258027359980e-09
6.586658807929311339e-06
-1.049153955647662350e-06
4.710091028226374482e-10
3.251247462332656951e-09
6.269409980230544423e-06
-6.862053010521234985e-07
6.435799774901775587e-10
3.193521974764107693e-09
6.142631765014591192e-06
-5.427758569304577480e-07
1.026780805005867050e-10
2.917481138575740106e-10
3.246149248802041233e-09
3.149054473371895739e-09
6.371953310132250194e-06
6.235703572421802191e-06
-9.505778946167663155e-07
-7.883517204604354973e-07
4.435940879083424405e-10
6.291777738809491289e-10
3.020177334845768893e-09
3.085503016868832650e-09
5.947334129280551111e-06
6.092013714489099542e-06
-4.947436978139355706e-07
-6.578613091965126228e-07
-6.339478230034432516e-11
3.164723129555240175e-09
6.327464970439805517e-06
-1.045825623881924239e-06
1.522554176449612896e-10
3.068423785674233930e-09
6.171757614642585999e-06
-8.599922413360789993e-07
2.775420284858206090e-10
2.936769404441426976e-09
6.002386551704937598e-06
-7.290083579109874918e-07
4.777826146287485658e-10
2.940822188943734012e-09
5.910374764685315432e-06
-5.834158476888652033e-07
6.141481986470484377e-10
2.848440218704467126e-09
5.751402904801537170e-06
-4.514820213869181810e-07
2.738118548571207960e-11
3.080424596168390438e-09
6.208680110135787437e-06
-9.531138915867525561e-07
-6.684379299717843279e-11
2.990862686898379110e-09
6.134074057632963662e-06
-9.917360580022811715e-07
7.198964690087050555e-11
2.950762760527708293e-09
6.057181940104694466e-06
-8.811239609586420414e-07
1.173806258877412242e-10
2.814796434724218997e-09
5.896297530318657948e-06
-8.036364999137234187e-07
-7.100891399164923900e-11
2.819202915548774162e-09
5.943619205363719589e-06
-9.469330855424803886e-07
4.171118477641388076e-10
2.761881604261384576e-10
2.774049197084585081e-09
5.816064874416833755e-06
-6.756870541943640890e-07
2.792310145212671829e-09
5.765858725855446760e-06
-5.796111935479120233e-07
4.770735386998435506e-10
2.689721218017335080e-09
5.620765914341072486e-06
-4.956281695437013172e-07
5.981442510012665365e-10
2.681083369740983620e-09
5.554184024633809106e-06
-3.980041440309594657e-07
4.033722105483184939e-11
2.698317087032916695e-09
5.777277739227715039e-06
-8.261205178116064406e-07
1.859457405433053430e-10
3.868041023477594483e-10
5.820600821122845852e-10
2.514694226415889016e-09
2.593861889141257399e-09
5.358862609487946722e-06
5.551827587465974165e-06
-3.417248270004324687e-07
-5.265547752990945568e-07
2.658377137111902359e-09
5.709764799488604021e-06
-7.026506317802876192e-07
-7.508187479067351010e-11
2.650701151367355104e-09
5.754943404718252660e-06
-8.963379842123991600e-07
2.216986790216532693e-11
1.265022525556400268e-10
2.487503536569605893e-09
5.518039012238180583e-06
-6.845863026821784685e-07
2.566166341448735573e-09
5.627541606804177587e-06
-7.950509923662576957e-07
-7.837087222776307903e-11
2.484927208046941581e-09
5.562230892971244947e-06
-8.445845166387529255e-07
2.722640476705493256e-10
2.517135012135059616e-09
5.513393657788811062e-06
-5.829544109332170393e-07
4.110306496662918455e-10
2.449719060753471008e-09
5.364469872626145421e-06
-4.502578293111215767e-07
5.662071200408499466e-10
2.352106621881919744e-09
5.165817981905327931e-06
-2.877517645642260755e-07
1.065627289550725801e-11
1.174844459540114838e-10
2.495413984554589749e-10
2.401707335638177898e-09
5.382962604526519324e-06
-5.598852988667370076e-07
3.792007049759276803e-10
2.297891673498749419e-09
5.189561451088859122e-06
-4.202204400033945323e-07
4.350876947377128805e-10
2.201596844066579861e-09
5.038530409609473877e-06
-3.349539809560044272e-07
5.488083455063156605e-10
2.194639494955267010e-09
4.967713901258138606e-06
-2.371839329837810231e-07
2.405445146889564640e-09
2.328805273864084655e-09
5.328572970144091418e-06
-6.340390673259999349e-07
5.436622740782082964e-06
-7.472537062873764889e-07
-8.111792095716082854e-11
2.322486598609704669e-09
5.362435181096962544e-06
-7.928018568963642665e-07
9.401104526636499077e-12
1.612925580682937984e-10
3.495798441002086758e-10
5.312294274412978026e-10
2.037625103554327897e-09
2.110883914503323352e-09
4.770539750818996885e-06
4.969881226664581129e-06
-1.801112902512263032e-07
-3.675848393098688362e-07
2.466662015893604065e-10
2.170652882413253687e-09
2.279878693766967219e-09
5.125249033861205461e-06
5.233960432488136435e-06
-5.433339272352719640e-07
-5.166906049201749540e-07
2.246906379720941576e-09
5.240162479506735958e-06
-6.956456446452311989e-07
-8.378013834420556543e-11
2.163670058482395815e-09
5.160980977389387119e-06
-7.469446614022181581e-07
2.058606931539958526e-11
-8.695202113060516682e-11
7.934833694224099475e-11
2.017213476228577219e-09
4.929920252070940065e-06
-5.633873688835070321e-07
2.007711907806715630e-09
4.961870761877308454e-06
-7.052219284087533945e-07
2.123915936152730808e-09
5.081822112449816791e-06
-6.501651598230250357e-07
2.279745730108145712e-10
2.051379645348508949e-09
4.950288677504344769e-06
-4.442919790941423607e-07
3.440753362521449280e-10
1.947209707359615176e-09
4.752558009181611982e-06
-3.072898644746771350e-07
5.141140334132941667e-10
1.886173920494932353e-09
4.570352725284412314e-06
-1.221957373478882800e-07
3.284407882850127263e-11
2.176522637405596420e-10
2.110082022244222810e-10
3.599729336895815010e-10
4.960863781031940959e-10
1.738241714492154609e-09
1.788170009806555420e-09
4.368301516715869214e-06
4.512170488221891571e-06
-7.648346243474498629e-08
-2.272377233401537019e-07
1.816147318769501044e-09
4.638663332749053811e-06
-3.787658887017093134e-07
1.941600606751077769e-09
4.807164129744128724e-06
-4.164763870023510499e-07
1.896442310447301091e-09
4.777043397617422585e-06
-5.666760914039770091e-07
-8.992441806837917200e-11
1.855936099353723272e-09
4.755657620868467174e-06
-6.643774944977104578e-07
9.002037727113185971e-11
2.044741337165258644e-10
1.684870137946443683e-09
4.455001879260063946e-06
-3.351292049746839705e-07
1.780067061894663986e-09
4.607092552170648752e-06
-4.740409474046542369e-07
-1.498125717963226546e-11
-9.095046574048211642e-11
1.707023989718060405e-09
4.547524097749086013e-06
-6.192774884593684307e-07
1.782170525804100020e-09
4.631317941734322287e-06
-5.732431142273958249e-07
3.407619260070790714e-10
1.636083732358698144e-09
4.298085209408641311e-06
-1.827221706035968375e-07
4.773007287426671065e-10
1.594120636137447073e-09
4.165733426470490069e-06
-3.003008369998442927e-08
3.995873895592770636e-11
1.941582574914738072e-10
1.630336191742508654e-09
1.545759286960668548e-09
4.399414452333228779e-06
4.250756758394996107e-06
-4.743037186931281652e-07
-2.939132605346555968e-07
3.170918666246043052e-10
4.580814002250422050e-10
1.455301485909528125e-09
1.498531774551393630e-09
3.957546888611547258e-06
4.100069864582272348e-06
1.653608566707833652e-08
-1.508522130350794574e-07
-9.305892644818708379e-11
1.563156879764967760e-09
4.334035013094802665e-06
-5.878680332790260937e-07
8.348255619402172124e-11
1.473942479358760350e-09
4.158708079254523098e-06
-3.774556400318234575e-07
1.770008002865908944e-10
1.363887969198719018e-09
3.974563651244992837e-06
-2.438792252545213620e-07
3.311552364868993817e-10
1.376212254202368308e-09
3.893459902906182628e-06
-8.458199422080432439e-08
4.378342295176886150e-10
1.320162880322748635e-09
3.749577704851626485e-06
5.149682109222142054e-08
-2.238528739702297369e-11
-9.355571117703036134e-11
1.423557755542687166e-09
4.116036455488337213e-06
-5.421618982920538186e-07
1.493935673438590280e-09
4.205312186218865846e-06
-4.931199959032210825e-07
1.352718047059480037e-11
1.357521559100276271e-09
3.984123033854291716e-06
-4.144549496673015173e-07
7.281611473411619507e-11
1.664953571341106847e-10
1.248204203920769294e-09
1.191278598932835694e-09
3.799162387714335512e-06
3.687935053215716292e-06
-3.184552931661138341e-07
-1.943711729278403958e-07
2.897940923535106261e-10
4.176084924266572798e-10
1.189250598174124931e-09
1.251481951283787108e-09
3.541315490048769140e-06
3.713290672535886964e-06
9.054077804614678373e-08
-7.836059242895795722e-08
-9.482896468979751287e-11
1.288503329149493921e-09
3.897231626092940571e-06
-5.150266672403083357e-07
-2.851069619900384988e-11
1.223395239836174219e-09
3.770570423300503910e-06
-4.253178641079668762e-07
-9.430507386915197764e-11
2.032492571358363756e-11
1.102315726516191722e-09
3.554540887562147179e-06
-3.371367215466893350e-07
1.573847916230524029e-10
1.068753201428970475e-09
3.473991611952512122e-06
-1.667842855764334703e-07
2.837290798485304579e-10
1.127980867396023660e-09
3.502933883546969135e-06
-3.864817494986588927e-08
3.965843487642731051e-10
1.064331312137161349e-09
3.328136860567605924e-06
1.196598607280471545e-07
1.157759867552241026e-09
3.675686880035667358e-06
-4.802376861029915710e-07
-9.468465878669675539e-11
1.032463688592852938e-09
3.452374605925561655e-06
-4.596376862657592626e-07
-3.325425324852633841e-11
5.127194685226443808e-11
9.791360945306621335e-10
3.327159827192047096e-06
-2.665092720829238655e-07
1.449835005526077057e-10
2.713062028517028305e-10
3.753133108220996350e-10
9.441851463904941323e-10
1.001156842253885882e-09
3.111763184427012042e-06
3.277899750378022053e-06
1.466768703795341178e-07
-6.238460896672259696e-09
9.613345227330139482e-10
3.276884966812461946e-06
-1.459609827143861386e-07
9.724195754761114163e-10
3.326419833709240043e-06
-3.707228133867415459e-07
-9.232596770560754918e-11
-2.030299852283268812e-13
1.354368234787576703e-10
2.305189973540042525e-10
8.709994902795902460e-10
3.053803351447737243e-06
-6.312933517225019976e-09
8.634136944400573916e-10
3.088225785649075176e-06
-1.284283780523559122e-07
8.853006500150414871e-10
3.152228833153029160e-06
-3.092877674326767495e-07
9.134691411436468300e-10
3.220976817978246638e-06
-4.333334704262722597e-07
3.540639123376516101e-10
8.295325195554220454e-10
2.894624658756468262e-06
1.770225851395519468e-07
-9.178693910869928498e-11
3.083814524552571616e-11
7.944082922808490882e-10
2.967888214406075445e-06
-2.476766954848867969e-07
7.988696028536151525e-10
2.992501032533165392e-06
-4.149351946955314880e-07
1.331707776906571085e-10
2.070484753321137949e-10
2.517493040243482119e-10
7.525758137110336823e-10
7.006552212314828637e-10
2.819576870448348754e-06
2.676061586155649800e-06
6.457676384869273516e-09
9.564307084743967595e-08
3.305026846044088481e-10
7.239241076378257276e-10
2.674201986617568289e-06
1.972103438621081258e-07
7.867191992804530613e-10
2.932280176224963004e-06
-1.108475189004643145e-07
-2.901685056788827816e-11
7.315983647440831321e-11
1.176654657214852884e-10
6.948631812603345858e-10
6.299352074189561530e-10
2.756908166064059407e-06
2.597359709719753292e-06
-1.589077011814820069e-07
-7.472637515074260294e-08
2.033452507241903567e-10
6.348594890618654338e-10
2.554634581143110499e-06
5.331696091503191919e-08
3.062634477011341751e-10
6.201831235546589262e-10
2.452338837513613639e-06
2.223657498867103629e-07
7.383231164649731683e-10
2.858413536912958792e-06
-3.157840717427487754e-07
-8.945527211999777790e-11
6.912146732323649470e-10
2.761694927984472600e-06
-3.927226705935847906e-07
-1.952843504183303166e-11
-8.682475877515436147e-11
2.414473387765159861e-11
1.040379463045803483e-10
2.195751269694449732e-10
5.454441103455864827e-10
5.664298587339302523e-10
2.406807969555518069e-06
2.379316723238326720e-06
-6.618487390242712450e-08
1.117551450955306460e-07
2.820110777990777315e-10
5.252494473305841983e-10
2.225071020904088662e-06
2.437696044548445807e-07
6.644411587843074712e-10
5.890962019855431366e-10
6.001194724221229813e-10
2.548407358873883295e-06
-2.098206390263647184e-07
2.530963321325259623e-06
2.697435522623434144e-06
-3.806430772858127299e-07
-2.879195989634856550e-07
-9.105134670126077217e-12
1.651114821918147845e-11
4.673067579158146907e-10
5.344542207223746897e-10
2.220226146069547882e-06
2.394013321820767949e-06
-1.853402034627676222e-07
-2.493984763031195021e-07
-8.352500943958946128e-11
4.932851414958460413e-10
2.298224367787280551e-06
-3.630980763669899129e-07
1.770015562856428907e-10
4.991567808378999305e-10
2.238125406323408881e-06
7.488628043392798716e-08
2.042920648592655806e-10
4.486651105687548566e-10
2.074792409166986950e-06
1.572116579159901559e-07
2.575684230295759427e-10
4.369223933658263712e-10
2.000272133290045428e-06
2.616036501096187875e-07
9.122846237171876814e-11
4.694727777238825843e-10
2.214959300131794652e-06
-5.652600733227553871e-08
2.152547238873173143e-11
-1.745667113006562864e-11
3.695345198236470459e-10
4.141267110568054043e-10
1.954545149958895368e-06
2.081004034767534334e-06
-1.514415490692402241e-07
-2.352966016611244365e-07
-7.834407561393118020e-11
4.075191731629321558e-10
2.056584912796316255e-06
-3.487405599943144017e-07
1.263196042818933176e-10
4.153297530997342084e-10
2.050349927740580850e-06
2.939567370046634874e-08
1.957299568621940881e-10
3.836407683582093850e-10
1.892224637017906037e-06
1.806779740692044810e-07
2.312129413098828022e-10
3.558990435731017770e-10
1.773407152943596544e-06
2.731986163286533298e-07
-7.303050102009235000e-11
3.244350111236905032e-10
1.813911332355314793e-06
-3.401916192361889707e-07
3.239089072402559128e-12
2.993539069363366312e-10
1.740413576853390148e-06
-1.782982811202245079e-07
7.087836197600074035e-11
3.383954544077777746e-10
1.854416499527464579e-06
-4.763843337148089234e-08
1.356152041290558563e-10
3.353014617056977189e-10
1.802271477553960039e-06
8.621862099212260776e-08
1.771759243317978877e-10
3.086306040651012447e-10
1.665875927158611824e-06
1.947962004689751738e-07
2.034492462518708325e-10
2.830633491819492233e-10
1.542508906341303630e-06
2.828035344323042546e-07
-6.851332074172553497e-11
9.544636097122210559e-12
2.338619552115217972e-10
1.516530864914509020e-06
-1.488486989340845098e-07
7.121044090529169224e-11
2.858311867903889983e-10
1.689170681734392295e-06
-2.445808280715348073e-08
1.205878797310474823e-10
2.640647586281670938e-10
1.575797325920653610e-06
9.624134382473395274e-08
1.532041529923130216e-10
2.405895545208235524e-10
1.438101367360227683e-06
2.032205720994104598e-07
1.752825262426413211e-10
2.190445431462866773e-10
1.310610937857898863e-06
2.960980976887564138e-07
2.509139964647745582e-10
1.574442709139348079e-06
-3.311890002126792414e-07
-1.726543246826126620e-11
1.040651966182635972e-11
1.609862688224842386e-10
1.927026419891836353e-10
1.239725827326844763e-06
1.362856225248154005e-06
-1.314613950166494833e-07
-2.101216150248115672e-07
-6.100460039296356451e-11
1.896080660571864208e-10
1.331483901369819692e-06
-3.239259091226409466e-07
6.169720517424350197e-11
8.430540406818539021e-11
1.953677028148132005e-10
2.334643434284945181e-10
1.349115543957949032e-06
1.510590361059715467e-06
5.593074064646174873e-08
-2.361858067645216141e-08
1.303970100353289384e-10
1.480131972386040137e-10
1.617583082716686002e-10
1.080872162576908129e-06
3.108601295791242714e-07
1.915703019544593618e-10
1.257423791571170443e-06
1.996185255716742157e-07
-5.351570174210011017e-11
1.295598868949509919e-10
1.090578703719119030e-06
-3.257691397527742589e-07
1.842386747072339150e-12
9.920222155460393405e-11
9.615633955251459443e-07
-1.498467871609312836e-07
5.060527783053160614e-11
1.484825143007630818e-10
1.176155209039192112e-06
-1.126944192074354747e-08
9.414378538799612785e-11
8.279478751808071439e-11
1.466228371345751605e-10
1.055189380692088274e-10
1.098599729964509773e-06
8.869587660816147675e-07
1.413157319106690204e-07
1.713423164134560067e-07
1.202897595774390712e-10
1.160081334109970014e-10
8.465155660436019692e-07
3.203579135305217135e-07
-4.652368944332505972e-11
8.374211426446113713e-11
8.504280414371807165e-07
-3.281063118246315760e-07
-1.837335384107973846e-11
6.022379367820611965e-11
7.306148345473035242e-07
-2.315266771530902985e-07
6.629433650942741987e-12
3.624891518886172694e-11
5.618541209117599891e-11
7.559636242658264752e-11
7.038892834812066485e-07
8.054223697279728175e-07
-1.147504834298815923e-07
8.580988620504826894e-09
4.964682281979861228e-11
1.132932160614743432e-10
9.979486170911063064e-07
2.040870246723902258e-08
5.335057628996027801e-11
6.742764142721361737e-11
6.973420875155313266e-07
1.150984644076464296e-07
7.906310810348230483e-11
8.878049450090052873e-11
7.719366509950784671e-11
6.243286228480678729e-07
3.141277487986809760e-07
8.012216923351067839e-11
7.091135638522058660e-07
2.244801544832325199e-07
-3.418812799564422735e-11
-4.622341616812500463e-12
2.656587966922698585e-11
4.958353877074188560e-07
-1.663901824912085358e-07
4.552316621971964372e-11
6.247649818021454490e-07
-3.148062496205754562e-07
2.519870996167015907e-11
4.649438597696244264e-11
4.319563995446856727e-11
4.900954059952224555e-07
1.710756084748064860e-07
5.954534700678573698e-11
4.993992709679601685e-11
4.065453240594225666e-07
3.123379325304838893e-07
4.465464302471384375e-11
5.960089127951301814e-07
3.619232709455644430e-09
-2.394350531219058815e-11
1.994293921776702670e-11
4.040743118444281214e-07
-3.085107131343978112e-07
-8.569646655657109643e-12
6.246349394607413286e-13
1.452234143565174097e-11
1.714048488249364371e-11
1.774370141712165884e-11
1.231787080621592097e-11
3.636633814782766220e-07
2.201225427536314693e-07
3.352197130612270714e-09
9.569026386355120776e-08
3.545033993100634517e-11
3.053672480675289078e-11
3.149908723388819245e-07
2.153478870245498644e-07
2.900833679170241368e-11
3.024539919749664682e-11
2.076677720880895444e-07
2.643480648157729048e-07
4.188690773459215399e-12
2.216791295263548239e-07
-9.009225817058465993e-08
1.072531676443427334e-11
3.156518433177794047e-07
-2.114947473531627220e-07
-1.075035640427178584e-11
-1.873538986294242018e-12
0.000000000000000000e+00
0.000000000000000000e+00
4.688548212692982315e-13
-1.443430811383686472e-22
8.811115083163741090e-08
1.064177441301491874e-21
-1.207824310171372542e-07
6.197798970977733620e-12
2.056621875144030516e-07
-2.615337291987604773e-07
5.356550522026016431e-12
3.767464209066297942e-12
1.393023978130987127e-07
2.386400343938863486e-09
0.000000000000000000e+00
9.049277797621988551e-12
0.000000000000000000e+00
1.077510377252114383e-11
9.222230386419718000e-21
8.824855598272843147e-08
-2.182571567805227186e-22
1.229096071490359605e-07
0.000000000000000000e+00
0.000000000000000000e+00
-1.245411004150145615e-20
2.349148263736391769e-21
0.000000000000000000e+00
0.000000000000000000e+00
0.000000000000000000e+00
4.147036762193961518e-22
1.337189999373885512e-21
0.000000000000000000e+00
-3.395200936606840644e-21
-5.928259223011443749e-21
0.000000000000000000e+00
0.000000000000000000e+00
-5.652648221068905254e-21
8.546805050583135328e-22
