3.866802461193648810e+02
3.874544994145930445e+02
3.857586389881421951e+02
3.849383763663737454e+02
3.845887772515210372e+02
3.863061146415664098e+02
3.869132396170537618e+02
3.849540585721893535e+02
3.842848924726342830e+02
3.834790493882348414e+02
3.823910873467223723e+02
3.814073064446251351e+02
3.847144637032969285e+02
3.829743930527420730e+02
3.836897276594783079e+02
3.836539810533732862e+02
3.826024553954005682e+02
3.806048791730858625e+02
3.780925531100227772e+02
3.773511991914418786e+02
3.851778406093415583e+02
3.816429114743106652e+02
3.805814851401830765e+02
3.802869999121828073e+02
3.821715131253709501e+02
3.827214008254461532e+02
3.829725996292003742e+02
3.824649575777332871e+02
3.818705065405491155e+02
3.800395823053989375e+02
3.777036574380665570e+02
3.762162158234367553e+02
3.738209723529043913e+02
3.742599304031560337e+02
3.722943049276668148e+02
3.828731618014694504e+02
3.821175309166479792e+02
3.780298691743641939e+02
3.790539498390471636e+02
3.782480680131797612e+02
3.778712989866359635e+02
3.771567969951480563e+02
3.792900522788085027e+02
3.812137151474670986e+02
3.818686173307543186e+02
3.819130431570268343e+02
3.812785727085250755e+02
3.791638540705581022e+02
3.756551406183225481e+02
3.735091779460937573e+02
3.707568098437138246e+02
3.694471259666217406e+02
3.669594514715804507e+02
3.744102536317945464e+02
3.744366081078541129e+02
3.722432062978951990e+02
3.746005455462878331e+02
3.765247931200803464e+02
3.791925790858730352e+02
3.804769571454261268e+02
3.811432348382207351e+02
3.803140346230259183e+02
3.792962374979716742e+02
3.766795754381282677e+02
3.730312761770501311e+02
3.721007812472163323e+02
3.680688229000944034e+02
3.661308922152950913e+02
3.628465844780914153e+02
3.613566487496789819e+02
3.751347537448244793e+02
3.733509687387517033e+02
3.806876719383322438e+02
3.698698013857029991e+02
3.700128817076704877e+02
3.681746936671040089e+02
3.700279995714784604e+02
3.674833583868999085e+02
3.705377201307837254e+02
3.732243714745341663e+02
3.740410705913533320e+02
3.772162118230399415e+02
3.789097221005586675e+02
3.796744764015963938e+02
3.803405999705780118e+02
3.801319629143789030e+02
3.784268724489202214e+02
3.782273360424268276e+02
3.759162770747520312e+02
3.741929511982448844e+02
3.703731185011967568e+02
3.693490842457412100e+02
3.655895649974769412e+02
3.626480411035548173e+02
3.641956232262523372e+02
3.619113426234105191e+02
3.581232746595508729e+02
3.580428550892531803e+02
3.554318268867939423e+02
3.645474564389206762e+02
3.650926186550993862e+02
3.627491621400063195e+02
3.665718423963981536e+02
3.696000039905423478e+02
3.709859135061395250e+02
3.739382748618876349e+02
3.765771223827962331e+02
3.781441758418811787e+02
3.790654810045689942e+02
3.796619585288484586e+02
3.798360321241866018e+02
3.795121639116116512e+02
3.780217388892107238e+02
3.755315424110052049e+02
3.731383899345124178e+02
3.698197758086850513e+02
3.668848108024397447e+02
3.665774869705439869e+02
3.631250321916221537e+02
3.614422450575108314e+02
3.575205199369118532e+02
3.592374737374575489e+02
3.547179586724894307e+02
3.529726780295787876e+02
3.499237982239586700e+02
3.648227175439640178e+02
3.623590337294388632e+02
3.590332922951065484e+02
3.590032198155558945e+02
3.567991810674996032e+02
3.604472755422076489e+02
3.559732795662642957e+02
3.595029436287537123e+02
3.630434901340477722e+02
3.642804505352663682e+02
3.659534740332472325e+02
3.676355238988401766e+02
3.707294873587130155e+02
3.741921457115996645e+02
3.765974567646813398e+02
3.785984851265849329e+02
3.796719980330582302e+02
3.799880094344093777e+02
3.797014300980932262e+02
3.785476996456847587e+02
3.763370812752121992e+02
3.737913271381987101e+02
3.705267928479964326e+02
3.721937013402322236e+02
3.792162780610253776e+02
3.672904917814822170e+02
3.637962093028936010e+02
3.642152343476359988e+02
3.607450786971168668e+02
3.586268801462392730e+02
3.550443260022104823e+02
3.518159396551572513e+02
3.537598720556948706e+02
3.491952688743542126e+02
3.472297133118831312e+02
3.445214675122709878e+02
3.545242736043064724e+02
3.535503968673540953e+02
3.537209014721749440e+02
3.509632548439428206e+02
3.526303508662502963e+02
3.563946183203910323e+02
3.600948144873719343e+02
3.602533348227906913e+02
3.632083968148296549e+02
3.671333283737782835e+02
3.696051011999749676e+02
3.724911251795958833e+02
3.747324880678146997e+02
3.767428833886272628e+02
3.774646672155666920e+02
3.782053768845567561e+02
3.795413580829062994e+02
3.803805818324240704e+02
3.801829362612169803e+02
3.794065143958994213e+02
3.785624376744945607e+02
3.768977125370769272e+02
3.744048306148582697e+02
3.717617317106234509e+02
3.682396106081646394e+02
3.653531911640794192e+02
3.624565159011954165e+02
3.593809883188229151e+02
3.559097086750663266e+02
3.538847827782661284e+02
3.508118833913014214e+02
3.464335359740401827e+02
3.449662925576980115e+02
3.490776026958946545e+02
3.508361056978333750e+02
3.446745086415587593e+02
3.420771575980301122e+02
3.394237119823429794e+02
3.492765555094919137e+02
3.483415203630100336e+02
3.457352290009156945e+02
3.474422947631937291e+02
3.517170858620885383e+02
3.553031290278977394e+02
3.552673256441796639e+02
3.574493587606363008e+02
3.599475399986482103e+02
3.638552598134497771e+02
3.655227271236344109e+02
3.675043430804087734e+02
3.700208984884791903e+02
3.720607203521724387e+02
3.746994989496909056e+02
3.766751345262408677e+02
3.786966244994263207e+02
3.811459642357087318e+02
3.811678896475654597e+02
3.799339909012492171e+02
3.777920337532004282e+02
3.754175347507311358e+02
3.725780098156421332e+02
3.702006880243057481e+02
3.668700111309393037e+02
3.635559672552164443e+02
3.601870292472289634e+02
3.566871583605652063e+02
3.555517901330039194e+02
3.519319906798174884e+02
3.495986915678042806e+02
3.449134778972085655e+02
3.418096857420151196e+02
3.402375360805269793e+02
3.409434658073898845e+02
3.370473576550068060e+02
3.349646142831434759e+02
3.454582934629786450e+02
3.441275507366671036e+02
3.432330250687401758e+02
3.405281186039146064e+02
3.415675492598609821e+02
3.429022115809698334e+02
3.474607699036272379e+02
3.509409590371359968e+02
3.525804929737269049e+02
3.560064083441246225e+02
3.586778041699220125e+02
3.619108633015749206e+02
3.629036211912955991e+02
3.655752254979459508e+02
3.684565284834988574e+02
3.720304137447537300e+02
3.744814734137274854e+02
3.776477672980779516e+02
3.804596714316196540e+02
3.826263999341040289e+02
3.825931937512885384e+02
3.824337784257261887e+02
3.819114483569317713e+02
3.797420974434497793e+02
3.776996628145581667e+02
3.752179311013530878e+02
3.716508002692071386e+02
3.694850043391899135e+02
3.664213931772129058e+02
3.641912749771908011e+02
3.613256785910957660e+02
3.578604865649315911e+02
3.532503163039853007e+02
3.500805048368168286e+02
3.465137873692860921e+02
3.413397379618653531e+02
3.374024004161157677e+02
3.353093849240237887e+02
3.336774916837218257e+02
3.331126013220327309e+02
3.307672572340861734e+02
3.535366473289769260e+02
3.371597833187214519e+02
3.402987578424639992e+02
3.388191093623111101e+02
3.351543584660990973e+02
3.370095561932996588e+02
3.392953419138402751e+02
3.429745382459619805e+02
3.479896531064550800e+02
3.493910406484246778e+02
3.529043408224676455e+02
3.557183058706661996e+02
3.601076446355249914e+02
3.629888839332098200e+02
3.658198189943927332e+02
3.691367573504875281e+02
3.715184864651130852e+02
3.738143537269683634e+02
3.754652854640715987e+02
3.779244418525166793e+02
3.803993499300339067e+02
3.829372728088567897e+02
3.850904991691977557e+02
3.847306413032624732e+02
3.840423815774107652e+02
3.820597813573313601e+02
3.794170651192945911e+02
3.770146924206311496e+02
3.744772865549294352e+02
3.731776083624160378e+02
3.709783306913649881e+02
3.690596404362140106e+02
3.671303219307750396e+02
3.636649010244577767e+02
3.597849172658715133e+02
3.561913257067521954e+02
3.528564171966546610e+02
3.500361864806443464e+02
3.483005718106346080e+02
3.465865621027635939e+02
3.433257305657184020e+02
3.405038033323361333e+02
3.372535625743712444e+02
3.337167246672620422e+02
3.309866524369373906e+02
3.300613988005492843e+02
3.271754375115364155e+02
3.361176280798713947e+02
3.467438667836549371e+02
3.343075679722289237e+02
3.318782708334886138e+02
3.309394521503370470e+02
3.328304122969259424e+02
3.351293258664485393e+02
3.384800761036019026e+02
3.410393543555315432e+02
3.448558173822436288e+02
3.463909114200073418e+02
3.513616302717954341e+02
3.537316968101048360e+02
3.568034720012614116e+02
3.605921648183221464e+02
3.629549665046518498e+02
3.644989772057488153e+02
3.672500349945661924e+02
3.693338779161031198e+02
3.720359116283608500e+02
3.739006253813660692e+02
3.759805720244455074e+02
3.793267534661210334e+02
3.827023569929623932e+02
3.866592199518574375e+02
3.881396098459555901e+02
3.882100216968082691e+02
3.846277698357457666e+02
3.826838632875563917e+02
3.791662602741440082e+02
3.761388973227163319e+02
3.734132124895749598e+02
3.710179758358797244e+02
3.684651000838834420e+02
3.691885307832307603e+02
3.663159132460067440e+02
3.639323992329901785e+02
3.604933268422527135e+02
3.562536678621684132e+02
3.522467660897779638e+02
3.487079324218822762e+02
3.464024839899836365e+02
3.437717027906207363e+02
3.396380543218208459e+02
3.363204013127163989e+02
3.331382118986306295e+02
3.290650999699725503e+02
3.266100294135260924e+02
3.242459854415554332e+02
3.620633543565382411e+02
3.284231247500886184e+02
3.273742421105331459e+02
3.295239233135566792e+02
3.301056600384727062e+02
3.341717005237680951e+02
3.369296038296308211e+02
3.413189157539917460e+02
3.423778357695919112e+02
3.469994734178276872e+02
3.506145663294557266e+02
3.531693178716148509e+02
3.574604080703567206e+02
3.611667095512033825e+02
3.628393502650660025e+02
3.665370905311864362e+02
3.687700326265101012e+02
3.715091007657114233e+02
3.740406487242954654e+02
3.770440394234194059e+02
3.811809107719324743e+02
3.841651787153896862e+02
3.869970991554130819e+02
3.845916975125667818e+02
3.798224467847903156e+02
3.766458425724487711e+02
3.731301716278643994e+02
3.712823757169228429e+02
3.699071464020625513e+02
3.681537381921669976e+02
3.664160967136396039e+02
3.637540143052974599e+02
3.604579222024909768e+02
3.562768974731243361e+02
3.532897771815227088e+02
3.488966920655464037e+02
3.454591871869990882e+02
3.447958596933889339e+02
3.425605212088571534e+02
3.390966233520960600e+02
3.351227100854376317e+02
3.321983944353089555e+02
3.322418622254462548e+02
3.285672776153341488e+02
3.266629656031473132e+02
3.249985743016254105e+02
3.236800787090851372e+02
3.216402518940955133e+02
3.254564696412156195e+02
3.248200670969459338e+02
3.260643450332152611e+02
3.293871944281711421e+02
3.328592297246700014e+02
3.328649177157960821e+02
3.366346591212553676e+02
3.380459489878252839e+02
3.417050280031411376e+02
3.451396867314265933e+02
3.488440094528380087e+02
3.506428967255633893e+02
3.541455468228226664e+02
3.564754432751744275e+02
3.593794602129786426e+02
3.608223816252493634e+02
3.642446743457967386e+02
3.665603221664956095e+02
3.676718483660102379e+02
3.697930916950357982e+02
3.706322325713886698e+02
3.721941771146209703e+02
3.755803498083885756e+02
3.781909731426006829e+02
3.394207391636568332e+02
3.815985438471330440e+02
3.785876345652385453e+02
3.753368361228211825e+02
3.729738079529120682e+02
3.711883542584180304e+02
3.695179279882328842e+02
3.665587518254432666e+02
3.646276475345096060e+02
3.612849414461796869e+02
3.572526441735552680e+02
3.525123379192926336e+02
3.515357340661415151e+02
3.476911900718662309e+02
3.445317477090212037e+02
3.415584207991169023e+02
3.391154884276452322e+02
3.356835315224473675e+02
3.312965920090856002e+02
3.291685992460905368e+02
3.258500537804174542e+02
3.244523562886107584e+02
3.217999981104076710e+02
3.197438253063663751e+02
3.288957153213463585e+02
3.229847751704431857e+02
3.228987592900182335e+02
3.231169482429492064e+02
3.255255615167477004e+02
3.269344207708071508e+02
3.297759550337764267e+02
3.326153263345010487e+02
3.349421363708638069e+02
3.371636355589180880e+02
3.389866458136119718e+02
3.416643346870606592e+02
3.465789949422573955e+02
3.488759583030468434e+02
3.526918548088424927e+02
3.521697606211769198e+02
3.575046294730768750e+02
3.621604517121325557e+02
3.654368670483484607e+02
3.676370625249470550e+02
3.702699422045053552e+02
3.718158824218060658e+02
3.716277069807629232e+02
3.735646060337840595e+02
3.302669775593579971e+02
3.419009171838173415e+02
3.759184622491058008e+02
3.739652053977061428e+02
3.723473935328794369e+02
3.712556385878549463e+02
3.708804251516320392e+02
3.704470166480708144e+02
3.677726187165405349e+02
3.678908480941351513e+02
3.641613375534196848e+02
3.594313721785534881e+02
3.535596863051126206e+02
3.480957770756281207e+02
3.435692740025152716e+02
3.405641667254346316e+02
3.380980438705947222e+02
3.370716150516409471e+02
3.356867913960257397e+02
3.330889419602839325e+02
3.302156766303140216e+02
3.282613027465516211e+02
3.270788094895009408e+02
3.251593907070796377e+02
3.230138118547380373e+02
3.210874174479381509e+02
3.194618758881891267e+02
3.182805521959283510e+02
3.210428842707663080e+02
3.208863625605209791e+02
3.217621375628889950e+02
3.234999954062220695e+02
3.249475202574896571e+02
3.270063007126674393e+02
3.297726529472796528e+02
3.317053121743766724e+02
3.338087093398686989e+02
3.355331474293698193e+02
3.369275970420381441e+02
3.397832592641774454e+02
3.442384842891292465e+02
3.464634934469444829e+02
3.490265208529852998e+02
3.539546404413110849e+02
3.595402369965869980e+02
3.640855550072932374e+02
3.722971741196519133e+02
3.724480907007427390e+02
3.727525108281344046e+02
3.720272672512872987e+02
3.721073879193948528e+02
3.470563846287727756e+02
3.437791475968225541e+02
3.392789159872030496e+02
3.394682958505035799e+02
3.360130375668476859e+02
3.346455547790652645e+02
3.335795042506753134e+02
3.303543603960899304e+02
3.272443033090749509e+02
3.249830327122511449e+02
3.239765443609509248e+02
3.224487501564591980e+02
3.204267231268445926e+02
3.191071713497817655e+02
3.181789374647385671e+02
3.171681085757958272e+02
3.196344022247500334e+02
3.195145512815968232e+02
3.203457912553348592e+02
3.215326584768333191e+02
3.230651551367142247e+02
3.247605397819136215e+02
3.259188688189922800e+02
3.284942372533309367e+02
3.308234296386575579e+02
3.315786017180997192e+02
3.337658552390413433e+02
3.326288186215624592e+02
3.352980308548798121e+02
3.378596926462044507e+02
3.423483391132363067e+02
3.444607851398816933e+02
3.479166671433907254e+02
3.725133858930140036e+02
3.404760875612279847e+02
3.338734717278753692e+02
3.331654238844715223e+02
3.357109571531114511e+02
3.316673436771317256e+02
3.318034365507310781e+02
3.308475933742894881e+02
3.273831087006309986e+02
3.253380734836125043e+02
3.241438596201643918e+02
3.222851741597684168e+02
3.227105743137223044e+02
3.211639954961116246e+02
3.195274361871681208e+02
3.187984616042213588e+02
3.176364614190433713e+02
3.165476458285213539e+02
3.185567359913602559e+02
3.189554228183141049e+02
3.202889240040846630e+02
3.217954746645177693e+02
3.232874712338443146e+02
3.242288628527351761e+02
3.267916425573422998e+02
3.284767156819996217e+02
3.293117616871563769e+02
3.308651981462301706e+02
3.296086832453916031e+02
3.293267134003725687e+02
3.310147562929193441e+02
3.329856014452890918e+02
3.368739435484650357e+02
3.416293694039661659e+02
3.405272150686547548e+02
3.286539992607614522e+02
3.277340138168309522e+02
3.294242958276666400e+02
3.266395161119902468e+02
3.281274754550797752e+02
3.293529105872730156e+02
3.276576364732600837e+02
3.254261166612400302e+02
3.247134790545394480e+02
3.231899814078731197e+02
3.222641219150569896e+02
3.209421782771302674e+02
3.206638030062502480e+02
3.190659801420606527e+02
3.208812496627974156e+02
3.181125620747095013e+02
3.169555118149709187e+02
3.162407757094351268e+02
3.179697726917862610e+02
3.182164019550214675e+02
3.191400287598964383e+02
3.198912803733063015e+02
3.212463380178949706e+02
3.224725315531309207e+02
3.224916042562807093e+02
3.236826367564921725e+02
3.257037349142930225e+02
3.270458445173293285e+02
3.278269883562161908e+02
3.271192031685867505e+02
3.262485319931643062e+02
3.272604625624979917e+02
3.292496317727342330e+02
3.290234352695204620e+02
3.326282390772553299e+02
3.353326692485548506e+02
3.246386170887645335e+02
3.222190801570043277e+02
3.258519873876260249e+02
3.235980044613849600e+02
3.229296285285604995e+02
3.247067208408689680e+02
3.241618723686675025e+02
3.228836629555366926e+02
3.218043782595125890e+02
3.210808255112708594e+02
3.200301213962929410e+02
3.199310751271688673e+02
3.195092353648265657e+02
3.186554461041565673e+02
3.177020629222978982e+02
3.167931255770438952e+02
3.161898938123521816e+02
3.263852414749589457e+02
3.176652268995577515e+02
3.180781980030510567e+02
3.189705651247839455e+02
3.203103220210228983e+02
3.214175486000852970e+02
3.212735051927454037e+02
3.222527713159487917e+02
3.228142851608836281e+02
3.237634391903231972e+02
3.250376323322341250e+02
3.261227332060755657e+02
3.251797526777735357e+02
3.246655964533416636e+02
3.237467185237354101e+02
3.247574409856558191e+02
3.233279349647195318e+02
3.259995745081337759e+02
3.250520241080215555e+02
3.294874646742533741e+02
3.204846734060428730e+02
3.170114081287997578e+02
3.220050233725244766e+02
3.200223263508249261e+02
3.197116010526887635e+02
3.215019381120914090e+02
3.226203353878277085e+02
3.218960615231581528e+02
3.211700563239653547e+02
3.212932673417417959e+02
3.210139754632384665e+02
3.206868972463674368e+02
3.203779333632806470e+02
3.198169346742679409e+02
3.192143936212235076e+02
3.190714039536581481e+02
3.182391275867768172e+02
3.172075753298946665e+02
3.164294896654639615e+02
3.176208242344693531e+02
3.185215894136609904e+02
3.197836652731982667e+02
3.207651042143154996e+02
3.205052672516783332e+02
3.214589113882126412e+02
3.220423023691810727e+02
3.225735643676306950e+02
3.235978906131781514e+02
3.246875219628267359e+02
3.236857735965425604e+02
3.233268788193219052e+02
3.234703507921752816e+02
3.219535119229527709e+02
3.209657682983692553e+02
3.184570973981042812e+02
3.217933199755474902e+02
3.202230438749236896e+02
3.238984054623692259e+02
3.185898210101503309e+02
3.156577245731580206e+02
3.120226938850872784e+02
3.164056092309357950e+02
3.186349455635341315e+02
3.204986300055975903e+02
3.198205974101334732e+02
3.200957592724964229e+02
3.206213237105816347e+02
3.205165282441210479e+02
3.203381443344114814e+02
3.201914868607383369e+02
3.198476178813792217e+02
3.194393389605905895e+02
3.188202572621178206e+02
3.182737015147619672e+02
3.173624378493314566e+02
3.168347540273178424e+02
3.172825670718712558e+02
3.178657371468984820e+02
3.185182245252383382e+02
3.193957097353014660e+02
3.202936431356920934e+02
3.210506194380582201e+02
3.215272143772541540e+02
3.216967177261838629e+02
3.219822824866435553e+02
3.218772313614124982e+02
3.220346980662737337e+02
3.226674402331524902e+02
3.222780334635165786e+02
3.219233199955212399e+02
3.218656468147646024e+02
3.197863876338087721e+02
3.188386453176495365e+02
3.167258042710033692e+02
3.145876442790009833e+02
3.146443477563842634e+02
3.175052479533625274e+02
3.152831947253979479e+02
3.187756091666590805e+02
3.143056042017746563e+02
3.112644568778679854e+02
3.077919228174238810e+02
3.071346030008179468e+02
3.133683998788750387e+02
3.130213256348570781e+02
3.158581236109176871e+02
3.166315962783230020e+02
3.186743641963616938e+02
3.176737667076799312e+02
3.187450934558962103e+02
3.188361585640207068e+02
3.193338786658859476e+02
3.200640579374811523e+02
3.201874393969690686e+02
3.202603290594637997e+02
3.203107920553189274e+02
3.201225755688868162e+02
3.199069420864022959e+02
3.193524808508483943e+02
3.185541601090053518e+02
3.176889850145676064e+02
3.173666428040291976e+02
3.201894377482306027e+02
3.181577123809401542e+02
3.182507701658157089e+02
3.190579928957232028e+02
3.200365606319110725e+02
3.207521998365358513e+02
3.213609556543835879e+02
3.216463323580759948e+02
3.217452749217833912e+02
3.215774766972860448e+02
3.214268042968215013e+02
3.215090620450519054e+02
3.210645215002124360e+02
3.204947014188190906e+02
3.185870963913712899e+02
3.173500459263245830e+02
3.150356710234011075e+02
3.125530785918930974e+02
3.106635969114836371e+02
3.121007881867890319e+02
3.137101501641917594e+02
3.101059564301087903e+02
3.081547084712972264e+02
3.050633668435826849e+02
3.035543825224499983e+02
3.023205068393979218e+02
3.109777624203916844e+02
3.141379503802817794e+02
3.158849679640272825e+02
3.173017686200595904e+02
3.184438586517918566e+02
3.191067442872034690e+02
3.197768771500899447e+02
3.200706229965925331e+02
3.203021096881825542e+02
3.204657871382198095e+02
3.203359927540543026e+02
3.199482128339342921e+02
3.194227623639483227e+02
3.188503145104746750e+02
3.181621011017957130e+02
3.179845794455731607e+02
3.106441977792133571e+02
3.190743207643774895e+02
3.187986051932940654e+02
3.197967273146416574e+02
3.205923415017100524e+02
3.212169416002170692e+02
3.215129313550603456e+02
3.217258506523264714e+02
3.216601984378236239e+02
3.214608899621223941e+02
3.211469853557400711e+02
3.208790100999648303e+02
3.207709066023767264e+02
3.203421742220925807e+02
3.196224974722459251e+02
3.181021603488520668e+02
3.168320600869068926e+02
3.150530124031793662e+02
3.128911658748754121e+02
3.116287029891940392e+02
3.092557430253071402e+02
3.070999302440707197e+02
3.063599940552859380e+02
3.087682138050678304e+02
3.087726130026291571e+02
3.076429337696472430e+02
3.087420991851141707e+02
3.077770565429587464e+02
3.097622152174816392e+02
3.121478903032891594e+02
3.138992322256373768e+02
3.155162165233278415e+02
3.162140526527103930e+02
3.173370384529991952e+02
3.180136130634822962e+02
3.186449250414040080e+02
3.192494559770813112e+02
3.196854988493910241e+02
3.200877954717656166e+02
3.203868138252685185e+02
3.205949735670397445e+02
3.206636515268579046e+02
3.203855438344493223e+02
3.200307284635331939e+02
3.195843867730001762e+02
3.188131984616760519e+02
3.186491080572606052e+02
3.061384384069273779e+02
3.016078739690079260e+02
3.004722290405770764e+02
2.973076920584617824e+02
3.196179035866670688e+02
3.194065085463192872e+02
3.202391878002183603e+02
3.207580295471104250e+02
3.212846480987209929e+02
3.217717919270095308e+02
3.219208143785450034e+02
3.217803960943048764e+02
3.215549916202199370e+02
3.212339269015616878e+02
3.207244063531439338e+02
3.206465898086403854e+02
3.202093938991930600e+02
3.197980715303144734e+02
3.190503265404635158e+02
3.177984977179261818e+02
3.166151252049367031e+02
3.153806584765347907e+02
3.135244856924739452e+02
3.115223156896575460e+02
3.105907847330406071e+02
3.094267295521185019e+02
3.064136695849269927e+02
3.047539996785043854e+02
3.038176567008883353e+02
3.023617584904681053e+02
3.039102180793774437e+02
3.060564381714224851e+02
3.215489363963611140e+02
3.068835372803492874e+02
3.040831753901557590e+02
3.058122408147200986e+02
3.047029787259926366e+02
3.069828928685865321e+02
3.084291630403757836e+02
3.102137024423761318e+02
3.119327974897273066e+02
3.137125348244439920e+02
3.150232607996946399e+02
3.165083267140677208e+02
3.172160007289447776e+02
3.181730822453428686e+02
3.189315505530792620e+02
3.195994956943772536e+02
3.200696228571711686e+02
3.204721747670349146e+02
3.203551747913783743e+02
3.207185851922210986e+02
3.207735201307988291e+02
3.209199288781869654e+02
3.206999822852521334e+02
3.205458952051834558e+02
3.202147202027813933e+02
3.198204997712248883e+02
3.193346436032394990e+02
3.192158669806436251e+02
2.979476399245580183e+02
2.967881101468580596e+02
2.938857780881849067e+02
2.923830069404360188e+02
3.008850354339567730e+02
3.200739447183545394e+02
3.203855534001933165e+02
3.211281763657098622e+02
3.215775683094981900e+02
3.220158596841259282e+02
3.220892340908911819e+02
3.220646177223832751e+02
3.218844136439222439e+02
3.215787914205713491e+02
3.212029884574544099e+02
3.207257889793141885e+02
3.201235108335166046e+02
3.201720197306880209e+02
3.194888114001383315e+02
3.187671590527049261e+02
3.176954335582045132e+02
3.163998019212506279e+02
3.148498720717857395e+02
3.130627410186196471e+02
3.118311376506116517e+02
3.099387121133903520e+02
3.098554174667452230e+02
3.083692077310624313e+02
3.063745340126997121e+02
3.042324175942426336e+02
3.028572988926991911e+02
3.017677319928691304e+02
3.004312665342317814e+02
2.984061780068385019e+02
2.988574774132909511e+02
3.200712154761778834e+02
3.021163745419382849e+02
2.986812788854730343e+02
2.956855459448257193e+02
2.945158420370133285e+02
2.929873719606753184e+02
2.899575622572991733e+02
2.874331500258037408e+02
3.049985744505200955e+02
3.032863397306475690e+02
3.017254290417057518e+02
3.064436920058306555e+02
3.087206504359089649e+02
3.104821958163537374e+02
3.122441961065864007e+02
3.136779449763765797e+02
3.145934154269234000e+02
3.159459701655810591e+02
3.171731748841834815e+02
3.180334311674417336e+02
3.188229617021838180e+02
3.196091705691803213e+02
3.201910385607263834e+02
3.206761892915837961e+02
3.209366637264184874e+02
3.212229819165604567e+02
3.211507832678004775e+02
3.208804084261272465e+02
3.208590192668560235e+02
3.205937513303336459e+02
3.206530400049612126e+02
3.202998573707869241e+02
3.202199700747368638e+02
3.199396585485362152e+02
3.208662371719943280e+02
3.205390704061722431e+02
3.207320994323965238e+02
3.216764649465531534e+02
3.214129059546136773e+02
3.220426564468273227e+02
3.223564770815057159e+02
3.223199765600340356e+02
3.222530126362489682e+02
3.220747129128372990e+02
3.218046135601956053e+02
3.214355785679802580e+02
3.210378329161949864e+02
3.204975480539263799e+02
3.199032411095229236e+02
3.193144147906546095e+02
3.185962939238491458e+02
3.176239309912820090e+02
3.163845911781980931e+02
3.152098961520538865e+02
3.139743036083637548e+02
3.125197383518643051e+02
3.111815164119145720e+02
3.092027386517208924e+02
3.075576601934558312e+02
3.056187710689581536e+02
3.030326791279860004e+02
3.014753229515864064e+02
3.000444564575202548e+02
2.986905964133015914e+02
2.969776339747174347e+02
2.949345835646363412e+02
2.938450490836072504e+02
3.080446796339908815e+02
2.994118649875957772e+02
2.960582791932603755e+02
2.928059082172558192e+02
2.901993437777940130e+02
2.861191085834198020e+02
2.857304065797795829e+02
2.824493769732143846e+02
3.035275795617127415e+02
3.047760743230886646e+02
3.063699937702916714e+02
3.075497593830465917e+02
3.091541014611199785e+02
3.103562466527444030e+02
3.114670455932269419e+02
3.128979039359820717e+02
3.132416221327678727e+02
3.145159025834368549e+02
3.148299141734644877e+02
3.159492279057498081e+02
3.168231093177126354e+02
3.176281677701812214e+02
3.182759377042181654e+02
3.187843339818552977e+02
3.193258504609816555e+02
3.198054751327167082e+02
3.202655698921945486e+02
3.205206405602196469e+02
3.209955486440222217e+02
3.210435329454231237e+02
3.213252105102464498e+02
3.214621376823340029e+02
3.214007034955436097e+02
3.215358281286460738e+02
3.211848531189136793e+02
3.209882765607149508e+02
3.205884334954197357e+02
3.204543124996355914e+02
3.202172220378282077e+02
3.015026393391263468e+02
2.993306594838795718e+02
3.211526087587743064e+02
3.213230927492649016e+02
3.218941665397308611e+02
3.222787277499516563e+02
3.226874459817832985e+02
3.225949491932625506e+02
3.224132202674757082e+02
3.223057693515409596e+02
3.220256889703224488e+02
3.217680541197647131e+02
3.213749248301361945e+02
3.207105158499261961e+02
3.200230934677546202e+02
3.193341235619472513e+02
3.187773099293571022e+02
3.180348237212546678e+02
3.168972605387818930e+02
3.157030080852001674e+02
3.143965329787286578e+02
3.125897440135190664e+02
3.102896523059781657e+02
3.087367077724081241e+02
3.073387520264763566e+02
3.050973392105318567e+02
3.021423510625427298e+02
2.999067252401538894e+02
2.986442862161927110e+02
2.971596240585506621e+02
2.956755504293839181e+02
2.936997841635430291e+02
2.911151342301839122e+02
2.886965406443848678e+02
3.216912444560274480e+02
2.971063053847024662e+02
2.969490979308533838e+02
2.983661340858302538e+02
3.001388374162006016e+02
3.015710307821213974e+02
3.033110439878767011e+02
3.037943790750270523e+02
3.053645362109805887e+02
3.074468528772258082e+02
3.094207076419024247e+02
3.113581501940306566e+02
3.123188422753523810e+02
3.136185772644780627e+02
3.138167758539358374e+02
3.154078654607324665e+02
3.166499896619277479e+02
3.178708287521864690e+02
3.184965295309103226e+02
3.191201356900460837e+02
3.194888031835541256e+02
3.200046504878903306e+02
3.203003767616239088e+02
3.207696111236577963e+02
3.211303508529684336e+02
3.214137572174125808e+02
3.215733638395761318e+02
3.216150772826643447e+02
2.939012451740186975e+02
2.907539055036440914e+02
2.885235983411665188e+02
2.864886378679648260e+02
2.835653757277164004e+02
2.829463285065015157e+02
2.802938074900699235e+02
2.774913135995116704e+02
3.212911909969714657e+02
3.209119451895137445e+02
3.216048499817676998e+02
3.216066486994431557e+02
3.221601380211504875e+02
3.225681282037048732e+02
3.229082663609825090e+02
3.229969726904650997e+02
3.228082147813894380e+02
3.226323780306587992e+02
3.223976757342227302e+02
3.221103410905327564e+02
3.218424974957467271e+02
3.214270660874542500e+02
3.208980079496333246e+02
3.202272887670644081e+02
3.193727768522201131e+02
3.185513570084067965e+02
3.175207759047070226e+02
3.166594338963223549e+02
3.152671423969212015e+02
3.141826171434453840e+02
3.129261358635740748e+02
3.112971207129454001e+02
3.098526592751500743e+02
3.081091579468417194e+02
3.057088497795405715e+02
3.035686874632444301e+02
3.016338161701378340e+02
3.000740863097559554e+02
2.977903863479560869e+02
2.972862148567547251e+02
2.955098134034130339e+02
2.941922604894560322e+02
2.924757817602391015e+02
2.897794842579263559e+02
2.867784523393337963e+02
2.836342016895009692e+02
3.219293441986328617e+02
2.954340731781273348e+02
2.948511009210965312e+02
2.930882310459778637e+02
2.914658824444534275e+02
2.881866345252678343e+02
2.861334093063248361e+02
2.844600896335066977e+02
2.813332187086966201e+02
2.801217774297225560e+02
2.776463509750027470e+02
2.746690005511801473e+02
2.726385351885479054e+02
2.970713459155057308e+02
2.994473214616904784e+02
3.004508512207520425e+02
3.025641524834595089e+02
3.017613606244117932e+02
3.024598959259199660e+02
3.039087237330324456e+02
3.053070698336030091e+02
3.062912449932520644e+02
3.074387083270582934e+02
3.086068120726304187e+02
3.099635073930300564e+02
3.108349212209074039e+02
3.124931888748047868e+02
3.127143143667215668e+02
3.134616703646794349e+02
3.144406172761486005e+02
3.154480344613164107e+02
3.162689547241737955e+02
3.171107790477177559e+02
3.179341749310818273e+02
3.186178554142042572e+02
3.192482557685809752e+02
3.198705168900809781e+02
3.202811120692197733e+02
3.207469846261877819e+02
3.196835298453526661e+02
3.218434909276808753e+02
3.222977231429886729e+02
3.226713395270838305e+02
3.229544233417170744e+02
3.227927687069137619e+02
3.225091850681262144e+02
3.221403228144229729e+02
3.216711465986552980e+02
3.210962443405849172e+02
3.204281211973555514e+02
3.197245725275669201e+02
3.191140755160806748e+02
3.185538599345300099e+02
3.177035473862726462e+02
3.168320221611015199e+02
3.160225890653390479e+02
3.150797041998931718e+02
3.141044082007958309e+02
3.128442350626532402e+02
3.118366161704103092e+02
3.105652893254856508e+02
3.090040624500625199e+02
3.075364514388386965e+02
3.063780111638903918e+02
3.049846516239957737e+02
3.036908034891837929e+02
3.022152602150621306e+02
3.001995045832541109e+02
2.995136826734241140e+02
2.980558586732474851e+02
2.960547307574037745e+02
2.953456152659979352e+02
2.933056767399071987e+02
2.930396484859621751e+02
2.912761968487849344e+02
2.896583866876001139e+02
2.865885583397388814e+02
2.851793451852017256e+02
2.822465150538718603e+02
2.784886799678878333e+02
2.922782961427637360e+02
2.936268457810049313e+02
2.952633790279908794e+02
2.963743660725407381e+02
2.982700454391566609e+02
2.990000236736883039e+02
3.006514150137871866e+02
3.010570529329681335e+02
3.024233956000381909e+02
3.036394609361125276e+02
3.047887129942420756e+02
3.061735604838699487e+02
3.078876356204694957e+02
3.090118393816458706e+02
3.092538571914636805e+02
3.103281024861009314e+02
3.115181433421855104e+02
3.124022611008044237e+02
3.134776917088485106e+02
3.144112053305760242e+02
3.154281463157006442e+02
3.160683369805045118e+02
3.166331114076060089e+02
3.172490974787385767e+02
3.177373495632919571e+02
3.184497772288784745e+02
3.191249163275209071e+02
3.197322811483199985e+02
2.897187126798393706e+02
2.867279624644640990e+02
2.852715780267319019e+02
2.830800587699127391e+02
2.800628069735033705e+02
2.781466565143799130e+02
2.772301220102513071e+02
2.744336258662749515e+02
2.711034636437890413e+02
2.678589743717924989e+02
2.822325203469354165e+02
3.221347058021465273e+02
3.216722887093452528e+02
3.212678516466379506e+02
3.206647149442462705e+02
3.199327138164993016e+02
3.192028546312138815e+02
3.185424052961795951e+02
3.178858371445130047e+02
3.169238923930622605e+02
3.159503664922496000e+02
3.150506296876916963e+02
3.139597504990286438e+02
3.125143644388915050e+02
3.111835222802412773e+02
3.098150183297292415e+02
3.083891106667029476e+02
3.066569930672363853e+02
3.056341403274694812e+02
3.037064139092688606e+02
3.022866873705689272e+02
3.011447405168719342e+02
2.997146641686285307e+02
2.976857963465305943e+02
2.981310977295200360e+02
2.966183186837419044e+02
2.950606154492039650e+02
2.933103917360958235e+02
2.913015133581058649e+02
2.910442254963423352e+02
2.896732842560625727e+02
2.880141827857319186e+02
2.850107220690210283e+02
2.829433213243687533e+02
2.833869179999115318e+02
2.810613287049844189e+02
2.779753096508057411e+02
2.758324320907527181e+02
2.734345998092451850e+02
2.901509638856750257e+02
2.918157272485926796e+02
2.922004610374975186e+02
2.942832227151740199e+02
2.958177531258236286e+02
2.974695108983069645e+02
2.977699511816695690e+02
2.993522227624806646e+02
2.995504211695883328e+02
3.010041409436037156e+02
3.022257971973163535e+02
3.032951561859705976e+02
3.042944889124015617e+02
3.054319529488165585e+02
3.066998134948661914e+02
3.075845757433703511e+02
3.085711837473058381e+02
3.095928613276983015e+02
3.104828009048168838e+02
3.112870427849841235e+02
3.114827606259108279e+02
3.122262278160663982e+02
3.129839051611158993e+02
3.137692863137234554e+02
3.148054156962421644e+02
3.155117158482236732e+02
3.164733114277934192e+02
3.169730730607277565e+02
2.881838185467179869e+02
2.854659092509380116e+02
2.837046352393831512e+02
2.811101945713386954e+02
2.783922002520706656e+02
2.766982790540803308e+02
2.746298677334380045e+02
2.719097769323752232e+02
2.690986378289128425e+02
2.677359009603515005e+02
2.648072210436875480e+02
2.631614839905403187e+02
3.211295644931427660e+02
3.205307821745075785e+02
3.200836604716440661e+02
3.193654624054131546e+02
3.184859384103077105e+02
3.178188162444473619e+02
3.170023517426729427e+02
3.161287351978539846e+02
3.159084942044621585e+02
3.152345415028345315e+02
3.143207192014879752e+02
3.132173881735554346e+02
3.123361944692915131e+02
3.116147932962799132e+02
3.106597978513478324e+02
3.095882806026114054e+02
3.083623528159328089e+02
3.073503800432438311e+02
3.062704704525083343e+02
3.053040606205559016e+02
3.041764328672639408e+02
3.027708797512891010e+02
3.012933518582263446e+02
3.004334509434021925e+02
2.989978273695699613e+02
2.980804950214089217e+02
2.963644103699889456e+02
2.955883096809540120e+02
2.957880125580892354e+02
2.933513463525088696e+02
2.911677353172857465e+02
2.893185954187518405e+02
2.896478115777964604e+02
2.883042283761072326e+02
2.866128712476505598e+02
2.836699383261483263e+02
2.822949080344616846e+02
2.798642133144803097e+02
2.783146622776674235e+02
2.765599431519192990e+02
2.734044245203248238e+02
2.705556599386175662e+02
2.684620736961176135e+02
2.811179118315625374e+02
2.900676249371734343e+02
2.885971540728834839e+02
2.869734732241186634e+02
2.855582350683976074e+02
2.839260890345567532e+02
2.831331943188680498e+02
2.811266813693442259e+02
2.791590806363146271e+02
2.769635069632716409e+02
2.761084240955997871e+02
2.741395377265071716e+02
2.720404897384863716e+02
2.694593595185696699e+02
2.665472497328893269e+02
2.657804346025164932e+02
2.622509676355405759e+02
2.605558781653767824e+02
2.586447674273109101e+02
2.904308861747809942e+02
2.909279964905243219e+02
2.927186724090300345e+02
2.942877992024377249e+02
2.954704099659703047e+02
2.967089332916693252e+02
2.981245601599790120e+02
2.986290888805187933e+02
2.997729074775887739e+02
3.008581845478353216e+02
3.019642066538289669e+02
3.029261592760133794e+02
3.039998222969094854e+02
3.049267970416903495e+02
3.058556413313527855e+02
3.064616811934056955e+02
3.072904456088523943e+02
3.084484180108802320e+02
3.095622378100206333e+02
3.107302371511623278e+02
3.104422894438342837e+02
3.114780857085188472e+02
3.122521075039193761e+02
3.129379304276140488e+02
3.136341846841945085e+02
3.144742845389390027e+02
3.153533963812703291e+02
3.161739409106921812e+02
3.198651726156707014e+02
3.191593242391983267e+02
3.186946065731360136e+02
3.179940903726954389e+02
3.174993144079069225e+02
3.165881810698773506e+02
3.155155775347733424e+02
3.144768896154510003e+02
3.133169061737450534e+02
3.123538487121422804e+02
3.112202640689708346e+02
3.098921615225173127e+02
3.087405057652049436e+02
3.073802752366168534e+02
3.061959462963234841e+02
3.053194303381198438e+02
3.041766206756693123e+02
3.031518117665809768e+02
3.019326644115951126e+02
3.014597717611026155e+02
3.003280627974079948e+02
2.993691233585224722e+02
2.981133870083928628e+02
2.973842966621519963e+02
2.961095304882844061e+02
2.950839582445672704e+02
2.943110523695283973e+02
2.937897229047375731e+02
2.913843765353277604e+02
2.890579644776042301e+02
2.873780708810591591e+02
2.875786537497102699e+02
2.852689592171541335e+02
2.828652315748096271e+02
2.804698249512003372e+02
2.777599545675935815e+02
2.764733412523336824e+02
2.750895017436892545e+02
2.735154474642054083e+02
2.702092519257931826e+02
2.686189198712746702e+02
2.668810924037323389e+02
2.636110971373371399e+02
2.889789785143692598e+02
2.898972289156738498e+02
2.915582476651446200e+02
2.929684024014505326e+02
2.937559923046731001e+02
2.948959312169369014e+02
2.959485880477657247e+02
2.972314879121663012e+02
2.985485320367072291e+02
2.994353400362417688e+02
3.003246057172793826e+02
3.012288678505913708e+02
3.018391148349156197e+02
3.026085632431206136e+02
3.031410803353487040e+02
3.040358769581285969e+02
3.048624105786135488e+02
3.057381747477775775e+02
3.065517034882657867e+02
3.076070294183966780e+02
3.087149693931492038e+02
3.096461084822183807e+02
3.104712928942859094e+02
3.109525698480810547e+02
3.118487897358710370e+02
3.127504662114619691e+02
2.870795365225221758e+02
2.855892938493627753e+02
2.841070480103566638e+02
2.824320384369040653e+02
2.817172448157706413e+02
2.795772548852247041e+02
2.790945241379415620e+02
2.776761716133646587e+02
2.754179331472421381e+02
2.749783582938342761e+02
2.728257589305954411e+02
2.720169106971671340e+02
2.698200258760274437e+02
2.670501150927779008e+02
2.638324722451857269e+02
2.636866449445467993e+02
2.602614634985529278e+02
2.580631335102930279e+02
2.570266908325131681e+02
2.540749755163273278e+02
3.144980582812568173e+02
3.184028473610060814e+02
3.176171760367704451e+02
3.171200575307217946e+02
3.162305629061874583e+02
3.154852907389644088e+02
3.145907173282705003e+02
3.135412640381944129e+02
3.128618600434966766e+02
3.118889606523180191e+02
3.110104054651714023e+02
3.101244597644518421e+02
3.092892912577741527e+02
3.084462645425040819e+02
3.073919837227566063e+02
3.064892287959229407e+02
3.054800992633030887e+02
3.045179103199661199e+02
3.034201879669316213e+02
3.028638671735371304e+02
3.022427439969902139e+02
3.010710885054012920e+02
3.001535881921004147e+02
2.994791879714625793e+02
2.982831324129089694e+02
2.970750315868537541e+02
2.969598412536012688e+02
2.961163668117183079e+02
2.949298483174501371e+02
2.938274789485054725e+02
2.928247230120344966e+02
2.923909835626542417e+02
2.905737653837186940e+02
2.890725737239920363e+02
2.868130354251225071e+02
2.858907429848663355e+02
2.855598824522345467e+02
2.832161765359809920e+02
2.806179511398560180e+02
2.786338858485958667e+02
2.765727215574760862e+02
2.748904965721750386e+02
2.735893040741150912e+02
2.717894382631683925e+02
2.681810098291275040e+02
2.664763585759505986e+02
2.642359396482072498e+02
2.611026703511505502e+02
2.588300941858593092e+02
2.886349072270020315e+02
2.893698149019774633e+02
2.905438676609237518e+02
2.914578672453802710e+02
2.925093729576800570e+02
2.931548171706051562e+02
2.945183690206027904e+02
2.958927529033358041e+02
2.974601180361109414e+02
2.984575454518462152e+02
2.993013634938830592e+02
3.002484545973922536e+02
3.012090708711214688e+02
3.022107883432317408e+02
3.031445556892110744e+02
3.041343235399895093e+02
3.049328277146132109e+02
3.057155964203056442e+02
3.068114967194360361e+02
3.065166444614553143e+02
2.873920267151190728e+02
2.859519335806596700e+02
2.850739173461528253e+02
2.836320590902209915e+02
2.821942773366726556e+02
2.806764507533544020e+02
2.790163410217979845e+02
2.776206188646814326e+02
2.772070358154742280e+02
2.751862184371044577e+02
2.734827077893064597e+02
2.712921792043808296e+02
2.706116520621071686e+02
2.687671151068304312e+02
2.665339073209017329e+02
2.639026372489815344e+02
2.614490763634872224e+02
2.600405117241857056e+02
2.617924511560480028e+02
3.077270277303382500e+02
3.085708806031348104e+02
3.091229028941646675e+02
3.100329665278258631e+02
2.806391642896530811e+02
2.652025399265511965e+02
2.576601673514231265e+02
2.553649660298944184e+02
2.537522890805283566e+02
2.499891740817967332e+02
2.494475982230893294e+02
3.168023042907740319e+02
3.159624781586291533e+02
3.150971429886740225e+02
3.142324274603826666e+02
3.137187823407724636e+02
3.128871092660476734e+02
3.125988553271093906e+02
3.118972899752668582e+02
3.110216801716536565e+02
3.101518649644854122e+02
3.091113393179689979e+02
3.079488741148850295e+02
3.068494351172274150e+02
3.056716428673448149e+02
3.046796149823040309e+02
3.036777033924026341e+02
3.028152297719460080e+02
3.019353599610063270e+02
3.008988791721545226e+02
2.999947061829799964e+02
2.992995598982828938e+02
2.982277223530699644e+02
2.971991424167741229e+02
2.962533247321450744e+02
2.952825445282907708e+02
2.941273710767121088e+02
2.934338650417622034e+02
2.920470057236218508e+02
2.903972596816542477e+02
2.886443432677446026e+02
2.876442817751150187e+02
2.857856214061749824e+02
2.847332687199261159e+02
2.826305665128303417e+02
2.843915473190322700e+02
2.916175837210529380e+02
2.811319606653241294e+02
2.792490858795731015e+02
2.776483065084869963e+02
2.749957541206495648e+02
2.742433848657329918e+02
2.722288483068900291e+02
2.720032475002165029e+02
2.702719313183220038e+02
2.680642404665588856e+02
2.658553851899487768e+02
2.648226175637311712e+02
2.619111531086364835e+02
2.597449417747574785e+02
2.576513729436354083e+02
2.541829063417129362e+02
2.880420632457338570e+02
2.874684466762550414e+02
2.863516842446767896e+02
2.855081908227739405e+02
2.843615785398390585e+02
2.833815656134290180e+02
2.825702942817273424e+02
2.812745856772880870e+02
2.806985037417001649e+02
2.789090402364851116e+02
2.769464826392693908e+02
2.753742335497659042e+02
2.732693163530784659e+02
2.717656071762993975e+02
2.702321662190401526e+02
2.687067928690191252e+02
2.670003035874956367e+02
2.646412343405533534e+02
2.625985492547330864e+02
2.606241327711211966e+02
2.590580857234045880e+02
2.572720082872517082e+02
2.548441958652805397e+02
2.524308232467824666e+02
2.491099490446847540e+02
2.460931499600380619e+02
2.449744460147317113e+02
2.900275654660075588e+02
2.910446686613689167e+02
2.921627116734829883e+02
2.934029839022023225e+02
2.940129064495956186e+02
2.950223795819956649e+02
2.958162536028715976e+02
2.966864449810487372e+02
2.975237703427956149e+02
2.984770332787572329e+02
2.994327662308763820e+02
2.999336743024749694e+02
3.008485075284975210e+02
3.017582540390917529e+02
3.026826746631327296e+02
3.035943908041538180e+02
3.045136325454263329e+02
3.054423891715795776e+02
3.063584776562477714e+02
3.072835039944178561e+02
3.082045790485603902e+02
2.890297565396255095e+02
2.688935006615805037e+02
3.133378737630120554e+02
3.124390862826398916e+02
3.115418216015471558e+02
3.106258746884300308e+02
3.097205923422122851e+02
3.092446660654430275e+02
3.084193695142475349e+02
3.074121554149543272e+02
3.063760212115330432e+02
3.056322999631269113e+02
3.047400883836704111e+02
3.039906787250786238e+02
3.028092369867066509e+02
3.015024567297083422e+02
3.007951946660037947e+02
3.000100890974634353e+02
2.992725540479015649e+02
2.988300121173973594e+02
2.977024978937290598e+02
2.964984823946647339e+02
2.953950275418263232e+02
2.941854099150413049e+02
2.931867248878882037e+02
2.924670229737845375e+02
2.914490238824189987e+02
2.905137477977660865e+02
2.892012790878964665e+02
2.873989397117653084e+02
2.864225440844539889e+02
2.844953550931304562e+02
2.829978030220405003e+02
2.809633204022821360e+02
2.787383646053086750e+02
2.774270669786303642e+02
2.753678962566499422e+02
2.732518732170310614e+02
2.726690660676954394e+02
2.702176969463474734e+02
2.695206203507048031e+02
2.664291461619749839e+02
2.644010960914157522e+02
2.625041711911753168e+02
2.583745222402211539e+02
2.576430706757300300e+02
2.546719842687557218e+02
2.506098825924409823e+02
2.494858990485202810e+02
2.885564366625302455e+02
2.875128642000960326e+02
2.867580637270372677e+02
2.855001931159361561e+02
2.842095637159918056e+02
2.832467885277401933e+02
2.824024990941638862e+02
2.812371664275036665e+02
2.800694762163361702e+02
2.800002424721487841e+02
2.790633830115736487e+02
2.779979531039451786e+02
2.772107366945582498e+02
2.756621568986104762e+02
2.749262866022863818e+02
2.730579373199977340e+02
2.714095306631311360e+02
2.696992948368014140e+02
2.683383380393784705e+02
2.670463042420343527e+02
2.656561389298504992e+02
2.639433428828881461e+02
2.623168778403174883e+02
2.595468411555677335e+02
2.583734141148020171e+02
2.564655772067222301e+02
2.544198441022791712e+02
2.517581938775022934e+02
2.488002750943961701e+02
2.455115514920060207e+02
2.418685736607021397e+02
2.427427476716584067e+02
2.404350000794729851e+02
2.867220674386543351e+02
2.912133641544503462e+02
2.900857775301356014e+02
2.893449078119774640e+02
2.926003566445918977e+02
2.934974183252606963e+02
2.947446641742549787e+02
2.957835335024277583e+02
2.966919042169156455e+02
2.975770350778318516e+02
2.981094084767942718e+02
2.990154888112971889e+02
3.087979862298562921e+02
3.078831887892441159e+02
3.069641623141349669e+02
3.060491464849524732e+02
3.051219347155221726e+02
3.042107813473169813e+02
3.037436175572759112e+02
3.032814043058510833e+02
3.023743748572218237e+02
3.019063280600860821e+02
3.014464194491461058e+02
3.005356886325844812e+02
2.996089888828720404e+02
2.986968612320603711e+02
2.982344444645141266e+02
2.972244542971882311e+02
2.963979823825766289e+02
2.954568592002598848e+02
2.943758052692091951e+02
2.936834341739412935e+02
2.931722108504962989e+02
2.920062730096973382e+02
2.906547777915679944e+02
2.892788165419049733e+02
2.880831883322657632e+02
2.869958657740601780e+02
2.860171953936841760e+02
2.848692151506559753e+02
2.834180578413199783e+02
2.829846304085547786e+02
2.818251990647497678e+02
2.802772669387013593e+02
2.786730876727893360e+02
2.770390367320533755e+02
2.761348743553223244e+02
2.736250896529907664e+02
2.714135058565738632e+02
2.708893845029555791e+02
2.682386205746731775e+02
2.666559185828677982e+02
2.647405953014419993e+02
2.627118500955999139e+02
2.620636885353468415e+02
2.599494741984645998e+02
2.571734839828868644e+02
2.553938981776144033e+02
2.545288877186821423e+02
2.506996246144841791e+02
2.465946576266852617e+02
2.448912664224421860e+02
2.681199581020465530e+02
2.878536126107851487e+02
2.890300783308363179e+02
2.896917865560520227e+02
2.903793812820837275e+02
2.912978906600595792e+02
2.922218933185411061e+02
2.929028934875382788e+02
2.935651477425861344e+02
2.940685885222196134e+02
2.944830171827599088e+02
2.953749426366965167e+02
2.962918381663977812e+02
2.971930327991033778e+02
2.867744205243782289e+02
2.858004749594944656e+02
2.847480050556112019e+02
2.840289419489982379e+02
2.830161886409907765e+02
2.823019787690830640e+02
2.812507053931682890e+02
2.800332948556300607e+02
2.786213195078281615e+02
2.773699015678764113e+02
2.765392654811734587e+02
2.750894968192044416e+02
2.742719432173561245e+02
2.730640970587444940e+02
2.714196078005941786e+02
2.694143845491565230e+02
2.678832924124882311e+02
2.665980908022364133e+02
2.653476112141559042e+02
2.638418549518568170e+02
2.628361761284119211e+02
2.625052196406206804e+02
2.613040948684361524e+02
2.603881725884586444e+02
2.588670227455552322e+02
2.572888042964335682e+02
2.571399496598934320e+02
2.554380730892152087e+02
2.536737745226055267e+02
2.514369996602377739e+02
2.473783064510783447e+02
2.439022270524075395e+02
2.415388500675618104e+02
2.388709740510034294e+02
2.367485040642139040e+02
2.388335496086147600e+02
2.357714741992712106e+02
2.977794365295816874e+02
2.968626705029429900e+02
2.959386957667416027e+02
2.950289857581985302e+02
2.945201637231405698e+02
2.936580618489559242e+02
2.933883889410729466e+02
2.926704886254951816e+02
2.917609908869458764e+02
2.908674199832211116e+02
2.899933447113008924e+02
2.891587817631280473e+02
2.880160059180921053e+02
2.868545061894762966e+02
2.859764734957431074e+02
2.848082059262830512e+02
2.837755347970856974e+02
2.825099716086058379e+02
2.809372812128106034e+02
2.794368785071837920e+02
2.785548508667756096e+02
2.768218593878957563e+02
2.747837235890392549e+02
2.725444367626163285e+02
2.714228898464871804e+02
2.696094878585471406e+02
2.692589294880709758e+02
2.674585283105020608e+02
2.657299113757885607e+02
2.635242184903353291e+02
2.615222485514227628e+02
2.596077619855295779e+02
2.560014140484183827e+02
2.535098135720254788e+02
2.526079042433611050e+02
2.492949158487008106e+02
2.466365046539211789e+02
2.428995135971566413e+02
2.421449913051066858e+02
2.403515230413020163e+02
2.819011417393064107e+02
2.881241793259632686e+02
2.872331569552001156e+02
2.868055072899494462e+02
2.858547986754344947e+02
2.849190973442399581e+02
2.840274028464065168e+02
2.831557733374282861e+02
2.822934746089538862e+02
2.812610756781473356e+02
2.820241685603123756e+02
2.885656755575977286e+02
2.890430687224243798e+02
2.899442981854057280e+02
2.908575462974527568e+02
2.917520781853165204e+02
2.926615335389823827e+02
2.805260292441566889e+02
2.796297725054601528e+02
2.786623426721615147e+02
2.775491718345949721e+02
2.761597220462985547e+02
2.745527478670564960e+02
2.741273463618233563e+02
2.737298193590633559e+02
2.724235340635237890e+02
2.711950751018500796e+02
2.697175195371842165e+02
2.681009143472000460e+02
2.674917983996649582e+02
2.659870463688036466e+02
2.649007535273186136e+02
2.634684991709654582e+02
2.626918812571084914e+02
2.618480547506916878e+02
2.611230716233250178e+02
2.598253008800791122e+02
2.584902632275067731e+02
2.570936974752799529e+02
2.552187606144802317e+02
2.552082972841281503e+02
2.531193087959833576e+02
2.507936713964303692e+02
2.477927830455946605e+02
2.441194473953307522e+02
2.409999946903228079e+02
2.379412889188599536e+02
2.354776018318364379e+02
2.328138882199983470e+02
2.319533319449787712e+02
2.310919855787966526e+02
2.348669506693840958e+02
2.941024730591763046e+02
2.931789501501098698e+02
2.926503207953758761e+02
2.917511944194808962e+02
2.908714961390349458e+02
2.898239657417781245e+02
2.886392072109896958e+02
2.880778084573451565e+02
2.869915032558930079e+02
2.861158172990334378e+02
2.851355347621182545e+02
2.840011480442584002e+02
2.834393938657977401e+02
2.819769632994743347e+02
2.807722518639833424e+02
2.797734783762926440e+02
2.785373876861169151e+02
2.777180655774122897e+02
2.762522854695810679e+02
2.752465670403622084e+02
2.735281500982439979e+02
2.716312577410919289e+02
2.704467737955113193e+02
2.694324838311886197e+02
2.678568996202986341e+02
2.678720541128197965e+02
2.661613064896525316e+02
2.641905058630985081e+02
2.622238490969180020e+02
2.598525029223196157e+02
2.573622817252381196e+02
2.536409732249797457e+02
2.507565644760462931e+02
2.503462234870389125e+02
2.469308895387200380e+02
2.425200275774368492e+02
2.384311011199406209e+02
2.400262172951859441e+02
2.382973477939611939e+02
2.357062228915270907e+02
2.863157736752000346e+02
2.854120301058997597e+02
2.849422651109807134e+02
2.844925678486559377e+02
2.835861293110270935e+02
2.826627272446385746e+02
2.817406561065130859e+02
2.808199663006045625e+02
2.802868179638765582e+02
2.794705592349802714e+02
2.786004800083476312e+02
2.778674286910076603e+02
2.765539441462013883e+02
2.754870918867680416e+02
2.745682650869786698e+02
2.737373493385240977e+02
2.731202584030901903e+02
2.713463952076678538e+02
2.700665683057126785e+02
2.684112593077976499e+02
2.664891590391359273e+02
2.662086126352418205e+02
2.648513737258153355e+02
2.631970375475977448e+02
2.622333277054832479e+02
2.619568835604121659e+02
2.616237369264879931e+02
2.613054116262977118e+02
2.606168416014074865e+02
2.593154498219699349e+02
2.575651256994825644e+02
2.556366557533002037e+02
2.533811873425840133e+02
2.530476782806376264e+02
2.506831748552936574e+02
2.481213185114248461e+02
2.444786842375501408e+02
2.411196383881129464e+02
2.373778885218878827e+02
2.341779984816799640e+02
2.307708597877043530e+02
2.282092543725921985e+02
2.279093334372233244e+02
2.263173423517172864e+02
2.644095813201390115e+02
2.922639347118417845e+02
2.913336632247621196e+02
2.904172717877696073e+02
2.899456759372422425e+02
2.891089661345083641e+02
2.880853108053050846e+02
2.874773136633287436e+02
2.863102004310065354e+02
2.853302167246660019e+02
2.842599075950523115e+02
2.833640512909108224e+02
2.827743919521170142e+02
2.815433880146721322e+02
2.805684305942306764e+02
2.798581296001033252e+02
2.785036095816128068e+02
2.772597811024067482e+02
2.762030340491781431e+02
2.749294867671948168e+02
2.731963750396740807e+02
2.716095899480771436e+02
2.697431071569474739e+02
2.681538294293765716e+02
2.667230186300391779e+02
2.665010936461716256e+02
2.649218989151591472e+02
2.634774842005412552e+02
2.621935952641931067e+02
2.607970730003378321e+02
2.594483149294032387e+02
2.573894709527315854e+02
2.554755567525658648e+02
2.531835161224396131e+02
2.509005763329782326e+02
2.475560844694630305e+02
2.442687476876960773e+02
2.399355167112329923e+02
2.383011209818008922e+02
2.349042382569318193e+02
2.335785268378030253e+02
2.368631391100313408e+02
2.346690979946572213e+02
2.310130355739695460e+02
2.480484905996561338e+02
2.798900502501329584e+02
2.789464429837348689e+02
2.780101128761509699e+02
2.777011829111655743e+02
2.769124696018369605e+02
2.756118952839129861e+02
2.746158523358940329e+02
2.736234348718031697e+02
2.725870658426132422e+02
2.714170298040587568e+02
2.702376802306835657e+02
2.692597301475377094e+02
2.678927510020686213e+02
2.664707286621052731e+02
2.651198662880663619e+02
2.644366770918807674e+02
2.626058290041903547e+02
2.615674531503156572e+02
2.611671297415392701e+02
2.617040876003148355e+02
2.615679791057668240e+02
2.613908114116786123e+02
2.603811993142624033e+02
2.595111463641154046e+02
2.582071652504247936e+02
2.561876317126112212e+02
2.540792974086836864e+02
2.512239107658942885e+02
2.508667806107887088e+02
2.479986042490598948e+02
2.455423807514622467e+02
2.413721897229816022e+02
2.378635033120511082e+02
2.338517780625305136e+02
2.314181543133256014e+02
2.280458094121680688e+02
2.250948252673114496e+02
2.244353409907313619e+02
2.235507252590303438e+02
2.215195871032688331e+02
2.894829892015201835e+02
2.885563955659624753e+02
2.876241395002870149e+02
2.870287013669786802e+02
2.862776538758006382e+02
2.854298016046822681e+02
2.847314417804685149e+02
2.833691392522368346e+02
2.824445291329674319e+02
2.813536920804879173e+02
2.803961381925565206e+02
2.794932622730570415e+02
2.784947627876189244e+02
2.774395170563055331e+02
2.771778809292614483e+02
2.763703634659202066e+02
2.753780334180821683e+02
2.743336821950489934e+02
2.735553292134574690e+02
2.726591851968680089e+02
2.716125966408184809e+02
2.699709366744229442e+02
2.678456945644319376e+02
2.659838229143515491e+02
2.652143932989188215e+02
2.640079540014709210e+02
2.627239409364398739e+02
2.616432085416175255e+02
2.606105162886071298e+02
2.587107955242684056e+02
2.554256836215223245e+02
2.570759184218034648e+02
2.541255810461335898e+02
2.513345913609660727e+02
2.529318759425521534e+02
2.506968134741346717e+02
2.483154349521504116e+02
2.439721976439705031e+02
2.390920635216122889e+02
2.366644151039147346e+02
2.345134186669772021e+02
2.302240920789332108e+02
2.255307936423003810e+02
2.223063122978188346e+02
2.206614674394116093e+02
2.208944768139692201e+02
2.192224493674165728e+02
2.167500182381260174e+02
2.477128608144117266e+02
2.436315524586266292e+02
2.411400578680891158e+02
2.379277381547702817e+02
2.357178904260605634e+02
2.314126589693455571e+02
2.300574642643704237e+02
2.279666958335359084e+02
2.314458715588946234e+02
2.277989057482832607e+02
2.262321862926880272e+02
2.770529460564047781e+02
2.760940097625979774e+02
2.751298579777779310e+02
2.741363666348009360e+02
2.731445546114543390e+02
2.725935264780704301e+02
2.715149975665842703e+02
2.704619139747487679e+02
2.693639392960037640e+02
2.689185697111499280e+02
2.679514263784954551e+02
2.668292838198940444e+02
2.653018765481423884e+02
2.632896500349932580e+02
2.600822029746026942e+02
2.600468521973355678e+02
2.602381721860987795e+02
2.612646941366548390e+02
2.614950815942922873e+02
2.615444315733515168e+02
2.613890767919477298e+02
2.604028693418219973e+02
2.588407595924979887e+02
2.609287059948987348e+02
2.866936681503125328e+02
2.857463812740793969e+02
2.848131906664387429e+02
2.843287015691328747e+02
2.838542132255871024e+02
2.829149493497180288e+02
2.824211149102503100e+02
2.819925575053088664e+02
2.812520591352964061e+02
2.804235885617370627e+02
2.796322367834019929e+02
2.790883666312279274e+02
2.779277795455228670e+02
2.766080318958300381e+02
2.754436495197718386e+02
2.743072375357280066e+02
2.731455357783529507e+02
2.722832127949029086e+02
2.710008345805202339e+02
2.697369155433631818e+02
2.678565792536721233e+02
2.660974062111988587e+02
2.641365496762666680e+02
2.642160030521178555e+02
2.634872969927955069e+02
2.624082697212427888e+02
2.617268991491694123e+02
2.611848392851899234e+02
2.618174125381660247e+02
2.746143611743029282e+02
2.599351630268110966e+02
2.449755202616559586e+02
2.411811569152082200e+02
2.388778952364811801e+02
2.338453450580454103e+02
2.287377006343133132e+02
2.271537140179261769e+02
2.249182322829331042e+02
2.239737316174371813e+02
2.231189331929562911e+02
2.214215118183927018e+02
2.344169279092756710e+02
2.321593180496001310e+02
2.284387488236566810e+02
2.260717830363838061e+02
2.218426813292503823e+02
2.187205229120079082e+02
2.164364736273284109e+02
2.166658961247909190e+02
2.154932763418458421e+02
2.119288294529305290e+02
2.118204757091945396e+02
2.365396964142191791e+02
2.721151080770918611e+02
2.710826851855362065e+02
2.700077875580558953e+02
2.688992820591519717e+02
2.677712911281171273e+02
2.665689981924352878e+02
2.662663824458375643e+02
2.634120086154588876e+02
2.569731366605365679e+02
2.573958573407455788e+02
2.591096556056713212e+02
2.604882147967593369e+02
2.612340490700057103e+02
2.615480570970465237e+02
2.819471083873793305e+02
2.809898798857942666e+02
2.800076880136960540e+02
2.790327395180615326e+02
2.785144318043745102e+02
2.774149292818835875e+02
2.765113923778192202e+02
2.754757666790598591e+02
2.744389302280932839e+02
2.734621790784388509e+02
2.720331718229057287e+02
2.705061712141427961e+02
2.687131821404255447e+02
2.670470595222485031e+02
2.653357999998229957e+02
2.632059848740261145e+02
2.621704699133576923e+02
2.623549072298142164e+02
2.617584029292324885e+02
2.613986646411637480e+02
2.604283884069241708e+02
2.587660065325213168e+02
2.573492914369390405e+02
2.545264857444622635e+02
2.659439564358626171e+02
2.294400691194074398e+02
2.319007740521977041e+02
2.287017001042750621e+02
2.243228399008146141e+02
2.195346647529435984e+02
2.169591422352272616e+02
2.142358169650057960e+02
2.109598839049085939e+02
2.126954582457331639e+02
2.094274783634695041e+02
2.082678126172411623e+02
2.069843528512296018e+02
2.250791286196244698e+02
2.228800777094084822e+02
2.199010345153149899e+02
2.187704827514223211e+02
2.167272045974494006e+02
2.256328933005411557e+02
2.780414563995296362e+02
2.770399557908503425e+02
2.760164822696348210e+02
2.749935453986292373e+02
2.739340027742192092e+02
2.728636547938812669e+02
2.717715101563036342e+02
2.710511621595452425e+02
2.698752737736605809e+02
2.687305434976267406e+02
2.673304218137536736e+02
2.656486566790167103e+02
2.638786673793290447e+02
2.607078149753414777e+02
2.569463233258280752e+02
2.607185519513200234e+02
2.609551884379382614e+02
2.597652328710550478e+02
2.568836642262878627e+02
2.567112787779123551e+02
2.267716395023301743e+02
2.220372325490771459e+02
2.164346939366189986e+02
2.142263196225683259e+02
2.125866833114202166e+02
2.094970841383478444e+02
2.054348508373394679e+02
2.079613115713140701e+02
2.061085925191062529e+02
2.044282431896048990e+02
2.019404938644548224e+02
2.211783531017815676e+02
2.190457206002976136e+02
2.160323467642392075e+02
2.148501627948587327e+02
2.150173903328153813e+02
2.140307789593115331e+02
2.118544518175854989e+02
2.229165368566623329e+02
2.706297444414599909e+02
2.694609608313410831e+02
2.682480370847961808e+02
2.670058002991669355e+02
2.665321471803388818e+02
2.572697808344519217e+02
2.545062175449653807e+02
2.194616514883978766e+02
2.167758756508517592e+02
2.141129891743058238e+02
2.116642179495611060e+02
2.111515763996938517e+02
2.096373304146636656e+02
2.094437912429551716e+02
2.069147908195064360e+02
2.106754399902562511e+02
2.086937858541408843e+02
2.053933421644331645e+02
2.009877349624944998e+02
2.006085986670291561e+02
2.024013554333046159e+02
2.005522913398069988e+02
1.969283785466678580e+02
2.127838413509058455e+02
2.110104972143051327e+02
2.086657953333251783e+02
2.075550371735481576e+02
2.056395134258739290e+02
2.046002865569968492e+02
2.018932798941133058e+02
2.053228591186417589e+02
2.068533083939366293e+02
2.094107586203197116e+02
2.033498180238530892e+02
1.994544786891698891e+02
1.966198218138082723e+02
1.959827528100006191e+02
1.973818197213186352e+02
1.969558834425046143e+02
1.934295361186579498e+02
1.917698853442980180e+02
2.055514518556900896e+02
2.048796505789686364e+02
2.021858416027781971e+02
2.005299046290355705e+02
1.969098362537224318e+02
2.002471463189072267e+02
1.958295783022595629e+02
1.942929809157584771e+02
1.923795173452481890e+02
1.902784148319796884e+02
1.907526807094560297e+02
1.936392615869519602e+02
1.946713671904729495e+02
2.031111285233354806e+02
1.890679414484571623e+02
1.867856634491005252e+02
2.006366936688210671e+02
1.996972307983612609e+02
1.953022085109142836e+02
1.918738930495280215e+02
1.906964131526889332e+02
1.874905719902723717e+02
1.852932097694319680e+02
1.863398840653611330e+02
1.839936605591509249e+02
1.841640855356276063e+02
1.816203684101272415e+02
2.005747138034813304e+02
1.970045897935503376e+02
1.969955155487238301e+02
1.933543987813343108e+02
1.917574989731945436e+02
1.876087409986152750e+02
1.965577738206947060e+02
1.925526783087882734e+02
1.926888851178552216e+02
1.907115898612369733e+02
1.874451730119109243e+02
1.837396296059050655e+02
1.820300665824908890e+02
1.796197801179823159e+02
1.824934670253117872e+02
1.826427968597171798e+02
1.791901341397711747e+02
1.761976440356676790e+02
1.964239225856516953e+02
1.944690777886955573e+02
1.907208904268425158e+02
1.889250891167190503e+02
1.867695526171775384e+02
1.889409577432651872e+02
1.872468637780558538e+02
1.869973413482241540e+02
1.840433108735075507e+02
1.841455566950068032e+02
1.816105032268698665e+02
1.879302667888123324e+02
1.854778990067910627e+02
1.819000338464917093e+02
1.790033494695331910e+02
1.761209691004004583e+02
1.757718296589081319e+02
1.787083602386608732e+02
1.733505339314653213e+02
1.727483299628513294e+02
1.711029275496368030e+02
1.847392899964199273e+02
1.834125465779939645e+02
1.796737571466608188e+02
1.763729114592515259e+02
1.746155011726215776e+02
1.705467039057879788e+02
1.723264388988883979e+02
1.715354568578929104e+02
1.681466593725778580e+02
1.673577251912870452e+02
1.681092248047327189e+02
1.657878877415705858e+02
1.823319602662873535e+02
1.825203676285590575e+02
1.791773373628156492e+02
1.761885344428284554e+02
1.803053738353700908e+02
1.763064393407613011e+02
1.762021005102675417e+02
1.733455613258067842e+02
1.727303714934198524e+02
1.711133750543485803e+02
1.739492037233667929e+02
1.710401821163048623e+02
1.668233833529095591e+02
1.651619820322279111e+02
1.671178347543184088e+02
1.644669764194903223e+02
1.618131700311936640e+02
1.635107985327631752e+02
1.603391286417892161e+02
1.787044316099815831e+02
1.725189520081117962e+02
1.692431704674783930e+02
1.664051413693229051e+02
1.626877613481873368e+02
1.595364971726501437e+02
1.632959084985765799e+02
1.613635010848283571e+02
1.568338640706213880e+02
1.573593248446832433e+02
1.548647577138923737e+02
1.716959637247435637e+02
1.679193645780873965e+02
1.678738936275100571e+02
1.682863255106027225e+02
1.657790724227199064e+02
1.678548057046327244e+02
1.639682238071559652e+02
1.634706772219376489e+02
1.620184168056754856e+02
1.636388979576782674e+02
1.603381321524109069e+02
1.616961684240104944e+02
1.582384524012746851e+02
1.550514050797454217e+02
1.531938173800186007e+02
1.566036366914231905e+02
1.533668370927567821e+02
1.495293161225100107e+02
1.525787868348728011e+02
1.521994933503255822e+02
1.494840490748246680e+02
1.599134104260086815e+02
1.589960866287703425e+02
1.569974639896855422e+02
1.531462950626787176e+02
1.511457213373261936e+02
1.477284540943402078e+02
1.467456032633935479e+02
1.506521192949236934e+02
1.588359323269260415e+02
1.563873742087237133e+02
1.573810341272152584e+02
1.548544903975239322e+02
1.476566000405209991e+02
1.438397028643605324e+02
1.439982208390706546e+02
1.557469861583997499e+02
1.532568014004900476e+02
1.493881604507214433e+02
1.525754796652861671e+02
1.522562521199377557e+02
1.494842435849868991e+02
1.535955468164213755e+02
1.489802983390587769e+02
1.469592601598560009e+02
1.420419238661867780e+02
1.432796971678380658e+02
1.425168934120821973e+02
1.385034051153723738e+02
1.386072561834153305e+02
1.424872194584025351e+02
1.382879366613088621e+02
1.510483048486112239e+02
1.472099646642047901e+02
1.472401504234580614e+02
1.439974110587835696e+02
1.476568570968472898e+02
1.438424078314627934e+02
1.449176173751010879e+02
1.415378981441140809e+02
1.367300817548966734e+02
1.382990114802167056e+02
1.325165870336848002e+02
1.336497997369746997e+02
1.345662231786415362e+02
1.325592391599400059e+02
1.432903066842815747e+02
1.410912139295382133e+02
1.369341585760528233e+02
1.332355558345307145e+02
1.303520834315318098e+02
1.343975920791090175e+02
1.425527795694880240e+02
1.387868103352443825e+02
1.385301454142496027e+02
1.424885999344398897e+02
1.382863337827587600e+02
1.274130868102857761e+02
1.275249284430796877e+02
1.297757517051880711e+02
1.269463226301757288e+02
1.387930586114287621e+02
1.349947741396077561e+02
1.344015214732143306e+02
1.332000528217681961e+02
1.344590272357399385e+02
1.325504977556001336e+02
1.326464373160169998e+02
1.289705552406385038e+02
1.254461894643837496e+02
1.237062510541381357e+02
1.236194221070284698e+02
1.211397320682107619e+02
1.240669635779431843e+02
1.211143108340167061e+02
1.309115703585772508e+02
1.300496247026190701e+02
1.273422228657868800e+02
1.237709756480379752e+02
1.204339839592511652e+02
1.173922004378073467e+02
1.181399171831832717e+02
1.151260778175448536e+02
1.184223351598749474e+02
1.153328953435238020e+02
1.299158369695886677e+02
1.272064747357832601e+02
1.297722832486248024e+02
1.269513519483376740e+02
1.269076938892643795e+02
1.241808886889315744e+02
1.208373736496697575e+02
1.240697231884070391e+02
1.211147691548039234e+02
1.252969831362348430e+02
1.219480406152676863e+02
1.178252785371311830e+02
1.159862894393889121e+02
1.126156829998979561e+02
1.142106281864445378e+02
1.137488327368851344e+02
1.095184135376727141e+02
1.095365967935339739e+02
1.094590820391319568e+02
1.137861326612376303e+02
1.220274351805715298e+02
1.181056224800950218e+02
1.124268690870441532e+02
1.123903708397649126e+02
1.076430353159885129e+02
1.092054724603925564e+02
1.034070137122241562e+02
1.043840712734774598e+02
1.053890579668628362e+02
1.034581594609295649e+02
1.181393669170408458e+02
1.151265032182416093e+02
1.184283358599583238e+02
1.153394938103072462e+02
1.143551853632958171e+02
1.096911876146676263e+02
1.059182745548116316e+02
1.078880753488761854e+02
1.044019668095081244e+02
1.013363699507586375e+02
1.053182316940849290e+02
9.811706311429313132e+01
9.844060515573345072e+01
1.001430954390374239e+02
9.751085012172916322e+01
1.136245485224425096e+02
1.097437023127000373e+02
1.094996318425794612e+02
1.094562571349769371e+02
1.137870483279253477e+02
1.051758072880764132e+02
1.039773763004852185e+02
1.049872536713984914e+02
1.034175724691146030e+02
1.035528631293187232e+02
1.011978099823683408e+02
1.000381585373236391e+02
9.684019213700675266e+01
9.487056518743901279e+01
9.445910631795992174e+01
9.164941591632326379e+01
9.456953546970817115e+01
9.138751254560384041e+01
1.000689342508688924e+02
9.695369753037216753e+01
9.553872231485320299e+01
9.882666164936406972e+01
9.494671430369483289e+01
9.301267757421739191e+01
8.898986833884862335e+01
8.906217172536553051e+01
8.585409256856806337e+01
8.906971326147039747e+01
8.534932366743996113e+01
1.001465621784100080e+02
9.753503025011299599e+01
9.765608172897684369e+01
9.510831368180838297e+01
9.180021645331547120e+01
9.456751007913447893e+01
9.138368926017743377e+01
9.285247510846348007e+01
8.923894444714750307e+01
8.979469918763157921e+01
8.908874762958359383e+01
8.356334984905998908e+01
8.461268989670595886e+01
8.142828934858377465e+01
8.018173444416066786e+01
7.916145627087171022e+01
8.413720595504956634e+01
8.856137641115121539e+01
8.585601091086238057e+01
8.907639405220950835e+01
8.535028885887820138e+01
8.359887456239636094e+01
8.400854222528370485e+01
7.779246562088754047e+01
8.002139446050770744e+01
7.456687604298841165e+01
7.516532575438809261e+01
7.559305815231725489e+01
7.286647812818601722e+01
8.463709339794763764e+01
8.163306642403156843e+01
8.016591022960659529e+01
7.679623679553309046e+01
7.459129770360776490e+01
7.125379663633964356e+01
7.170318948250620394e+01
7.602108224557238714e+01
8.020573935889507311e+01
7.916161848332710349e+01
8.413995285459348850e+01
7.939289364219310130e+01
6.883794960253172235e+01
6.934288044285334252e+01
7.062119935542116878e+01
6.662342267000373397e+01
7.531469443173351408e+01
7.579202358097759884e+01
7.043943438505603183e+01
6.974415014240238975e+01
6.605951266401810074e+01
6.730105739366520368e+01
6.535736955490546052e+01
6.555888653153628809e+01
6.312407510007395217e+01
6.361317110586897172e+01
6.009758782850344971e+01
7.563178194487086614e+01
7.286962371843479502e+01
6.975248241485016365e+01
6.612319457536445100e+01
6.371151356664154264e+01
6.637585811808634162e+01
6.019510002949672156e+01
6.155548740106970484e+01
5.974182335678396782e+01
5.993388484171754271e+01
5.759861446253255934e+01
5.705017020055010590e+01
5.389398381469480626e+01
7.064343889435286883e+01
6.662047255742761820e+01
6.361586536266472791e+01
6.009922175354390106e+01
6.314680723831434506e+01
5.968904490826184883e+01
5.997435188045648857e+01
5.425007418527192016e+01
5.497438584851501986e+01
5.513300224686400952e+01
5.563255692695854293e+01
5.242261915733291033e+01
5.120698574484931953e+01
4.722707697294762141e+01
5.712908168639534523e+01
5.759762202572188983e+01
5.275062438868782522e+01
5.555863379816091197e+01
5.113573682791307107e+01
4.741286914930097396e+01
5.033592696742185524e+01
4.872262977546181872e+01
5.093382023064562247e+01
4.541116493282463296e+01
4.573378596126835305e+01
4.480474558442347188e+01
4.087574730303469295e+01
5.389323421240754186e+01
5.125261617768349254e+01
4.723638440152011952e+01
4.618626867046976514e+01
4.705141980070602159e+01
4.236394991113301245e+01
4.546341039488855529e+01
4.161139561584577251e+01
4.260005434146660264e+01
4.059056278951153729e+01
4.104420079788843623e+01
4.003980284175259641e+01
3.405768455711711340e+01
4.691809813618815639e+01
4.481200556019853565e+01
4.086510364472153611e+01
3.971525378873558054e+01
3.697240120858934631e+01
3.594584592961305702e+01
4.034314873212193930e+01
3.632808862484913703e+01
3.620509669285019783e+01
3.666188238769865393e+01
3.413222564005680226e+01
2.926347443161426654e+01
2.728156000305993345e+01
4.246588873120844454e+01
3.394615773082306021e+01
3.335616357617475813e+01
3.128709567257920909e+01
2.967781658502488540e+01
3.095153144429163561e+01
3.075030356281076038e+01
2.930472811959832313e+01
3.147535620073027474e+01
2.715283046564591274e+01
2.433445143254810361e+01
2.070089035238147801e+01
2.928772905052381503e+01
2.712371706247156311e+01
2.561747555535148635e+01
2.448239069241289556e+01
2.462135627262632198e+01
2.420496711168817328e+01
2.542017383380826701e+01
2.192785435311260045e+01
1.883106088638809084e+01
1.345158287234563232e+01
1.370108223020635307e+01
2.746524520756539545e+01
2.426068527104035155e+01
2.064851796197017819e+01
2.206237511113774019e+01
1.963882954601197994e+01
1.793781045089309600e+01
1.859071516694610438e+01
1.902246974690428516e+01
1.685083994990066714e+01
1.123874977401198016e+01
6.590952911907510092e+00
7.083477835252658394e+00
1.879984390550667683e+01
1.350798171598785657e+01
1.371482752695279217e+01
1.688790840843606134e+01
1.450613517985326872e+01
1.168153801176675444e+01
1.253188167259887820e+01
1.352250171822361224e+01
1.252914520828081102e+01
6.068369699470443912e+00
4.276260835784380099e+00
0.000000000000000000e+00
3.398991182868631000e+00
0.000000000000000000e+00
1.115482998171311202e+01
9.319182366508856674e+00
5.121437289381759683e+00
6.289146732483313684e+00
9.320487202133371341e+00
9.014784300834593367e+00
4.587394198303459625e+00
0.000000000000000000e+00
7.080365385911635556e+00
6.524932223390555563e+00
5.460708232885358449e+00
0.000000000000000000e+00
0.000000000000000000e+00
0.000000000000000000e+00
0.000000000000000000e+00
4.947141156899492742e+00
4.627835681230570763e+00
0.000000000000000000e+00
3.350273879928452825e+00
0.000000000000000000e+00
0.000000000000000000e+00
