5.251965378710917731e-01
3.527211691420816593e-06
3.527211691420816593e-06
5.322462619273045092e-01
5.250012575910668611e-01
-8.477647480895012660e-03
-8.477647480895012660e-03
5.335966067710057326e-01
5.230571568476294342e-01
-1.684714253860572150e-02
-1.684714253860572150e-02
5.314041015203396778e-01
5.198437688525942013e-01
-2.483444231781941139e-02
-2.483444231781941139e-02
5.281331496988890262e-01
5.153517835821035398e-01
-3.283089101828509659e-02
-3.283089101828509659e-02
5.235661798516786369e-01
5.095981321364493333e-01
-4.072546751448123670e-02
-4.072546751448125057e-02
5.177073742820451629e-01
5.025985783870010604e-01
-4.850642126340951737e-02
-4.850642126340955207e-02
5.105818677804788708e-01
4.943723265049310145e-01
-5.615337997247186325e-02
-5.615337997247184937e-02
5.022079868346073228e-01
4.849419416718068754e-01
-6.364591879938867602e-02
-6.364591879938867602e-02
4.926091957606788529e-01
4.743331152846441134e-01
-7.096490213042346007e-02
-7.096490213042346007e-02
4.818121191505023160e-01
4.625745531826796486e-01
-7.809189883207988403e-02
-7.809189883207988403e-02
4.698464790099961541e-01
4.496978311868669032e-01
-8.500932000416580592e-02
-8.500932000416580592e-02
4.567449308647539286e-01
4.357372495824311520e-01
-9.170046572878937097e-02
-9.170046572878937097e-02
4.425428675537746992e-01
4.207296831734507747e-01
-9.814959723890305521e-02
-9.814959723890305521e-02
4.272782458753337509e-01
4.047144256834894205e-01
-1.043420104811701443e-01
-1.043420104811701443e-01
4.109914202911521541e-01
3.877330290347233421e-01
-1.102640916443685115e-01
-1.102640916443685115e-01
3.937249835539838871e-01
3.698291394052455328e-01
-1.159033430519669505e-01
-1.159033430519669505e-01
3.755236116587487571e-01
3.510483327907513162e-01
-1.212483738357369306e-01
-1.212483738357369306e-01
3.564339095253310497e-01
3.314379525388010395e-01
-1.262888581684789291e-01
-1.262888581684789291e-01
3.365042527804199546e-01
3.110469504127363893e-01
-1.310154715585429286e-01
-1.310154715585429286e-01
3.157846216346963386e-01
2.899257319202838135e-01
-1.354198205210992711e-01
-1.354198205210992156e-01
2.943264264851394585e-01
2.681260065090799172e-01
-1.394943804356542916e-01
-1.394943804356542083e-01
2.721823309007733727e-01
2.457006438541167459e-01
-1.432324498593648965e-01
-1.432324498593648965e-01
2.494060835006505772e-01
2.227035382918353956e-01
-1.466281192614447559e-01
-1.466281192614447559e-01
2.260523723843464450e-01
1.991894836356096210e-01
-1.496762430153728562e-01
-1.496762430153728285e-01
2.021767116428008770e-01
1.752140595364329312e-01
-1.523724008671318020e-01
-1.523724008671318020e-01
1.778353592627229252e-01
1.508335283943343375e-01
-1.547128414426240939e-01
-1.547128414426241216e-01
1.530852531763811086e-01
1.261047395992969944e-01
-1.566944129591871515e-01
-1.566944129591871515e-01
1.279839434448151458e-01
1.010850369579118085e-01
-1.583144979030752242e-01
-1.583144979030752242e-01
1.025894992636023489e-01
7.583216636974396407e-02
-1.595709710818493110e-01
-1.595709710818493110e-01
7.696038141844718794e-02
5.040418369715591457e-02
-1.604621907948200199e-01
-1.604621907948200199e-01
5.115528987071872591e-02
2.485936561198990105e-02
-1.609870153457357844e-01
-1.609870153457357844e-01
2.523301336208810808e-02
-7.438729769707168055e-04
-1.611448223982784034e-01
-1.611448223982784034e-01
-7.476862690630374855e-04
-2.634705334136405383e-02
-1.609355071606678733e-01
-1.609355071606678733e-01
-2.672813265967655810e-02
-5.189170137116841386e-02
-1.603594498088392051e-01
-1.603594498088392051e-01
-5.264973671710003467e-02
-7.731941517518618745e-02
-1.594174649021998791e-01
-1.594174649021998236e-01
-7.845396627656667232e-02
-1.025719370671762803e-01
-1.581107614932777405e-01
-1.581107614932778793e-01
-1.040823217649209514e-01
-1.275912323390818170e-01
-1.564409412345426353e-01
-1.564409412345426631e-01
-1.294763519885704928e-01
-1.523195736939374489e-01
-1.544100435354485434e-01
-1.544100435354485434e-01
-1.545777255217934965e-01
-1.766996286633482627e-01
-1.520206236787600973e-01
-1.520206236787600973e-01
-1.793283505305026115e-01
-2.006745487364257063e-01
-1.492758366399638825e-01
-1.492758366399638825e-01
-2.036705208566056136e-01
-2.241880617780630247e-01
-1.461795033008165545e-01
-1.461795033008165545e-01
-2.275470645936450986e-01
-2.471845710753726999e-01
-1.427361518403497676e-01
-1.427361518403497676e-01
-2.509014807163227334e-01
-2.696092637278431070e-01
-1.389510432903094117e-01
-1.389510432903094117e-01
-2.736780619561006711e-01
-2.914082290231886918e-01
-1.348301970263933169e-01
-1.348301970263933169e-01
-2.958220109527174846e-01
-3.125285859078338335e-01
-1.303804282611447374e-01
-1.303804282611447374e-01
-3.172795590226785700e-01
-3.329186186537024250e-01
-1.256094008332523659e-01
-1.256094008332523659e-01
-3.379980941244190573e-01
-3.525279204597785432e-01
-1.205256908381096281e-01
-1.205256908381096281e-01
-3.579262997803380753e-01
-3.713075444453899365e-01
-1.151388508625580953e-01
-1.151388508625580953e-01
-3.770143022327155369e-01
-3.892101600202613754e-01
-1.094594640231707355e-01
-1.094594640231707355e-01
-3.952138207811595194e-01
-4.061902114866928759e-01
-1.034991697731042215e-01
-1.034991697731042215e-01
-4.124783168368409414e-01
-4.222040765525446604e-01
-9.727067639830351553e-02
-9.727067639830351553e-02
-4.287631431331913046e-01
-4.372102246492896027e-01
-9.078769330288598283e-02
-9.078769330288602446e-02
-4.440256957828785378e-01
-4.511693764382078142e-01
-8.406504685743255989e-02
-8.406504685743253213e-02
-4.582255925361375937e-01
-4.640446643731379606e-01
-7.711814677803859042e-02
-7.711814677803857654e-02
-4.713248305721912668e-01
-4.758017931398991762e-01
-6.996469158308113445e-02
-6.996469158308113445e-02
-4.832881103785583443e-01
-4.864091969130463489e-01
-6.261891220959198145e-02
-6.261891220959198145e-02
-4.940825975829734595e-01
-4.958381851671064822e-01
-5.511055740664429214e-02
-5.511055740664429214e-02
-5.036797382247979460e-01
-5.040630684531692829e-01
-4.742297343239440521e-02
-4.742297343239438440e-02
-5.120493691635803479e-01
-5.110618192960717510e-01
-3.968960510155714050e-02
-3.968960510155714744e-02
-5.191822419242162479e-01
-5.168117170868283816e-01
-3.158539296228262544e-02
-3.158539296228260462e-02
-5.250067748912912169e-01
-5.213149350543119231e-01
-2.411650812658617388e-02
-2.411650812658618082e-02
-5.297028453512852009e-01
-5.245262700895912955e-01
-1.467774701539847557e-02
-1.467774701539848077e-02
-5.325129083469518632e-01
-5.261427702574006382e-01
-9.033513508772048756e-03
-9.033513508772048756e-03
-5.362316860865532497e-01
-5.289666135891420984e-01
-8.675777059433831549e-06
-8.675777059433831549e-06
-5.313907013441955263e-01
