5.251965378710915511e-01
3.527211691424301710e-06
3.527211691424301710e-06
5.322462619273045092e-01
5.250012575910671941e-01
-8.477647480895019599e-03
-8.477647480895019599e-03
5.335966067710057326e-01
5.230571568476293232e-01
-1.684714253860570762e-02
-1.684714253860570762e-02
5.314041015203394558e-01
5.198437688525942013e-01
-2.483444231781941486e-02
-2.483444231781941486e-02
5.281331496988891372e-01
5.153517835821035398e-01
-3.283089101828508966e-02
-3.283089101828508272e-02
5.235661798516784149e-01
5.095981321364487782e-01
-4.072546751448126445e-02
-4.072546751448127139e-02
5.177073742820451629e-01
5.025985783870011714e-01
-4.850642126340950350e-02
-4.850642126340950350e-02
5.105818677804788708e-01
4.943723265049312365e-01
-5.615337997247183549e-02
-5.615337997247183549e-02
5.022079868346074338e-01
4.849419416718064868e-01
-6.364591879938866215e-02
-6.364591879938866215e-02
4.926091957606786309e-01
4.743331152846437804e-01
-7.096490213042346007e-02
-7.096490213042346007e-02
4.818121191505019829e-01
4.625745531826794266e-01
-7.809189883207993954e-02
-7.809189883207993954e-02
4.698464790099959321e-01
4.496978311868670142e-01
-8.500932000416573653e-02
-8.500932000416573653e-02
4.567449308647538730e-01
4.357372495824311520e-01
-9.170046572878931546e-02
-9.170046572878931546e-02
4.425428675537747547e-01
4.207296831734506637e-01
-9.814959723890301357e-02
-9.814959723890301357e-02
4.272782458753336399e-01
4.047144256834893650e-01
-1.043420104811700472e-01
-1.043420104811700472e-01
4.109914202911519876e-01
3.877330290347234532e-01
-1.102640916443685393e-01
-1.102640916443685393e-01
3.937249835539838316e-01
3.698291394052454772e-01
-1.159033430519668673e-01
-1.159033430519668673e-01
3.755236116587484241e-01
3.510483327907510942e-01
-1.212483738357368890e-01
-1.212483738357368890e-01
3.564339095253309386e-01
3.314379525388008729e-01
-1.262888581684790401e-01
-1.262888581684790401e-01
3.365042527804199546e-01
3.110469504127363893e-01
-1.310154715585430396e-01
-1.310154715585430396e-01
3.157846216346963941e-01
2.899257319202837024e-01
-1.354198205210992711e-01
-1.354198205210992711e-01
2.943264264851392364e-01
2.681260065090799172e-01
-1.394943804356541806e-01
-1.394943804356541250e-01
2.721823309007734837e-01
2.457006438541166904e-01
-1.432324498593648687e-01
-1.432324498593648687e-01
2.494060835006504107e-01
2.227035382918354789e-01
-1.466281192614447837e-01
-1.466281192614447837e-01
2.260523723843464172e-01
1.991894836356095377e-01
-1.496762430153727730e-01
-1.496762430153727730e-01
2.021767116428009048e-01
1.752140595364328202e-01
-1.523724008671318297e-01
-1.523724008671318020e-01
1.778353592627228696e-01
1.508335283943343097e-01
-1.547128414426240939e-01
-1.547128414426240939e-01
1.530852531763810254e-01
1.261047395992970221e-01
-1.566944129591870682e-01
-1.566944129591870682e-01
1.279839434448151736e-01
1.010850369579117808e-01
-1.583144979030752519e-01
-1.583144979030752519e-01
1.025894992636022796e-01
7.583216636974396407e-02
-1.595709710818492555e-01
-1.595709710818492555e-01
7.696038141844718794e-02
5.040418369715592845e-02
-1.604621907948200477e-01
-1.604621907948200477e-01
5.115528987071869815e-02
2.485936561198991146e-02
-1.609870153457358122e-01
-1.609870153457358122e-01
2.523301336208810461e-02
-7.438729769707254792e-04
-1.611448223982783201e-01
-1.611448223982783201e-01
-7.476862690630380276e-04
-2.634705334136405036e-02
-1.609355071606679011e-01
-1.609355071606679011e-01
-2.672813265967656851e-02
-5.189170137116842080e-02
-1.603594498088391773e-01
-1.603594498088391773e-01
-5.264973671710002079e-02
-7.731941517518622908e-02
-1.594174649021998513e-01
-1.594174649021998513e-01
-7.845396627656661681e-02
-1.025719370671762387e-01
-1.581107614932777961e-01
-1.581107614932778238e-01
-1.040823217649209237e-01
-1.275912323390817893e-01
-1.564409412345427464e-01
-1.564409412345427464e-01
-1.294763519885704373e-01
-1.523195736939373934e-01
-1.544100435354485157e-01
-1.544100435354485157e-01
-1.545777255217934965e-01
-1.766996286633482904e-01
-1.520206236787600973e-01
-1.520206236787600973e-01
-1.793283505305026670e-01
-2.006745487364255953e-01
-1.492758366399639103e-01
-1.492758366399639103e-01
-2.036705208566055580e-01
-2.241880617780629137e-01
-1.461795033008164435e-01
-1.461795033008164435e-01
-2.275470645936449876e-01
-2.471845710753727277e-01
-1.427361518403497398e-01
-1.427361518403497398e-01
-2.509014807163227334e-01
-2.696092637278431625e-01
-1.389510432903097170e-01
-1.389510432903097170e-01
-2.736780619561006156e-01
-2.914082290231885253e-01
-1.348301970263932892e-01
-1.348301970263932892e-01
-2.958220109527175401e-01
-3.125285859078339445e-01
-1.303804282611446264e-01
-1.303804282611446264e-01
-3.172795590226785145e-01
-3.329186186537024250e-01
-1.256094008332524770e-01
-1.256094008332524770e-01
-3.379980941244189463e-01
-3.525279204597785432e-01
-1.205256908381097114e-01
-1.205256908381097114e-01
-3.579262997803379642e-01
-3.713075444453898255e-01
-1.151388508625580398e-01
-1.151388508625580398e-01
-3.770143022327152593e-01
-3.892101600202611533e-01
-1.094594640231708327e-01
-1.094594640231708327e-01
-3.952138207811595194e-01
-4.061902114866927649e-01
-1.034991697731042493e-01
-1.034991697731042493e-01
-4.124783168368408304e-01
-4.222040765525447159e-01
-9.727067639830357104e-02
-9.727067639830357104e-02
-4.287631431331913601e-01
-4.372102246492894917e-01
-9.078769330288601058e-02
-9.078769330288601058e-02
-4.440256957828784268e-01
-4.511693764382075367e-01
-8.406504685743255989e-02
-8.406504685743255989e-02
-4.582255925361376492e-01
-4.640446643731377940e-01
-7.711814677803859042e-02
-7.711814677803859042e-02
-4.713248305721913223e-01
-4.758017931398991762e-01
-6.996469158308117609e-02
-6.996469158308117609e-02
-4.832881103785582333e-01
-4.864091969130461823e-01
-6.261891220959196758e-02
-6.261891220959196758e-02
-4.940825975829731820e-01
-4.958381851671064267e-01
-5.511055740664427133e-02
-5.511055740664426439e-02
-5.036797382247979460e-01
-5.040630684531691719e-01
-4.742297343239437052e-02
-4.742297343239437052e-02
-5.120493691635799038e-01
-5.110618192960719730e-01
-3.968960510155709887e-02
-3.968960510155709887e-02
-5.191822419242162479e-01
-5.168117170868281596e-01
-3.158539296228262544e-02
-3.158539296228261850e-02
-5.250067748912911059e-01
-5.213149350543117011e-01
-2.411650812658617735e-02
-2.411650812658617735e-02
-5.297028453512849788e-01
-5.245262700895912955e-01
-1.467774701539849291e-02
-1.467774701539849291e-02
-5.325129083469517521e-01
-5.261427702574005272e-01
-9.033513508772031408e-03
-9.033513508772031408e-03
-5.362316860865533608e-01
-5.289666135891423204e-01
-8.675777059429894540e-06
-8.675777059429894540e-06
-5.313907013441956373e-01
