0.000000000000000000e+00
0.000000000000000000e+00
6.773385070381338080e-01
8.289472887787787680e-01
1.334090294753293771e+00
0.000000000000000000e+00
7.443648774583712102e-01
1.453750300921246463e+00
1.660823134575003746e+00
1.989013253340567999e+00
5.504951752589157810e-01
1.069132270857395817e+00
1.756263830436976647e+00
0.000000000000000000e+00
2.586249371524124374e+00
2.304780733920092750e+00
2.663831054160545442e+00
5.548508298855946430e-01
1.088902340891609422e+00
1.789746843639394402e+00
2.394931161497661165e+00
0.000000000000000000e+00
3.582687596748369785e+00
3.191979255477508381e+00
3.481012342677285432e+00
2.719311417118026597e+00
1.974513935114025287e+00
1.595310622525328181e+00
9.311752567636419897e-01
4.740260473572250333e-01
0.000000000000000000e+00
2.978483052900198658e+00
3.359723448728383577e+00
4.110726264219015214e+00
4.311709546153421613e+00
3.595351228436623359e+00
2.716908120164868379e+00
2.205210212806406833e+00
1.645992679410426485e+00
9.037175210943881876e-01
0.000000000000000000e+00
4.467858253273658597e+00
4.034308726017314939e+00
5.093104251998380683e+00
4.721893760701908249e+00
5.296732993908192633e+00
5.046306920797465345e+00
4.699836455989221840e+00
4.421258376820791369e+00
4.366403586383486690e+00
3.467237792614615621e+00
2.849926867895404836e+00
2.528069793895853845e+00
2.064768009682167893e+00
1.317313120695976725e+00
5.796560041987190992e-01
0.000000000000000000e+00
5.036914009426173067e+00
5.720221497209657002e+00
6.259953474988303235e+00
6.183412555288454016e+00
6.066142092549267950e+00
5.217725584204251810e+00
4.846610413050046695e+00
4.105140418382585032e+00
3.327130688183143281e+00
2.785065833053196549e+00
2.024057168656062444e+00
1.009338808811117927e+00
6.695434178107202428e-01
0.000000000000000000e+00
6.063791577078462502e+00
6.245892073923951848e+00
5.388348436214362103e+00
7.017774070873781689e+00
7.171127481416959881e+00
6.967483616262586388e+00
7.253788513775892177e+00
6.749005632463356719e+00
6.068142638050776583e+00
5.879523833383548670e+00
5.431748612323214154e+00
4.748926652700709461e+00
4.056128413890630391e+00
3.558988979231080929e+00
2.902218791881156612e+00
2.700276409274894096e+00
2.014962318121761076e+00
1.342398562133632733e+00
7.017139638183529371e+00
6.578218621126568522e+00
8.111824666534534600e+00
7.768612825974082092e+00
6.759824728144999462e+00
6.149966404112803708e+00
6.079789758528171717e+00
5.353583130412360447e+00
4.674477486215083744e+00
4.061428825962577704e+00
3.379224655356357854e+00
7.957211223269603728e+00
8.001226845224689299e+00
7.836649000477025062e+00
7.440548513779913442e+00
8.826518870981857390e+00
8.845798901527089697e+00
9.129746808392468438e+00
8.765775738466398792e+00
8.108663356420654722e+00
8.706317535921874295e+00
8.391260561049120881e+00
7.924752988200665982e+00
7.311338623546121518e+00
6.983706726181118540e+00
6.772097935760187148e+00
6.074396276995289057e+00
5.396380853895252905e+00
4.731951107737772944e+00
9.546568073182932324e+00
9.789778310097691616e+00
9.078173743268642681e+00
8.827123151981238536e+00
8.572149521493185986e+00
9.935400978329242960e+00
1.000068186680495508e+01
9.594015158352425132e+00
9.445628743095442204e+00
8.760922820044607207e+00
7.780998140379644212e+00
7.442437151256390493e+00
1.031122856010976996e+01
1.076885474443540325e+01
1.046478706998908415e+01
1.067272799467213495e+01
1.012189948495473324e+01
1.012280186379373603e+01
9.442711806153420540e+00
1.078973318156470640e+01
1.054563445687706924e+01
9.804135585278981324e+00
9.712472135842833865e+00
9.454549042356086730e+00
8.789422787110668267e+00
8.111806073666020467e+00
1.126174960881628628e+01
1.138422854500715964e+01
1.104229096230528739e+01
1.147425026667265868e+01
1.078541528757900103e+01
1.080109694879983806e+01
1.187864128062583191e+01
1.124872184513605511e+01
1.044330102362898671e+01
1.041134032485854988e+01
1.010265584874675859e+01
1.197002157685813728e+01
1.170125349603251053e+01
1.215392244970002089e+01
1.263141086027683002e+01
1.215640953735996277e+01
1.148568851182747430e+01
1.270207179389073282e+01
1.249426526824537831e+01
1.189150084119970252e+01
1.156575690608470097e+01
1.111641630917682555e+01
1.077616533531709031e+01
1.276705208162760030e+01
1.350597824780853884e+01
1.335624712564924010e+01
1.336435376604563530e+01
1.249642993797502299e+01
1.269692517527558806e+01
1.211529492628397264e+01
1.145684206191557308e+01
1.238409039795065780e+01
1.281175370804557012e+01
1.333311551035879461e+01
1.281596476104211035e+01
1.307528940062361578e+01
1.403194719357381892e+01
1.421259669656487823e+01
1.395939134580991947e+01
1.445687313751206915e+01
1.399595147244790461e+01
1.358604696027411052e+01
1.345347913253654326e+01
1.278428563269322282e+01
1.350304054279467003e+01
1.437013292819736954e+01
1.418586948751283394e+01
1.350622702772099615e+01
1.408732488912017722e+01
1.474649190951318545e+01
1.492360830247475434e+01
1.471894624254475659e+01
1.537436630916968383e+01
1.494396874140062614e+01
1.483457543205401130e+01
1.429127464945622705e+01
1.411934620675083174e+01
1.533789259444908204e+01
1.487261587841556576e+01
1.488597230877999245e+01
1.556915648715998124e+01
1.573630177202599256e+01
1.623145535032820419e+01
1.632321829497682231e+01
1.560101732143048636e+01
1.585234728140138927e+01
1.628743932164559993e+01
1.573649311896391012e+01
1.591846831077263325e+01
1.554689455771600848e+01
1.483092755663187745e+01
1.632715869553595311e+01
1.673441064076471108e+01
1.722808309078681077e+01
1.720019300329026990e+01
1.663251487810388340e+01
1.646642065318842185e+01
1.686506700719842655e+01
1.720289925920030782e+01
1.704102553992309410e+01
1.703816754908800135e+01
1.631551231640522204e+01
1.631729816849115977e+01
1.624722704557400732e+01
1.553724253951473067e+01
1.755886267733280093e+01
1.764481644995401055e+01
1.777581870808807452e+01
1.815927363267153538e+01
1.748184599673582440e+01
1.704815885014266996e+01
1.696972287230851606e+01
1.777137898533938909e+01
1.778766720659096023e+01
1.777021199039942445e+01
1.850164290461808747e+01
1.861592959020894966e+01
1.840034716004890214e+01
1.850163071154341310e+01
1.849383775411306630e+01
1.846579980313251212e+01
1.845689804513091659e+01
1.874311186909838867e+01
1.923114083956305365e+01
1.823231440085027799e+01
1.769910335435672621e+01
1.933576343750223359e+01
1.935203457963748619e+01
1.927968532548684877e+01
1.963436854729081205e+01
1.946843878597925581e+01
1.991969779158156229e+01
2.029626632140827525e+01
1.959717904759470031e+01
1.888365092375300591e+01
1.844805386431269412e+01
1.923142314340600834e+01
1.925519869551603236e+01
1.924557174086565681e+01
2.002016578741482178e+01
2.000844036088369293e+01
2.001519592934230829e+01
1.999871787079777263e+01
2.011829309447266212e+01
2.013936821679232025e+01
2.056762543425964651e+01
2.021956088052722578e+01
2.077913880077254305e+01
2.140992954106860324e+01
2.074584891739829473e+01
1.996610628333836601e+01
1.919566073988054100e+01
2.078110789699283600e+01
2.084902603812806987e+01
2.082623208087604283e+01
2.153670602034638293e+01
2.124944444066705884e+01
2.213243803196177595e+01
2.227730348116785208e+01
2.152176617909157841e+01
2.076871849729445074e+01
2.075689128541273121e+01
2.160850513266660400e+01
2.156853536408824823e+01
2.237665542440808153e+01
2.260937760157442966e+01
2.342076595520196847e+01
2.314243444055775356e+01
2.231962901241152153e+01
2.156364525074047123e+01
2.155013282075777070e+01
2.153563996742488484e+01
2.193528607652076090e+01
2.237672480840512179e+01
2.235154553814671630e+01
2.234064308622198780e+01
2.232790118508182786e+01
2.242125722287436318e+01
2.328853474491251063e+01
2.354216832555610850e+01
2.413160710135730014e+01
2.444321015080189241e+01
2.448935815261804194e+01
2.381951130651955850e+01
2.392700165416367497e+01
2.310858914338528081e+01
2.316199396645041375e+01
2.328662022620945393e+01
2.416899838258041200e+01
2.438886543834599863e+01
2.539025836198851849e+01
2.553839379895375572e+01
2.554161470073846019e+01
2.473093406492979796e+01
2.315838157487207027e+01
2.313843923989712792e+01
2.311599337668332765e+01
2.402662204185789108e+01
2.395779003176266642e+01
2.428293650764884504e+01
2.392022306851211866e+01
2.537888239148921343e+01
2.580683191711850100e+01
2.497513384393692704e+01
2.610043331790293308e+01
2.660951193570745588e+01
2.662698606366168264e+01
2.637134301593263430e+01
2.554677692305579484e+01
2.626054586348817566e+01
2.486812714161551696e+01
2.514243476096282492e+01
2.615426721125094289e+01
2.644335045836508513e+01
2.678499733126274762e+01
2.694156961851092191e+01
2.760512188201330019e+01
2.803306543133044570e+01
2.758324466274324749e+01
2.714590646679468833e+01
2.474301276712948905e+01
2.636837519849803968e+01
2.552763257127439545e+01
2.706253917012725552e+01
2.744164537333588783e+01
2.779388877990831475e+01
2.782192057639386462e+01
2.868896917945829372e+01
2.928620557974637606e+01
2.864759108039070767e+01
2.791521357419106764e+01
2.837471121282484177e+01
2.632880093151630874e+01
2.713864408484501922e+01
2.741456698200787301e+01
2.763290843612227121e+01
2.786737643621796323e+01
2.844778841791378454e+01
2.892160519095643423e+01
2.981824392407203916e+01
2.958183876619189334e+01
3.017959819080458317e+01
3.050791433080587112e+01
2.943459241204966403e+01
2.865714431436113685e+01
2.792221387005583466e+01
2.819973158856762296e+01
2.876415960258159643e+01
2.903912451512859150e+01
2.986229548959009250e+01
3.092616652256198151e+01
3.048042285529773210e+01
3.135888430225755386e+01
3.163867389373011818e+01
3.113311625608276856e+01
3.023629205039775769e+01
3.003443104168925970e+01
2.936059731012931096e+01
2.867059945141431143e+01
2.954266045071906532e+01
3.004442055786395471e+01
3.074835507964252912e+01
3.220065777383486250e+01
3.140969152609712012e+01
3.224062483418874336e+01
3.232784458806906258e+01
3.237743647051784990e+01
3.233373001910555189e+01
3.204688198911883745e+01
3.122180506850773085e+01
3.065121932458045251e+01
2.944939089755566997e+01
3.007012558327759777e+01
3.030216334176191495e+01
3.092229099635582301e+01
3.182071816098522987e+01
3.279993219889973233e+01
3.307076697568884782e+01
3.311235479530819958e+01
3.276305236436604673e+01
3.273647153035553714e+01
3.311287745988334308e+01
3.277160662773708566e+01
3.249394660917265298e+01
3.263219012606670333e+01
3.285646809069269381e+01
3.230461315256960830e+01
3.168942854665310804e+01
3.079049038691863416e+01
3.168380929604096252e+01
3.169890478581149296e+01
3.214014584020468845e+01
3.269540211007016239e+01
3.319869131320093913e+01
3.332442571901437134e+01
3.349048118662935991e+01
3.358964888296548423e+01
3.319167915385075673e+01
3.353825724461486857e+01
3.315147072027471609e+01
3.305240956269608432e+01
3.297811869084417680e+01
3.339258668660065865e+01
3.366391194541352405e+01
3.284761049138788280e+01
3.065969109500747791e+01
3.140551000519656100e+01
3.124831729231160793e+01
3.205983241762746871e+01
3.248578562279513449e+01
3.300082570581449204e+01
3.342707021254425825e+01
3.364880224987614099e+01
3.375817521762130013e+01
3.396415618687309745e+01
3.389665581040552667e+01
3.350917531772648061e+01
3.337358801818928811e+01
3.320394395214952965e+01
3.251135261103431873e+01
3.275623345019328525e+01
3.212580464312488004e+01
3.401501640932901438e+01
3.464721916690771053e+01
3.367681699163267695e+01
3.214618974749680547e+01
3.252202546532609517e+01
3.183600986709315350e+01
3.239764615249903557e+01
3.272689542149561959e+01
3.259760555907741519e+01
3.292793066706244787e+01
3.339228804047343147e+01
3.297724526202814843e+01
3.254196986634131150e+01
3.374267620308105364e+01
3.393173697204986183e+01
3.418147322528226084e+01
3.408220601349700729e+01
3.387319492680603616e+01
3.361106708257549514e+01
3.302712596719817384e+01
3.325254933291436288e+01
3.208547282035248571e+01
3.165769971513952541e+01
3.069818504029418804e+01
3.171663746371487136e+01
3.230216478745577291e+01
3.366865671260678994e+01
3.574355974180657114e+01
3.640225510224870220e+01
3.575917475241083565e+01
3.455682814060507013e+01
3.101467260896482259e+01
3.337136851608433830e+01
3.317566637594444501e+01
3.312273169025097275e+01
3.364960364439748020e+01
3.395717993158324077e+01
3.408785379134580751e+01
3.394092619996552429e+01
3.323683608665138678e+01
3.148216385835813114e+01
3.054529579042001330e+01
3.017984946741216845e+01
2.948444405014254244e+01
2.965473738325473363e+01
3.159557906245048287e+01
3.383081662505938425e+01
3.483169867726736868e+01
3.707810065228333229e+01
3.766750864626996531e+01
3.806462001095025016e+01
3.709804390450010203e+01
3.296329011341673976e+01
3.377436422999183918e+01
3.295868641782659836e+01
3.408742760041506870e+01
3.395266536850413530e+01
3.300206375377860724e+01
3.356760825935181458e+01
3.251478910807613687e+01
3.335084653649787612e+01
3.335077491359987079e+01
3.369827795368317425e+01
3.255633833437880753e+01
3.196086267508080070e+01
3.078813144437626548e+01
2.992087066500068104e+01
2.983789427005869399e+01
2.772216953603820144e+01
2.902932327976321858e+01
2.912740872525932190e+01
2.841522651505350083e+01
2.872950576755264507e+01
2.992318648357480271e+01
3.115295486336614417e+01
3.259644322652775372e+01
3.367393058986251475e+01
3.465528638563608155e+01
3.519518847612307155e+01
3.564895384979360671e+01
3.683478734339251304e+01
3.798296931766620332e+01
3.851479997386223886e+01
3.985292769981872141e+01
3.990126612786926330e+01
4.010961677310315565e+01
3.830827646037936063e+01
3.427601688958575465e+01
3.514562524071596528e+01
3.488299601925016447e+01
3.197199181000953772e+01
3.188571274486492513e+01
3.286857272771793248e+01
3.246473716525940745e+01
3.123600551254050828e+01
3.034098838278439558e+01
2.917594002455358293e+01
2.771951187539983863e+01
2.752167405096046338e+01
2.586785724341046588e+01
2.362286690540959100e+01
2.721272288409721085e+01
2.754377068970035580e+01
2.743579970007108315e+01
2.778130408973631660e+01
2.955607639338149539e+01
3.035159055349226520e+01
3.121432337128911172e+01
3.180321704809704997e+01
3.244043612587333314e+01
3.357770667701135636e+01
3.465676864987825923e+01
3.563251269202578442e+01
3.611663889755353551e+01
3.653004555354540628e+01
3.779476614425387027e+01
3.897145480106171789e+01
3.952457323592220462e+01
4.067174433862737004e+01
4.139595037209035411e+01
4.108214097302107604e+01
4.192965050834781238e+01
4.198926872129970178e+01
4.140190691891943686e+01
3.955039418868761913e+01
3.160333702261045374e+01
3.620581963342180387e+01
3.659764260242639722e+01
3.630897620025006489e+01
3.287817755488202209e+01
3.101300421763569659e+01
3.063629968594996456e+01
2.811829675822002628e+01
3.023735786350778909e+01
2.729110129828301368e+01
2.304147978394399132e+01
2.608082775923156760e+01
2.566146021894110163e+01
2.391130983439920143e+01
1.969760700750416405e+01
2.075079490673283900e+01
2.703732363999619182e+01
2.802444308718671095e+01
2.938701650451202951e+01
3.064370508104109447e+01
3.155158111747944716e+01
3.201686102533212619e+01
3.249075545003870502e+01
3.302893304349492354e+01
3.368803813778949774e+01
3.417983670305884658e+01
3.516803070453111957e+01
3.572133128609900865e+01
3.617521523638252035e+01
3.642351265957474737e+01
3.677855602145109515e+01
3.742523724712540911e+01
3.834328320980574034e+01
3.914042207200477463e+01
3.940696572328420899e+01
4.032278128060683997e+01
4.143324403277119927e+01
4.199991234348026126e+01
4.221754976812967186e+01
4.240787294726367662e+01
4.127975744340236730e+01
4.263275995558811360e+01
4.470167652846386375e+01
4.348581412734787932e+01
2.505786257527136840e+01
3.865067610701228062e+01
3.875937586156562986e+01
3.782187848820130682e+01
3.726623842092488559e+01
3.817892668757693286e+01
3.486233307378567048e+01
3.375213649250807180e+01
3.244967141876477257e+01
3.153126778407668240e+01
2.996002518244465662e+01
2.879781784965931735e+01
2.294889559871927887e+01
1.920431712452246131e+01
2.401664570522037323e+01
2.081332409539290396e+01
2.081469065153998699e+01
2.071787707664138622e+01
1.739423957942362620e+01
1.333899888839512826e+01
2.979492889916735976e+01
2.346521305421851977e+01
2.926452607136931050e+01
2.975104431331962829e+01
2.985037391973971310e+01
3.339787319779055963e+01
3.108999519965889391e+01
3.221406541597465178e+01
3.276389482824800581e+01
3.260685526393741185e+01
3.318258372401393785e+01
3.389424101367882969e+01
3.433428594065898665e+01
3.476112449096406465e+01
3.532183066068699873e+01
3.590735761693559880e+01
3.632253443672313153e+01
3.672621541818500646e+01
3.689866552455643500e+01
3.707771773889525235e+01
3.772141870742959924e+01
3.802910852050957402e+01
3.845205030964351067e+01
3.884285595432122307e+01
3.938486631533652371e+01
3.962499046567695871e+01
3.987433813789601089e+01
4.072082552625352747e+01
4.127572977176842528e+01
4.177056565872239702e+01
4.209893703661144571e+01
4.258590777515409087e+01
4.245877809780747469e+01
4.262725863617377797e+01
4.268507002076390222e+01
4.213231471165926223e+01
4.165119103723763772e+01
4.036792404364435782e+01
3.941858569941415880e+01
4.016534986430298204e+01
4.174847642768258282e+01
4.794920015778991029e+01
4.648717691674697505e+01
4.101423790148770365e+01
4.158346873337799821e+01
4.074594698908293822e+01
3.919997750483076260e+01
3.854515225609084439e+01
3.751139599094042865e+01
3.651821087892286499e+01
3.567081449673568017e+01
3.424459381354945720e+01
3.264460527852293836e+01
3.143908119634617293e+01
3.031921864409253331e+01
3.020415053127123173e+01
3.915324948466879817e+01
3.014967160819538705e+01
3.224686609896024692e+01
1.413080464697735650e+01
1.767359358745699538e+01
2.066484633689303507e+01
1.961431344244281760e+01
1.933631841084939751e+01
3.333195916253934143e+01
3.444257415799868483e+01
3.494045891592872977e+01
3.483769903623307584e+01
3.542831865391725188e+01
3.640959557457112084e+01
3.688759491026844017e+01
3.679735501509382090e+01
3.723777867318231216e+01
3.778500050923685905e+01
3.817924393740559452e+01
3.857303324781950238e+01
3.900076157877897032e+01
3.741241329263979054e+01
3.981338628369709909e+01
4.012421428934446510e+01
3.998085893232737220e+01
4.032138902556881987e+01
4.052122354522719405e+01
4.110341743129365000e+01
4.168789503974976185e+01
4.218298124505744795e+01
4.241503146035127969e+01
4.263870912490922649e+01
4.279885137592764721e+01
4.279833282105478531e+01
4.288435637051306770e+01
4.277117097559938230e+01
4.238777484434194776e+01
4.234662023229506644e+01
4.192402105494339537e+01
4.138696569349684040e+01
4.109029841279026130e+01
3.942774292279774073e+01
3.746390398961420942e+01
3.460955398111141079e+01
3.610026365041969143e+01
3.842543428730616739e+01
5.272188632823193899e+01
5.139506359785306699e+01
4.317229335098969756e+01
4.263326822248789227e+01
4.061385961942681888e+01
4.217944759065957072e+01
4.213432377610195800e+01
4.132599777378947437e+01
4.043375536856726171e+01
3.981144328255174258e+01
3.881765154955873953e+01
3.769835373100473674e+01
3.674760699811604070e+01
3.634730234900580115e+01
3.597661737494574652e+01
3.489172728888845398e+01
3.528484325312140868e+01
4.323524447485313260e+01
3.373597215253677462e+01
3.293040455743294359e+01
3.200964493768064045e+01
3.162511661872597202e+01
3.112898061884761702e+01
3.026168161159043635e+01
2.992358060954012089e+01
1.934836170410720158e+01
3.734113377778578524e+01
4.047512801907544144e+01
4.080849634312340157e+01
4.094768665885361258e+01
4.158556533264503230e+01
4.212086159604655222e+01
4.190664052183121413e+01
4.134802160570559693e+01
4.236233520292751109e+01
4.247415607326159659e+01
4.269944002846760611e+01
4.284731933061894438e+01
4.296518319405181074e+01
4.292340420747645879e+01
4.310076488551465701e+01
4.300634914992175339e+01
4.291553093963374721e+01
4.277209458259182639e+01
4.275723737704866068e+01
4.280921276639833195e+01
4.226477626236284380e+01
4.173688156526380766e+01
4.107717477466995604e+01
4.027367006866474242e+01
3.986304435052451822e+01
3.893538208682997492e+01
3.833055552560701074e+01
3.674123599704878984e+01
3.532621007345290565e+01
3.439951753741882357e+01
3.420042199945174843e+01
3.190322988055754649e+01
2.927562860406774092e+01
3.073468999529609036e+01
3.118466306736286597e+01
3.627413323055154137e+01
4.807068661607475946e+01
5.494394623791298926e+01
6.084123713534241773e+01
5.782884006299635615e+01
4.406290369974681909e+01
4.391021048118170711e+01
4.376163990138800131e+01
4.400044356198916518e+01
4.333190717901382527e+01
4.335428178086654327e+01
4.268044544641703908e+01
4.187599046194453223e+01
4.090643858191986482e+01
4.084724355947822971e+01
4.028594399845636076e+01
3.997944751164897070e+01
3.947216393407123292e+01
3.840219885663174182e+01
3.800433452806495893e+01
3.700546709318958705e+01
3.734966395128355998e+01
4.448254492475627586e+01
4.421638509603797473e+01
4.216211374722716698e+01
3.669982118358007028e+01
3.636765405510387694e+01
3.560068770323144349e+01
3.507807637245068122e+01
3.453879869993474472e+01
3.413323415345534784e+01
3.334543110669103783e+01
3.249859562430156501e+01
3.172868949913396008e+01
3.129412834578528901e+01
4.112972095309525145e+01
4.121445560718781564e+01
4.153283960952450826e+01
4.181929754294426260e+01
4.204411531230103094e+01
4.232553146732619354e+01
4.255620276881908381e+01
4.264019743296172038e+01
4.278227913969700325e+01
4.293553249800225302e+01
4.307577482611615949e+01
4.317024531940878518e+01
4.342952738288315118e+01
4.327773351086256071e+01
4.311213278757131206e+01
4.300159137919232677e+01
4.308444572778864767e+01
4.320691599554681517e+01
4.296159298392087322e+01
4.307096242597729940e+01
4.258963282193181499e+01
4.222269298444557961e+01
4.194089253789575622e+01
4.155329938444540971e+01
4.080919667477171942e+01
4.009443401845853572e+01
3.935409657576966680e+01
3.912270670498416081e+01
3.866814099165044638e+01
3.779406636768175787e+01
3.692077408126903038e+01
3.522021297701541442e+01
3.452267641758215433e+01
3.369427774211789739e+01
3.279008393014721179e+01
3.192670293552389893e+01
3.045363714380078335e+01
2.817812251158069259e+01
2.581513862039907181e+01
2.579042335948495435e+01
2.413027607750327164e+01
2.915720525376889327e+01
4.243841565033489616e+01
5.949403338540805919e+01
7.194078210095746329e+01
7.166071547635969807e+01
6.523534584004579528e+01
4.216150715176188157e+01
4.184011902090322366e+01
4.347695013233288108e+01
4.778819109229315387e+01
4.739309008325053441e+01
4.440824994361786082e+01
4.419117367247156380e+01
4.402767656089863380e+01
4.356982937244845999e+01
4.308025217249166161e+01
4.271395787056773230e+01
4.229881443594269541e+01
4.184089743947296114e+01
4.182232699432950085e+01
4.133189026573648306e+01
4.077608891870534791e+01
4.045054006553937853e+01
4.016798557991659635e+01
3.962715809325347038e+01
3.910160466462548357e+01
3.873006164746789182e+01
3.835529484703182135e+01
3.765702701346237546e+01
3.737791756692348599e+01
3.717617849848261358e+01
4.390454538595613343e+01
3.688063785018283625e+01
3.583819683615990925e+01
3.530154846341346797e+01
3.475878344332412695e+01
3.422925451467401103e+01
3.378400914652696940e+01
3.317192657409493250e+01
3.305169382347042983e+01
3.245599684845323196e+01
4.146562922487590441e+01
4.178494256957823438e+01
4.231649024661294334e+01
4.254048515571409439e+01
4.255495230415456831e+01
4.275593552654407858e+01
4.291832592511458699e+01
4.307966055542898687e+01
4.321912102028666425e+01
4.334850384488839126e+01
4.350361460162020677e+01
4.350251449370856704e+01
4.329279492151437125e+01
4.325927694488005670e+01
4.343933253588575383e+01
4.335995309389812036e+01
4.187234033833750146e+01
4.142735685349072838e+01
4.067564574498636176e+01
3.991439394956499598e+01
3.952730714346709817e+01
3.915355664255520196e+01
3.818184124381173916e+01
3.722518295722970549e+01
3.625173780806098733e+01
3.557955177498644161e+01
3.504114026536039006e+01
3.427316887666338374e+01
3.335503510290881479e+01
3.285021547279379917e+01
3.246833093156573113e+01
3.111788308192422292e+01
3.149537067747806773e+01
3.009567023327126023e+01
2.800456289483988925e+01
2.473328268680966247e+01
2.118974748772872374e+01
2.190627261836915807e+01
1.671012199861082337e+01
1.513044203104647600e+01
1.966172517579929746e+01
2.676389887286699931e+01
3.295505279722597436e+01
4.093722911486099036e+01
5.119663679664189004e+01
5.973842870458126697e+01
7.038644582841047281e+01
7.943898197135672490e+01
7.745016846817685519e+01
7.656087009814221744e+01
3.991028580074923582e+01
3.573853760531715551e+01
4.125178144920405998e+01
4.848941778844805839e+01
4.995017511314365066e+01
5.358174504987450604e+01
5.162937848008594699e+01
4.146540926774083147e+01
4.243256900338494830e+01
4.340605366838604340e+01
4.435256816662577251e+01
4.447487553759231815e+01
4.459244675890681719e+01
4.454140731221360738e+01
4.458796247839226368e+01
4.424752555820338529e+01
4.377927861136959820e+01
4.330255176891900959e+01
4.311518255196559579e+01
4.293763643011440934e+01
4.248178935042661664e+01
4.227323441259802905e+01
4.203561735298028168e+01
4.183387538432404540e+01
4.128448080882198212e+01
4.098251238533634933e+01
4.086953336871489029e+01
3.994208259580315001e+01
4.057240514095961714e+01
3.973959890043855125e+01
3.929080428570743067e+01
3.917717957684699570e+01
3.882691444346085774e+01
3.785826481876564742e+01
3.365952650830036674e+01
4.278739293286919576e+01
4.350988494163271270e+01
4.096147586968538690e+01
4.039744333493593587e+01
4.013248290978472710e+01
3.982853580410127847e+01
3.848397239606297404e+01
3.770227433347407242e+01
3.743743302123939287e+01
3.662703681894777930e+01
3.602578986435428732e+01
3.542086789389397694e+01
3.483876354516110041e+01
3.391828672478537499e+01
3.297655180907444361e+01
3.248989826532743308e+01
3.199017583458330094e+01
3.069845411943308378e+01
2.922431182717752307e+01
2.968389631475463375e+01
3.155812420529798601e+01
2.827691485221852474e+01
2.681257417462604309e+01
2.545252589013127675e+01
2.046319562600842801e+01
1.906601099376782216e+01
1.170318619794138471e+01
1.182456898205533768e+01
1.092690441565791382e+01
1.078140636706277000e+01
1.333842584989626623e+01
2.431623322322817060e+01
1.854648507908959232e+01
1.704758438873305337e+01
3.517866869945509478e+01
5.525544214252958142e+01
6.217580545109607471e+01
6.864780491182966671e+01
8.245282279168766593e+01
8.740221748542175817e+01
8.144616247709191725e+01
7.964472918387519940e+01
7.908650019406073284e+01
3.631741140169241788e+01
3.671750322963188040e+01
3.883835583738474639e+01
4.051529101363595231e+01
4.179942408274551013e+01
4.275910657166406992e+01
4.378727346799349363e+01
4.427022755488616212e+01
4.460973931201397136e+01
4.460725871944180909e+01
4.466640603543105215e+01
4.475952165850378606e+01
4.475591578002212145e+01
4.477093302265770092e+01
4.479376185215163275e+01
4.445794774839545482e+01
4.410145908705921869e+01
4.399021442311991592e+01
4.348636248596500309e+01
4.334355527225057614e+01
4.318763000002115149e+01
4.271099233172509457e+01
4.224902283160495386e+01
4.206355142504698108e+01
4.181157658826542445e+01
4.140476412609981338e+01
3.495374804982714778e+01
3.338506645605258427e+01
3.357033583203619287e+01
3.450711075817847018e+01
3.938662541269762585e+01
5.324764009579942581e+01
5.922567956143885226e+01
4.453888225213398044e+01
4.362103641673978416e+01
3.691750475184839786e+01
3.528618371507200635e+01
3.449668356446998274e+01
3.469211971821852813e+01
3.561088971322954677e+01
3.375237550358944105e+01
3.326547540996326546e+01
3.259036344319882517e+01
3.211424707212410112e+01
3.164724711359845699e+01
3.112700242228946479e+01
3.050716161256546854e+01
2.989900795649357335e+01
2.949494649804851676e+01
2.861991637549126821e+01
2.660441767397826140e+01
2.431739370907241948e+01
2.226108841417153528e+01
1.935765663437917183e+01
1.710805393734326429e+01
1.391878877318141683e+01
8.080231963941610474e+00
7.899578068724126823e+00
4.974953574962272640e+00
7.386395472656029249e+00
1.560682665486706533e+01
2.529409250000831832e+01
2.366123363524155465e+01
3.966829714823303021e+01
5.560643727387348889e+01
6.735543151424678854e+01
7.681351794642344544e+01
7.624450409249078575e+01
9.386233875124396775e+01
9.997075439878581449e+01
8.845511055978268189e+01
8.500713968322072844e+01
8.097427898228667686e+01
8.017842913109421943e+01
3.382611686186173472e+01
3.537641041768381456e+01
3.594862634265933821e+01
3.641765453744682191e+01
3.729369292045995365e+01
3.833234895496526207e+01
3.976733073361555881e+01
4.117124915585434053e+01
4.147701546622597846e+01
4.253159209055295520e+01
4.326659407895871112e+01
4.418694966746939912e+01
4.350306173802533749e+01
4.016519166720431144e+01
4.488354745413672475e+01
4.491780666139361244e+01
4.499769390700246419e+01
4.459456483545304195e+01
4.483348831220683905e+01
4.500441878147206864e+01
4.497084077132546298e+01
4.503178701980748144e+01
4.507538171071774258e+01
4.475006402673215433e+01
4.456989632390976652e+01
4.438235828594345378e+01
4.428238224718868565e+01
4.386081886370954663e+01
4.376915273374914506e+01
4.360948798745882726e+01
4.486915114233011792e+01
4.348488065710792227e+01
4.285581614162719433e+01
4.251082733255250901e+01
4.238003987103338943e+01
4.216952529047727438e+01
3.232606889638660164e+01
3.035145706781582220e+01
3.015989593366984067e+01
3.022147029106380600e+01
3.194495578978391137e+01
3.312931983733851382e+01
3.754041797926578994e+01
4.922860098523902650e+01
6.170133601522783096e+01
6.159668788829753794e+01
6.692525712356703593e+01
3.511331478839867515e+01
3.482221087187172515e+01
3.433155292020312999e+01
3.404914974054035781e+01
3.354003395382499519e+01
3.287459854060521991e+01
3.215449881037994828e+01
3.168417840905649285e+01
3.127045995663055322e+01
3.085319631197298307e+01
3.045112192271264107e+01
3.006889380626701680e+01
2.988993015335013581e+01
2.979466246154164821e+01
2.975082514260110855e+01
2.980156250829531572e+01
2.953670687143628726e+01
2.953861432836062662e+01
2.850183167599434242e+01
5.051829700645500409e+00
1.137630793650849270e+01
1.713148342066548580e+01
2.242696809204644737e+01
2.753298501792814079e+01
3.902029658062698303e+01
6.130280439100947376e+01
7.571154860747830639e+01
8.878381969608953739e+01
9.115618495043153757e+01
1.052098668073495844e+02
1.083252467693137078e+02
1.177262664335105598e+02
1.044695460527075426e+02
9.767723226497234634e+01
9.301100638180254521e+01
8.037534107137109629e+01
3.368562553199882359e+01
3.451530856214068876e+01
3.505542442687228544e+01
3.555990430810292935e+01
3.605436892894120859e+01
3.697493310579158532e+01
3.786014017312666624e+01
3.885127427990676097e+01
3.940183327232930566e+01
4.017783032251087860e+01
4.089211070076644461e+01
4.200779745149863231e+01
4.213168128667888368e+01
4.234441858085510546e+01
4.314773423861581847e+01
4.395622778498157857e+01
4.405339609339266360e+01
4.459270539468525385e+01
4.435295604017061066e+01
3.215181573137680004e+01
3.115040660594541322e+01
2.972798090362410761e+01
2.814618042722123548e+01
2.717421197831913915e+01
2.766411746175451469e+01
2.726452574303901599e+01
2.700464756252271670e+01
3.138087650439512188e+01
4.270391784109658317e+01
6.319545448821502731e+01
7.503625253744493762e+01
7.396874891888278114e+01
6.921117224231811349e+01
4.503486431944409674e+01
4.524650165913558908e+01
4.513767547573679195e+01
4.511424420964528537e+01
4.534003994369308543e+01
4.514064155321737104e+01
4.528300979857039721e+01
4.510040162939686326e+01
4.482201129893899605e+01
4.519381778406540917e+01
4.490700152974384451e+01
4.472672279859812505e+01
4.451607711027336478e+01
4.401992950734553034e+01
3.464775219496463166e+01
3.415458004026475436e+01
3.385182556901173001e+01
3.336465556958018652e+01
3.315311564218129092e+01
3.267254515912923551e+01
3.164745533870376448e+01
3.121641353504892891e+01
3.084503242264355549e+01
3.046189832848518364e+01
3.011066147228099510e+01
2.994765051047225057e+01
2.982099849298732153e+01
2.980908626519902427e+01
2.989438968003014452e+01
2.984867004140049218e+01
2.993317844462690047e+01
3.003825599017272197e+01
2.999696430849966333e+01
1.450406712568087997e+01
2.229556714734805922e+01
3.229809962129376544e+01
3.993797739125253088e+01
5.011526523885662243e+01
6.146365701862398367e+01
7.801463062228195611e+01
8.813427833810877132e+01
9.661014046994586124e+01
1.083826863098464770e+02
1.194634088072078129e+02
1.219242021233775120e+02
1.265800662878545211e+02
1.220618233158427159e+02
1.095857249138200729e+02
1.020755396867611751e+02
9.914183785404500782e+01
9.857587196086751646e+01
3.352450075625802839e+01
3.421903737792351308e+01
3.473086122445884172e+01
3.520672393491673802e+01
3.569137948661936832e+01
3.633267139353456798e+01
3.681335093151333382e+01
3.755896516882159375e+01
3.770776968084527425e+01
3.844951709430772979e+01
3.907246055078358182e+01
3.990937848554094813e+01
4.066644975812584306e+01
4.141203196775619944e+01
4.260823156175283088e+01
4.311317192368881734e+01
4.268056064405477201e+01
4.359934745866415540e+01
4.430335385159131789e+01
3.255161542845386435e+01
3.170356350607651308e+01
2.968922678699178164e+01
2.753063220933185917e+01
2.524211694639088321e+01
2.363239377860962165e+01
2.436436761078769919e+01
2.491167699565973592e+01
1.933365607487300153e+01
2.316036593349903328e+01
3.289155970599070145e+01
4.079893178236050488e+01
5.429402850575820594e+01
7.235252260165859184e+01
8.268743853496391694e+01
8.030770391453374657e+01
7.957047673516565567e+01
3.289397363252140138e+01
4.531273649182422503e+01
4.532800103441360307e+01
3.366232937481143495e+01
3.116022465115773699e+01
3.078077298170182985e+01
3.039203525036764120e+01
3.026264192660284991e+01
2.997064430982462468e+01
2.964724637836255638e+01
2.881765543114872941e+01
2.930682354074415841e+01
2.974733301074464364e+01
2.985515914373726787e+01
2.998202902350478993e+01
3.003194060363598084e+01
5.607671621235486725e+01
6.777213797231628689e+01
8.224804345096781333e+01
9.597508969564178472e+01
1.014358681117316792e+02
1.080661457465953674e+02
1.172960520219386495e+02
1.291737997766050228e+02
1.320829344469836428e+02
1.348471764923228591e+02
1.275627269110294151e+02
1.191491171722007039e+02
1.072898428950305458e+02
9.777978396085021018e+01
9.207693623737471000e+01
8.935183201958298582e+01
9.538196926902028849e+01
3.394900499382045211e+01
3.437311259993185075e+01
3.479929068436328521e+01
3.528607249787120281e+01
3.597792428633533035e+01
3.662847083482078148e+01
3.709669190307307218e+01
3.741026318136081130e+01
3.786736183585746573e+01
3.832226568935051603e+01
3.862200124974388871e+01
3.316645135702027858e+01
3.299938326004949118e+01
3.285001834636961604e+01
3.280377633945529681e+01
3.284975409042490213e+01
3.255886722917625775e+01
3.252807015053929263e+01
3.354015962037539111e+01
3.147340050916263365e+01
2.255723976182638424e+01
2.038301942822842250e+01
2.203965245668973338e+01
2.041274052717316678e+01
1.877924663636352065e+01
1.182842015964472182e+01
1.527917811696412898e+01
2.388969113563026525e+01
3.290833905392933900e+01
4.383578506875859659e+01
5.994829731839006115e+01
7.125561062388837286e+01
8.062582345680479534e+01
8.633198023241234864e+01
8.297066809474476656e+01
8.231075843387927193e+01
3.070761088850431975e+01
3.030265025785726252e+01
3.009336252856268601e+01
2.989597342507011746e+01
2.948904433248687695e+01
2.849993502536548107e+01
2.889900929099988502e+01
2.948802562536427985e+01
2.975676252329827065e+01
2.990344578313894175e+01
3.000038976542327518e+01
2.998839580367388535e+01
1.135221461578196340e+02
1.239557443505653538e+02
1.133166412010240265e+02
1.273758089105885034e+02
1.382776366737751346e+02
1.381318423643532185e+02
1.410800572066303005e+02
1.394832278153174911e+02
1.330844331766273569e+02
1.241446537608735383e+02
1.169760382453731893e+02
1.092916225036459963e+02
1.013345218407769721e+02
8.827334637193639821e+01
8.809948451764306299e+01
8.563852246103678567e+01
3.394410427882581160e+01
3.355926068265830509e+01
3.319016925163973752e+01
3.300894736923147832e+01
3.290622667545092384e+01
3.289168619995102461e+01
3.291477030121932756e+01
3.288340876725832373e+01
3.296338816485126699e+01
3.307647277223919247e+01
3.297237188910583683e+01
3.433563567298620001e+01
3.476928066895986547e+01
3.575615099206842018e+01
3.627412247917644095e+01
3.645786524787598637e+01
3.694180758645898521e+01
3.724494314561685115e+01
3.771457732700202570e+01
3.818304598023942731e+01
1.732812084889360804e+01
1.548670704209755300e+01
1.244996329535899982e+01
9.197531946081157983e+00
1.163516668188402114e+01
1.676654233157275442e+01
1.877373892957018597e+01
3.067845073141639034e+01
4.357799868589772530e+01
5.755165648578062587e+01
7.534097713733306989e+01
8.886274310951490918e+01
9.898003738385929751e+01
1.050433457240877573e+02
1.138107722888623954e+02
1.186514727799720816e+02
1.279301496908063740e+02
1.342388227653782735e+02
1.432659018691677204e+02
1.513748295452731440e+02
1.493286791593685621e+02
1.434421680566655368e+02
1.402323136582207610e+02
1.358557054082177729e+02
1.366287884765825709e+02
8.333348836170307550e+01
8.418633261886931507e+01
3.009085621447976067e+01
2.984874772286010369e+01
2.940046524452532495e+01
2.974314309795841638e+01
2.987597803096907612e+01
2.995484172267649825e+01
2.999911877524249348e+01
3.389696684918709479e+01
3.429460764498707448e+01
3.334034112049826604e+01
3.304834194961281213e+01
3.265690425317579582e+01
3.160065738846370920e+01
3.218409588296303525e+01
3.270572470309538460e+01
3.280501654921059185e+01
3.349980835329356665e+01
3.294981954796153900e+01
3.299888177852042759e+01
3.676345980911271027e+01
1.167663745841737466e+01
1.527141643723640740e+01
2.934208344135107183e+01
4.657952299344784564e+01
6.243522353894922361e+01
7.777344576393846864e+01
8.622080907901963087e+01
9.032132428969993043e+01
9.934325998603860342e+01
1.140548707096560719e+02
1.255064229077523521e+02
1.265924887839561279e+02
1.367532832524264848e+02
1.500784626118408198e+02
1.425563441410437235e+02
8.358491119120830604e+01
2.985202203072210381e+01
2.988322086003796230e+01
2.994284292799913416e+01
3.383697747031503411e+01
3.341857323595576901e+01
3.318898671333916184e+01
3.294464626990699685e+01
3.245449787423763155e+01
3.110434795229951987e+01
3.167625871841714513e+01
3.235320306444503302e+01
3.266989808063947720e+01
3.277565219465351731e+01
3.283703088622285549e+01
3.291909361800131251e+01
1.792017690425172205e+01
2.790827627379197651e+01
3.538549279277401638e+01
4.352383507560158904e+01
6.252274149092319533e+01
6.754085164393072205e+01
7.835792972352901131e+01
8.637220718827111909e+01
3.316348556928559788e+01
3.291331266060548444e+01
3.226708372578014661e+01
3.260558505008999219e+01
3.270724672795660126e+01
3.279015457268257450e+01
3.284820277948080047e+01
3.567656465284657230e+01
4.588330002223837312e+01
5.725665250135850215e+01
7.191844811395941406e+01
3.265914577069032276e+01
3.269291352824290442e+01
3.271675545154394626e+01
