0.000000000000000000e+00
-2.141356442343961969e-02
0.000000000000000000e+00
3.366199202968738445e-03
0.000000000000000000e+00
4.313759386364179188e-02
5.321388681453636388e-03
1.209683844858409733e-02
1.004563739461931601e-02
2.224261533453570500e-02
0.000000000000000000e+00
8.097421649920111264e-03
4.220190785669829941e-03
0.000000000000000000e+00
1.430048536548049823e-02
1.334228982313677252e-02
2.260632251149638852e-02
-7.797359241290903291e-03
1.341170301355831471e-02
1.913682338714427916e-02
1.832065881911999067e-02
2.309363895068518302e-02
4.509439245823911729e-02
8.806184342169348298e-03
4.668994751888742335e-03
0.000000000000000000e+00
1.602628160572967114e-02
9.352807515326204760e-03
6.806334468130941819e-03
0.000000000000000000e+00
2.441238915113349423e-02
2.558602388018768256e-02
2.436228881377439093e-02
3.038873546090679195e-02
2.612131207657892099e-02
3.720255566871502606e-02
1.580806786383461351e-02
1.125670185971715427e-02
1.359149611349265430e-02
1.019344624144831457e-02
3.377195388286585113e-03
0.000000000000000000e+00
2.182836271882477447e-02
2.899369389304924660e-02
3.015989773362565823e-02
3.459974559759102647e-02
2.988780550580006148e-02
3.514621954397298409e-02
3.552826812424107056e-02
3.709971278235687370e-02
2.021443996402726151e-02
2.600695495776194840e-02
3.208714306890425583e-02
3.325086935580561648e-02
3.295497237985713090e-02
3.561018138577825426e-02
4.050827837192642888e-02
3.882270926141646872e-02
4.111841093333126751e-02
4.172746516368314174e-02
4.064277676255570459e-02
1.759828754279466057e-02
1.339062831819301004e-02
6.785972490521911642e-03
3.375914385974395499e-03
0.000000000000000000e+00
2.319361057489365344e-02
1.942717331230462557e-02
1.585029861462800005e-02
1.032203131327863628e-02
6.349189726914989881e-03
3.905576458334809788e-03
0.000000000000000000e+00
2.905227758372117691e-02
3.592955095361236029e-02
3.689868780340412741e-02
3.686935625471429723e-02
4.167540160375343694e-02
4.562255256007667625e-02
4.591498138297492315e-02
4.735485822100140435e-02
2.302620999072405375e-02
2.659013629562237413e-02
3.126627084037956333e-02
3.943214459369290270e-02
4.075558122435189723e-02
4.137508597652339581e-02
4.191482518636084620e-02
4.835656534207376928e-02
5.114348091669082552e-02
5.147196533273076802e-02
5.007419792195696301e-02
7.420266605637719504e-02
2.228716001528385435e-02
2.008879905646746705e-02
1.400625541687427339e-02
7.957829534647091821e-03
1.079296204491749823e-02
4.097683513286706075e-03
0.000000000000000000e+00
2.866789715067195876e-02
3.575287127372528406e-02
4.445311753747062389e-02
4.650757020784299783e-02
4.527366519282337992e-02
4.701995690666840866e-02
5.368873351888352879e-02
5.510620821430983057e-02
5.411269609499541611e-02
5.480056995762586786e-02
5.814393870854064894e-02
6.175556456743731132e-02
5.348300131117184053e-02
2.697972392892858048e-02
2.601260196780796202e-02
2.089961510486064086e-02
1.535821402627169513e-02
8.928986684775581592e-03
3.746659527528306034e-03
0.000000000000000000e+00
3.217285098970162904e-02
3.946080203091023586e-02
4.518173742623483868e-02
4.904180173368199308e-02
5.235791014906414353e-02
5.143030781960012537e-02
5.038610379956149493e-02
5.870433494800980645e-02
5.964972411819090964e-02
5.982882682605129843e-02
5.878187569997884304e-02
6.005282724437318448e-02
6.400931814459516478e-02
6.460646934037597711e-02
5.763600567672062802e-02
3.092428002562149641e-02
2.875211421233931502e-02
2.106129776968201917e-02
1.633331941068047466e-02
1.196647697321899691e-02
7.595500159579377311e-03
5.169112457893254575e-03
0.000000000000000000e+00
3.649743746307509973e-02
4.269454676919280656e-02
5.071426945262302866e-02
5.711048003902086112e-02
5.829520377946138809e-02
5.614374404258053175e-02
6.353288400475705366e-02
6.464699877768571856e-02
6.445046331700794717e-02
6.342932454208770332e-02
6.639507279027044573e-02
7.357022464838811060e-02
4.824313200088985176e-02
3.476577735859594231e-02
3.126726611574374981e-02
2.517951437314836990e-02
2.051479705740317031e-02
1.628298415408626493e-02
1.011236729096289845e-02
1.022925620182245886e-02
4.731219923782004066e-03
0.000000000000000000e+00
4.800567642421735282e-02
4.048867905247462845e-02
3.602779562282025505e-02
3.294092782948372655e-02
2.621209202467291235e-02
2.077811160575614852e-02
1.625958970177902169e-02
1.316089601821889866e-02
5.345112251729837449e-03
0.000000000000000000e+00
5.663202260363106588e-02
6.264342840475153884e-02
6.309870857478298845e-02
6.428926809230739448e-02
6.893055434344079468e-02
6.907317660852455021e-02
7.047079484701748719e-02
6.948217125200342736e-02
6.871022893554432076e-02
6.808127759424371928e-02
7.303466150112342126e-02
7.856237243087786648e-02
7.688231417230136089e-02
9.079683853425585260e-02
5.396698470133558939e-02
6.140752261360743480e-02
4.635127476233055765e-02
3.979322377409817008e-02
3.561910448939478030e-02
2.896373503243192260e-02
2.357567288781965004e-02
1.790788973107036025e-02
1.068874016550802261e-02
3.558185688228223710e-03
0.000000000000000000e+00
6.055141429531746972e-02
6.705782023176114215e-02
6.864587154158534321e-02
7.054312826970009220e-02
6.921631327090953245e-02
7.444350370395041994e-02
7.599209222753988691e-02
7.487552087269344625e-02
7.809699742537092038e-02
7.459174429859329047e-02
7.376670614426485140e-02
7.319172962970020568e-02
7.827251431642763546e-02
8.210438322804837485e-02
8.136553839281673861e-02
9.570237517848872999e-02
5.464336866368955936e-02
4.523778044595577058e-02
3.686409463467615888e-02
3.289382762955601891e-02
2.915427220155132962e-02
2.470157384611898488e-02
1.592193834447830705e-02
1.304262146922400764e-02
7.236091022499418178e-03
-1.544586794302083357e-02
0.000000000000000000e+00
5.198722991456681403e-02
5.941061436675835333e-02
6.489938585880447586e-02
7.044103785361927050e-02
7.225034580434808174e-02
7.421921926035165984e-02
7.544533149725822507e-02
7.965356491536930428e-02
8.094710881397464142e-02
8.375976877640256557e-02
8.294883808894140675e-02
8.575162077404505090e-02
7.988538989334771634e-02
7.949874459578104569e-02
7.874408039565719553e-02
8.296706151666763396e-02
8.512103701717524395e-02
9.281744415718329311e-02
6.590080611296421365e-02
7.993008333551700206e-02
5.250533210206042439e-02
5.771133283465899877e-02
6.527374797979562659e-02
7.151889278045499287e-02
7.803453732506607232e-02
7.731410587135546797e-02
8.309530668937900599e-02
7.966532137600257357e-02
8.453243505577423544e-02
8.620303790884267792e-02
8.867994296312334268e-02
8.735255070383377007e-02
8.978674126127882127e-02
9.131877512118967422e-02
8.759917004016977427e-02
8.414176560176463149e-02
8.413116558840071091e-02
8.750083128577078317e-02
9.431383969509718468e-02
9.457598766473318541e-02
5.552797634524271608e-02
4.519929974207993056e-02
4.018955302023748122e-02
3.694020190244613061e-02
3.449900526436525117e-02
2.775098203107541350e-02
2.225678593736205024e-02
4.880646449096420064e-02
1.588458104675599322e-02
6.431521595105727657e-03
5.634330034645765317e-02
6.430578558880774287e-02
7.201721046270760651e-02
7.750080843581499956e-02
8.437510775461110057e-02
8.349653117674263325e-02
8.610800729451210944e-02
8.913236958433982948e-02
9.033534026814597773e-02
9.116052065009115635e-02
9.577718742500840321e-02
9.558006971550385422e-02
9.823108331519753156e-02
9.617419211654842925e-02
9.753191761537952087e-02
9.226591808389016103e-02
8.865670064400764383e-02
8.931533447802610104e-02
9.535406428771062148e-02
1.006367361832495866e-01
1.041738445791322715e-01
1.035334296943960924e-01
1.379784700124851715e-01
5.167162312794877643e-02
4.594957880521543386e-02
4.010364701002403637e-02
3.836693644559183852e-02
3.579550370416514915e-02
3.787625555541946493e-02
2.398296220970424358e-02
3.041322593943182606e-02
5.717137395753595780e-02
6.358882439335951375e-02
7.065311001123240897e-02
6.952463468339342700e-02
7.607763538087188027e-02
8.350972417507393497e-02
8.799837634322556223e-02
9.125100585531258079e-02
8.800209118814247833e-02
9.144897360788971363e-02
9.364182749344905632e-02
9.648017698621275118e-02
1.026470832683904627e-01
1.023037173214614848e-01
1.025761433439189296e-01
1.021422595520037196e-01
1.046582446873859235e-01
9.874998342335672419e-02
9.346129859329724288e-02
5.644495438858860431e-02
5.399133952964476485e-02
7.665759024073443006e-02
1.474597954396845469e-02
4.645389907298848320e-02
3.783137170590316484e-02
3.849539409684427094e-02
1.051987537607931150e-01
1.071206470865966598e-01
1.038471318321792097e-01
1.078815922469479188e-01
1.100472370082238444e-01
1.094945528183721983e-01
1.036864511366479141e-01
1.155486587407814209e-01
6.576339554930640818e-02
5.416184742110695394e-02
4.011738569614633348e-02
8.450074199381568674e-02
6.975998772045144403e-02
8.142919985883302625e-02
8.394281761692669319e-02
8.618280601039685074e-02
9.357190931000991529e-02
9.672297968227598630e-02
9.271519709489864369e-02
9.925164440289908907e-02
9.815755009591478619e-02
1.031050230904942133e-01
1.085288110330148437e-01
1.082266534355929843e-01
1.091726899587606853e-01
1.085224827634788114e-01
1.081563219973701306e-01
1.096229552915654049e-01
1.082875698065087766e-01
1.121330282606509132e-01
1.157013342176672066e-01
1.164147566284372409e-01
1.130324635077367551e-01
1.149416492971964132e-01
1.236266335352882856e-01
4.986167676510599306e-02
1.190657475675346300e-01
9.134701745127178640e-02
7.204275144173112599e-02
9.409323859581904259e-02
9.347208328966556679e-02
9.994219189541261872e-02
1.020272692211743049e-01
1.008585698823000754e-01
9.848485034062003096e-02
1.051863039752379825e-01
1.130551691649773483e-01
1.168269990953269416e-01
1.139730713160013176e-01
1.140051213285366849e-01
1.140496224833272565e-01
1.133366034726557420e-01
1.147776728852911432e-01
1.204733429397002592e-01
1.205250759266361382e-01
1.231715975108884087e-01
1.242117946001806555e-01
1.058931038896545329e-01
1.118544161856592223e-01
7.116306865568577944e-02
1.343170057028042763e-01
9.980274792715569665e-02
1.039710257236829138e-01
1.080980921082217994e-01
1.105132813465495717e-01
1.052687707428358876e-01
1.114292719422332600e-01
1.176432459845639239e-01
1.182403639433109027e-01
1.231563054876006064e-01
1.239868414783414363e-01
1.227188686820904068e-01
1.188114108507950101e-01
1.200142374848238991e-01
1.199568373226366641e-01
1.187346870118387993e-01
1.228523059889609775e-01
1.269292773583258482e-01
1.251471782126124810e-01
1.273134983029031442e-01
1.293778707696840169e-01
1.299902849524635084e-01
1.503032967676251330e-01
1.032269433207129855e-01
1.078658543942005998e-01
1.123720820683807575e-01
1.149045494820021274e-01
1.225694375166961059e-01
1.167246903257333768e-01
1.264775783890111083e-01
1.299594131059962909e-01
1.300739903312746748e-01
1.310302278056670044e-01
1.295975084628644691e-01
1.256894878006934169e-01
1.242936395832891505e-01
1.241927243930300989e-01
1.240258921107437878e-01
1.283348211287879126e-01
1.328234859806898815e-01
1.316371631891696259e-01
1.335464114764550458e-01
1.308562754027080277e-01
1.329746775966283712e-01
7.158202632832369461e-02
8.971292943648995211e-02
1.187169005680016182e-01
1.203194805012391816e-01
1.260155825421443165e-01
1.297327651107156588e-01
1.303512371325121488e-01
1.344916671854591850e-01
1.345932318929681792e-01
1.349229279758654421e-01
1.364770936612605123e-01
1.344847183310153571e-01
1.338529626096593150e-01
1.305566559522454151e-01
1.277003926871087269e-01
1.326003727040736269e-01
1.347291767460436496e-01
1.360684023272865362e-01
1.384284746720678971e-01
1.383733320167927494e-01
1.426941352701837640e-01
1.399506649287441673e-01
1.403326849603479254e-01
1.152195863037705353e-01
1.617684728180712739e-01
1.304046776314677913e-01
1.347512582268564352e-01
1.361784537498419712e-01
1.390963693357839537e-01
1.391362635305489759e-01
1.393100617758860627e-01
1.429857955170787953e-01
1.421874695130545818e-01
1.403082286588574756e-01
1.401300615286227846e-01
1.366364736290518189e-01
1.385539659132355994e-01
1.403911275733924491e-01
1.439876948565448622e-01
1.455272509044257812e-01
1.488208526147241362e-01
1.487557807910778740e-01
1.470492419042027932e-01
1.458162211007389963e-01
1.631114144967145962e-01
1.360170861796782815e-01
1.370781984357399286e-01
1.418136924911204688e-01
1.433518508629426647e-01
1.430010812930390951e-01
1.461271273165880569e-01
1.491034352772280247e-01
1.470839995367272390e-01
1.465793328085791825e-01
1.466956403303170120e-01
1.448327231643422031e-01
1.412036220533715858e-01
1.437240034753341777e-01
1.482652932069567220e-01
1.503621078443997117e-01
1.535468252034517256e-01
1.531267228758978194e-01
1.520141297257764645e-01
1.473230974745974309e-01
1.280814132772618297e-01
1.440828191443577211e-01
1.371087669625971617e-01
1.155707977390613983e-01
1.396697324289553344e-01
1.448933378435699193e-01
1.420917092518685920e-01
1.462330678738074929e-01
1.503551134834144598e-01
1.479188903142772404e-01
1.511450029173213583e-01
1.551056010742545843e-01
1.531592150679661202e-01
1.527006823826536630e-01
1.515515914089528293e-01
1.508073764971463449e-01
1.514885569591491454e-01
1.550493284165564145e-01
1.582861021476216490e-01
1.626533823133048950e-01
1.570243831142539570e-01
1.542073966456832534e-01
1.559779509011530174e-01
1.649839479358601591e-01
1.470180245890647386e-01
1.108581473425934716e-01
1.902239732970628650e-01
1.523073517052153381e-01
1.557563423215485576e-01
1.494899174977149248e-01
1.549768393956470203e-01
1.571106465504275296e-01
1.533484628684666506e-01
1.574729516808060503e-01
1.636109589748095117e-01
1.587420161987347089e-01
1.583148973410090643e-01
1.585835723403839770e-01
1.562862451287108656e-01
1.586441367572321570e-01
1.565357691049369393e-01
1.605650600087084046e-01
1.656251232400288154e-01
1.684444644360078569e-01
1.712683047256439162e-01
1.646667569436259249e-01
1.631197893807681543e-01
1.640923016380103350e-01
1.594491655561102450e-01
1.654088369556248328e-01
1.594617949296444348e-01
1.589505551837103736e-01
1.582092528051802227e-01
1.618738539807781374e-01
1.627934157498708567e-01
1.581876776387816930e-01
1.623724775113115637e-01
1.676659275609949096e-01
1.705173501321152474e-01
1.628905804340028685e-01
1.629335921403872456e-01
1.657024445043401017e-01
1.623406017779605026e-01
1.669914012544121695e-01
1.635242755317952990e-01
1.693177562792548274e-01
1.726995119404883261e-01
1.747089122272789674e-01
1.726469836645569134e-01
1.770137951229433515e-01
1.724709986560349906e-01
1.672712195047574291e-01
1.673862007380537420e-01
1.704741936598496432e-01
1.644300167778261490e-01
1.614590165190770976e-01
1.679933636751072545e-01
1.669849096930023646e-01
1.695551419322512410e-01
1.663593766400968121e-01
1.695366196504127787e-01
1.720137669924589330e-01
1.750591758997049607e-01
1.717269030175732902e-01
1.674999664110491671e-01
1.709648814358857294e-01
1.735792560763139147e-01
1.748940277417861400e-01
1.772778791505264795e-01
1.786869190222356574e-01
1.809724029846585813e-01
1.800174343045032876e-01
1.835476372480909502e-01
1.819941286593541041e-01
1.780084276924812636e-01
1.583070572519542918e-01
1.511525518976063742e-01
1.658886740302220886e-01
1.391596318485046890e-01
1.735563641486585484e-01
1.723193539867491908e-01
1.755208919010748381e-01
1.736647927745630371e-01
1.755936817312399589e-01
1.771793583226574931e-01
1.812755941346610444e-01
1.760242827481349748e-01
1.780542366385007569e-01
1.799344583216261895e-01
1.801868718336379904e-01
1.839795421625681215e-01
1.833625753184783547e-01
1.842024948571901188e-01
1.855493154857611460e-01
1.860431029485135612e-01
1.835540971860096793e-01
1.838921823424148061e-01
2.097829209919644389e-01
1.866493555398090476e-01
1.680316730446978768e-01
1.808311471388484304e-01
1.777006228745794392e-01
1.840598369532917555e-01
1.787078732302584683e-01
1.805964226759700086e-01
1.819966394325017722e-01
1.866168337121579535e-01
1.875702171131837515e-01
1.827000409696782901e-01
1.823276038592305803e-01
1.867855802174138713e-01
1.903358733370898725e-01
1.890915323683098337e-01
1.892506345440587712e-01
1.918725892551080836e-01
1.911766218985866683e-01
1.906702899108050908e-01
1.709492288178778019e-01
1.852292799634276677e-01
1.856323384659054332e-01
1.922247705140647245e-01
1.861027115915048213e-01
1.875966769771810205e-01
1.831120277471388336e-01
1.886164899892369406e-01
1.874795169827512820e-01
1.918316755579171362e-01
1.866172616157614761e-01
1.882253965795368522e-01
1.842298576922773989e-01
1.912482202486546490e-01
1.953169963500977491e-01
1.937804023556196908e-01
1.914508661183932370e-01
1.867925828804858357e-01
1.949932690018346959e-01
1.964694601600217028e-01
1.945195406159473672e-01
1.942083320588433859e-01
1.961405088830744659e-01
1.961806245000878302e-01
1.959202682701696452e-01
1.939752547896360368e-01
2.104505804200079710e-01
1.920558598187816490e-01
1.965910859199479221e-01
1.924004599296486873e-01
1.916630407703158734e-01
1.924521798055276733e-01
1.932953858842976214e-01
1.924119965655432807e-01
1.935392466889757912e-01
1.990067557393426223e-01
1.952532989488315329e-01
1.996759708381586063e-01
2.020964716528728944e-01
1.980696577211394360e-01
2.003712391542658566e-01
2.031821384289196897e-01
2.002890590230711199e-01
2.039561794901306457e-01
1.995011401060820810e-01
1.998629069825909044e-01
2.000515627890682990e-01
2.001020410331887101e-01
2.058235219213684908e-01
1.848368525175466404e-01
1.853351020873983124e-01
1.954968591914041098e-01
1.945418071069956734e-01
1.964934461142562871e-01
1.979210183031667736e-01
1.976664415487748849e-01
2.025363248433805496e-01
2.055531798172149371e-01
2.067979138797773897e-01
2.081459197406900774e-01
2.050839066763955332e-01
2.095173474859058638e-01
2.073111476485320903e-01
2.078899895200299885e-01
2.059194478643242843e-01
2.052170860929905249e-01
2.089382630049698708e-01
2.051184277415940560e-01
2.090316802352931713e-01
2.064112622188722934e-01
2.267432497877893138e-01
2.026525209137956529e-01
1.915872520140612933e-01
2.023018980452277737e-01
2.021788930057934475e-01
2.040932379312612455e-01
2.014599425566288571e-01
2.062802095173072725e-01
2.078175737229615849e-01
2.104718180447305020e-01
2.116035356932861322e-01
2.131497370607026709e-01
2.154306267482748727e-01
2.116476139102334009e-01
2.120639445201275841e-01
2.137979544431412582e-01
2.126998253967952723e-01
2.126163915227774481e-01
2.181159176793614485e-01
2.205344808193941963e-01
2.140031705451945210e-01
2.151441756392739879e-01
1.847414885664113715e-01
2.026806148613803371e-01
1.953727218152410960e-01
1.936202091003650094e-01
2.077075037862120555e-01
2.058392976669171648e-01
2.070228535608562848e-01
2.105339939033888386e-01
2.125783390862056033e-01
2.124771649736634516e-01
2.154992014987887616e-01
2.171189537943105374e-01
2.180052293815032682e-01
2.201015472784180471e-01
2.237520509325857665e-01
2.181725580347358417e-01
2.169387139732970593e-01
2.192167760139809851e-01
2.179748568498794115e-01
2.237856889409960137e-01
2.256985449784577880e-01
2.276898580787185267e-01
2.243596591732433532e-01
2.358529718202446446e-01
2.387037364025486330e-01
2.148565553075253431e-01
2.187514736604488641e-01
2.104760366933646765e-01
2.128085537658713500e-01
2.171513296041489294e-01
2.171123026049877336e-01
2.171829447729182738e-01
2.217472969355870627e-01
2.213008107708600569e-01
2.223377848509964783e-01
2.244377546011182001e-01
2.308103998478699403e-01
2.305717183150950700e-01
2.246533455557590819e-01
2.254323470424116349e-01
2.300535336556775723e-01
2.287625642880838917e-01
2.293756640725569396e-01
2.324611750810439414e-01
2.341942404807563771e-01
2.255901847951861661e-01
2.460429320724451530e-01
2.217246417665533209e-01
2.209412784928861673e-01
2.226333441580751193e-01
2.207045772418646801e-01
2.246959541862799947e-01
2.290431205528873082e-01
2.223463699509880265e-01
2.156489703021245430e-01
2.259061879401497719e-01
2.268241832447457640e-01
2.328246555059342027e-01
2.381428019315847966e-01
2.368536612857206902e-01
2.372186903398477154e-01
2.313157992943616348e-01
2.348565954027012348e-01
2.364844638925616138e-01
2.377559501697685540e-01
2.380354582661784457e-01
2.396653432702375297e-01
2.354976397205465477e-01
2.269958789824491896e-01
2.287194220305616699e-01
2.325495457175247582e-01
2.090221101554547434e-01
1.807778910326472144e-01
2.280408069210104471e-01
2.347707190933694121e-01
2.294036907372570544e-01
2.313817929725734135e-01
2.338504149721578884e-01
2.372308564886631554e-01
2.312187634799782732e-01
2.392878683617599145e-01
2.437772089956703747e-01
2.429557528122499033e-01
2.428847311204025416e-01
2.434914757872886082e-01
2.395957231337645654e-01
2.431398334129860339e-01
2.420742830896835396e-01
2.430753803351811126e-01
2.430957584751322342e-01
2.400635019196116215e-01
2.269229271906215428e-01
2.369558320938373597e-01
2.366558359343048923e-01
2.598861085038859930e-01
2.327103440994984784e-01
2.362225437112561721e-01
2.374799585002726754e-01
2.361188342733945011e-01
2.367476227917639231e-01
2.409539283838256218e-01
2.424619120462881694e-01
2.457496509428262199e-01
2.484448201721869420e-01
2.480741735586957375e-01
2.496446358189141068e-01
2.492825346765765171e-01
2.495149946986328637e-01
2.487655587214308850e-01
2.476074421691200900e-01
2.497034000370520479e-01
2.473889333749535735e-01
2.487233468028301753e-01
2.482477244337460975e-01
2.457355675367279557e-01
2.445290927911480394e-01
2.516913647789378872e-01
2.431873440127105546e-01
2.426656287522336308e-01
2.419210413427312911e-01
2.424311664628170659e-01
2.446841273981520404e-01
2.470703823122605003e-01
2.501972237852057579e-01
2.533978993747271202e-01
2.551028707106955951e-01
2.531588556087924768e-01
2.544385140419858082e-01
2.539843410574348925e-01
2.551965139195128685e-01
2.572495869425563408e-01
2.531286946864567122e-01
2.556255122670861857e-01
2.532933668775994573e-01
2.470339533278844424e-01
2.445592183192893676e-01
2.347428042593456554e-01
2.510852265518624948e-01
2.483881607963427107e-01
2.476483273568049204e-01
2.487241967611783788e-01
2.500923559251850836e-01
2.526742303509747489e-01
2.539489980983928863e-01
2.597837741467104444e-01
2.606199997642660304e-01
2.612920392150697158e-01
2.581751390111564626e-01
2.604046617636870398e-01
2.586611751538114845e-01
2.617551871807242692e-01
2.619788118897884988e-01
2.600629886535146262e-01
2.580281709657018530e-01
2.615510450614260129e-01
2.608382502300192751e-01
2.671101865030208189e-01
2.196434472580507669e-01
2.560096943869792363e-01
2.501296750348668829e-01
2.551575261957556018e-01
2.573727771456572611e-01
2.568577266389376890e-01
2.597174029697400521e-01
2.665270477668147953e-01
2.651879065862686180e-01
2.657283588124312868e-01
2.676534464404522473e-01
2.657471204852586699e-01
2.644948869167040306e-01
2.694940847437971021e-01
2.669905050541227509e-01
2.648951671547602471e-01
2.643649173026353383e-01
2.638885311169119618e-01
2.625233283347270241e-01
2.394167734723892382e-01
2.566560880209904916e-01
2.632509915252868038e-01
3.011698272100531426e-01
2.621779664675076837e-01
2.655899334686324664e-01
2.585252328144256317e-01
2.629873360483003797e-01
2.637442845657361756e-01
2.638380595461043421e-01
2.616893681450909170e-01
2.674657651039196171e-01
2.727474622354565392e-01
2.721470738812600820e-01
2.710189676877328147e-01
2.710534461062082956e-01
2.730089944362213417e-01
2.714833110835198071e-01
2.741362667371921025e-01
2.747615992839153032e-01
2.703132642423476950e-01
2.686896508509344361e-01
2.752299386502375378e-01
2.679289455924205865e-01
2.856026930757714632e-01
2.756194127256009208e-01
2.710164724497577393e-01
2.689338443153274083e-01
2.681531396704631698e-01
2.668691771746645736e-01
2.682899802376592646e-01
2.717125819096166683e-01
2.684586228987255185e-01
2.731697762446985700e-01
2.775067326949459123e-01
2.801487228690580644e-01
2.774225886314005129e-01
2.765269388243883908e-01
2.764048408736597962e-01
2.776017122722688191e-01
2.771053600997664956e-01
2.789355903557974581e-01
2.792512633107560593e-01
2.774973858288423689e-01
2.762835367444991252e-01
2.788841333585699855e-01
2.784308232885514545e-01
2.792959438680473472e-01
2.747208097078051026e-01
2.714455685738871860e-01
2.722057371626970812e-01
2.764290807480973000e-01
2.791836766693373550e-01
2.817084931144934745e-01
2.859940460538390461e-01
2.828012101151554103e-01
2.821991517297303131e-01
2.816277930684391029e-01
2.809302150307032009e-01
2.843065732426444114e-01
2.835692359634635618e-01
2.846862021681093036e-01
2.831052981473779484e-01
2.803959268614598654e-01
2.722266370850430217e-01
2.826120421136532057e-01
2.851556105345810499e-01
2.795617113036151236e-01
2.764907518813534137e-01
2.768026358744710702e-01
2.813125019017514994e-01
2.838342367345404460e-01
2.911089716540369299e-01
2.921236455342526295e-01
2.906672135172930771e-01
2.870903829811955466e-01
2.874354857276579245e-01
2.871170770762256907e-01
2.870781950306851016e-01
2.885971557543968169e-01
2.888313331673015294e-01
2.897287942775590985e-01
2.898266118022183035e-01
2.894705109007370547e-01
2.926273634856357830e-01
2.779906437197235958e-01
2.648168279219475507e-01
2.758787424211539552e-01
2.851084053215208192e-01
2.802236107296598999e-01
2.810461979526986953e-01
2.813456580381085148e-01
2.862398504687233003e-01
2.911749794777839795e-01
2.961803125604829945e-01
2.988155114705245419e-01
2.966185863437887926e-01
2.923071536314507113e-01
2.917711009848399928e-01
2.904877663826999079e-01
2.926211369608873181e-01
2.922787467302637721e-01
2.953009000460098399e-01
2.955054821440910584e-01
2.959580182361213896e-01
2.936588485645473812e-01
2.950623998281160509e-01
3.112704762091136335e-01
2.787932098267038583e-01
2.864782112259249836e-01
2.861999151451461443e-01
2.912709524047129572e-01
2.961589548638918767e-01
3.008399680490044248e-01
3.012567240466804686e-01
3.057539227228680545e-01
3.062276213559305682e-01
3.045922446128299654e-01
2.990528826351582792e-01
2.959714131208802113e-01
2.948274247846998652e-01
3.007135783408897978e-01
2.974967911780317387e-01
3.012196983439195952e-01
3.037332921581886169e-01
3.016725416938574877e-01
3.024494624172583968e-01
2.942225796037047925e-01
2.706664369448967267e-01
2.921093603501271896e-01
2.851188103871500901e-01
2.838892707433147145e-01
3.007262394900956926e-01
2.997462075269168857e-01
2.909399899396287736e-01
2.959211920855609468e-01
3.016691990205955798e-01
3.058961457285071517e-01
3.060476281802670950e-01
3.107519758838429569e-01
3.110180856986100584e-01
3.101387088151281723e-01
3.051161563072864458e-01
3.037353193124729400e-01
2.996314231695057506e-01
2.996413580466626425e-01
3.053773718617517896e-01
3.058945669250512922e-01
3.093537701360480341e-01
3.120000312979837043e-01
3.071617109152780523e-01
3.089324820993385456e-01
3.030048396245573761e-01
3.030869966890342160e-01
2.874292055236227217e-01
2.837544074075858958e-01
2.958992205871018855e-01
3.016345595270193969e-01
3.101157842882182880e-01
3.068628465989746701e-01
3.107696402880580910e-01
3.156207366971565675e-01
3.154150620479114764e-01
3.155357730330430877e-01
3.147201134799854638e-01
3.154693820876771082e-01
3.103084531448905281e-01
3.093153524487315398e-01
3.043742324212766470e-01
3.096801495275376959e-01
3.095853352958559679e-01
3.149086328731107720e-01
3.177620130656830244e-01
3.179211928506038287e-01
3.157419768765042378e-01
3.123312937637479636e-01
3.115982942053189264e-01
2.881659363340902114e-01
3.107101848993347182e-01
3.132250891917368052e-01
3.069404194459111612e-01
3.103797143008729664e-01
3.156364215119540906e-01
3.204963296228030556e-01
3.205479591620283286e-01
3.203825693580066303e-01
3.202422952778781196e-01
3.196161798784808439e-01
3.206899192538404941e-01
3.207538225726624392e-01
3.146637081887325715e-01
3.147516794008509144e-01
3.143511736930285072e-01
3.201877868409604422e-01
3.231806441011974007e-01
3.229535798710247430e-01
3.233718704442511971e-01
3.218715444605732556e-01
3.197706287632176014e-01
3.185083840478741268e-01
2.907217009844862421e-01
3.092750629764862147e-01
3.005114640581805219e-01
3.121706240997592641e-01
3.157192691915336469e-01
3.212058639804119542e-01
3.257519866111787121e-01
3.249348702388750176e-01
3.251444695433702847e-01
3.252568332149374242e-01
3.248501912411010384e-01
3.247998252407313657e-01
3.259239956423695128e-01
3.258137469797828256e-01
3.202223323376371944e-01
3.229991491047462526e-01
3.245806971004605024e-01
3.289154247655432517e-01
3.280200716540399575e-01
3.280457277106265668e-01
3.275727503270406404e-01
3.266779070400065432e-01
3.263203828331527889e-01
3.224727729982357349e-01
3.754186810909960759e-01
3.107294114641035998e-01
3.191403730483606260e-01
3.224188348987654384e-01
3.168233340685656096e-01
3.248346781186406407e-01
3.281431860416766932e-01
3.306545435431072488e-01
3.297716643571955153e-01
3.301912713770471797e-01
3.299252885671598579e-01
3.313560979891391756e-01
3.314935509687288451e-01
3.308552932940889146e-01
3.256924033265072294e-01
3.273664594205010214e-01
3.338999913498219008e-01
3.322315376908855922e-01
3.320451570521264495e-01
3.343371573462026181e-01
3.324203313317330433e-01
3.308704322822822452e-01
3.336996205829301787e-01
3.310805797343593926e-01
3.414356301447936115e-01
3.372941408623751358e-01
3.217757134723120971e-01
3.150410406223337345e-01
3.272172604534457352e-01
3.251583699105149994e-01
3.334707074624397305e-01
3.355302540414935586e-01
3.360150754628964398e-01
3.343747568948028381e-01
3.349191461393238867e-01
3.351275368772586583e-01
3.366310119534756118e-01
3.363682124632186299e-01
3.379795805148511634e-01
3.389437709673527865e-01
3.323514591347326297e-01
3.386682780438931006e-01
3.360259846722034593e-01
3.424627765003944724e-01
3.406031637334789863e-01
3.397309109045325015e-01
3.361894946665283657e-01
3.377374773831959831e-01
3.415112823244018103e-01
3.358082507223705826e-01
3.349886791696244370e-01
3.331998749220423939e-01
3.348447404793020166e-01
3.416059044649009113e-01
3.440237362879663419e-01
3.422863799181150579e-01
3.416644447652905092e-01
3.392745494750984414e-01
3.400653811801725990e-01
3.429485397969956884e-01
3.427557648064991636e-01
3.405298083009000720e-01
3.436999463529012422e-01
3.438813804294963417e-01
3.433560846475677275e-01
3.477981007976640448e-01
3.483688430849375406e-01
3.462678310897929768e-01
3.475162036633724916e-01
3.443489710548293115e-01
3.408782360215274476e-01
3.415570887877636408e-01
3.156763128532188989e-01
3.747863301727401009e-01
3.483707410760349399e-01
3.536397479590669413e-01
3.495774463687542633e-01
3.475989784384783121e-01
3.454054088130664724e-01
3.484307642598926114e-01
3.508673369368475181e-01
3.479868362386689395e-01
3.458327974297530916e-01
3.493175991749229992e-01
3.475236723088451773e-01
3.511434982035693819e-01
3.541053431611306812e-01
3.534588127806825852e-01
3.530617772326850035e-01
3.520722516082549491e-01
3.483904993809792683e-01
3.486177294162265961e-01
3.475671985509516393e-01
3.449098618520910486e-01
3.737127399094302138e-01
3.610733096938646969e-01
3.565916301826267398e-01
3.555957819891104599e-01
3.533162500716359733e-01
3.543479976600527048e-01
3.550616194342279819e-01
3.567775163917153991e-01
3.528935423883852729e-01
3.549605055386529373e-01
3.540668914232954489e-01
3.570277296077639662e-01
3.598978941583080848e-01
3.599651665431926606e-01
3.599600322588112911e-01
3.614855420193648916e-01
3.595048275352916711e-01
3.549264733188555176e-01
3.235825478266813326e-01
3.126210569893743130e-01
3.503521719018356517e-01
3.322709180925202954e-01
3.626888379081843472e-01
3.604820544216648104e-01
3.604023552972542288e-01
3.611707730682057749e-01
3.593722023691796053e-01
3.627942719165136998e-01
3.602447065561633632e-01
3.606375606232900544e-01
3.583357514695185153e-01
3.612477401476751893e-01
3.622651776167932769e-01
3.659554800238345451e-01
3.668413396814799166e-01
3.662647538626107591e-01
3.690351421299113976e-01
3.738393986986095485e-01
3.717760159926436492e-01
4.041655835716579936e-01
3.367663919351313040e-01
3.722246387990290062e-01
3.701821109910951590e-01
3.643580129539911727e-01
3.662403483906087054e-01
3.662079226119116515e-01
3.660654471233658613e-01
3.648740131714671153e-01
3.681173271012337933e-01
3.670223086066626283e-01
3.663543931875546389e-01
3.685401096439143154e-01
3.691588348683110810e-01
3.706352679649517756e-01
3.732773896560139248e-01
3.720283408327585417e-01
3.752167995586732085e-01
3.752538736209099501e-01
3.779571403699510390e-01
4.134041223787478514e-01
3.642441593098068586e-01
3.768619724385979253e-01
3.797655040212531419e-01
3.768335244043351517e-01
3.765499922845623182e-01
3.720005453061765999e-01
3.707692817338897884e-01
3.739761467683059837e-01
3.712570190571575779e-01
3.693415648073550828e-01
3.708015857944624294e-01
3.765374522204064101e-01
3.736632630993733106e-01
3.730606098356647471e-01
3.719703811446619102e-01
3.738684803723377748e-01
3.745795576222049617e-01
3.785797245341566697e-01
3.771543932857961967e-01
3.789683715911509321e-01
3.778579421031252883e-01
3.788554948283764379e-01
3.584815228897194617e-01
3.757956731737669975e-01
3.798614258966123702e-01
3.805784658113428032e-01
3.806232280498039744e-01
3.784650761031779775e-01
3.755969526854044394e-01
3.783371838381466845e-01
3.796086608668254869e-01
3.750359525597727339e-01
3.787526399506837005e-01
3.797767012531860220e-01
3.770959634843589758e-01
3.786522799886371526e-01
3.792059200678195574e-01
3.794328888515992038e-01
3.831883760599523181e-01
3.827964841670765117e-01
3.857136009690756429e-01
3.867048578385033353e-01
3.819820726862070970e-01
3.811538171483450088e-01
4.043384727475771712e-01
3.721930249466477991e-01
3.779652841090418991e-01
3.864213913709236836e-01
3.845558312789654765e-01
3.847422523229666047e-01
3.845916346376766493e-01
3.869745566086921773e-01
3.856581329171690498e-01
3.839195337340639558e-01
3.850718548034069433e-01
3.828587868263368943e-01
3.857424071661208487e-01
3.829802761448800608e-01
3.839469326271467420e-01
3.842108418710586948e-01
3.885241162560714168e-01
3.877354039095993188e-01
3.911511001888161587e-01
3.960747870805088056e-01
3.935405118776145184e-01
3.900833255525371634e-01
4.016569918512288284e-01
3.935598479040390285e-01
3.899578464855229520e-01
3.893269192268478673e-01
3.914483654031472026e-01
3.907104421023385177e-01
3.923582674973434825e-01
3.883816061186017299e-01
3.915558523125916013e-01
3.891616007770154484e-01
3.912883739413852702e-01
3.906820086017322446e-01
3.889690852053047654e-01
3.888502800598108156e-01
3.934279076715344603e-01
3.940283866927124512e-01
3.936017627958960374e-01
3.965409352820361555e-01
4.016729997289823495e-01
4.030301282366723914e-01
3.830098426071215090e-01
3.592142287117490729e-01
4.002415576742920922e-01
3.960540052221697693e-01
3.955881765405651618e-01
4.014274821046349140e-01
3.970199807534744441e-01
3.970684718179217088e-01
3.960891769130417961e-01
3.993527083292045532e-01
3.968301428604238401e-01
3.967712277981407798e-01
3.943515616474667640e-01
3.991226752237398423e-01
3.975980595518021632e-01
4.001890051414069283e-01
4.010261283307913760e-01
4.067651769695204145e-01
4.032757733459959026e-01
4.248740218439236993e-01
3.933789330608341572e-01
4.352155140011463308e-01
4.091054936634124228e-01
4.154114674312389122e-01
4.125198528807753062e-01
4.037094986871788138e-01
4.077526815021657036e-01
4.071685731769085770e-01
4.020150606300614826e-01
4.040560509469411365e-01
4.017963661111610407e-01
4.037587340697877392e-01
4.043716006760741943e-01
4.029752517496940079e-01
4.039754626246959135e-01
4.018901753932200838e-01
4.050015468743815017e-01
4.024934131396475934e-01
4.058142749256418158e-01
4.033029331138561213e-01
4.064932406701037282e-01
4.116945826886674875e-01
4.119505982264135557e-01
4.139152981440060719e-01
4.072432321416392109e-01
3.687847745260933729e-01
4.171234546448946978e-01
4.191616582632846644e-01
4.182574397787993670e-01
4.129623986839732197e-01
4.152764744107735329e-01
4.147328345672106620e-01
4.099323144601167979e-01
4.083052597821602014e-01
4.111519203376750586e-01
4.092128478241766065e-01
4.099681296535528374e-01
4.074704035648541445e-01
4.125504577947343710e-01
4.084963798314072414e-01
4.118469400645851097e-01
4.080624103001285752e-01
4.130286291028553158e-01
4.171301513266513772e-01
4.178779970616919859e-01
4.147458440050424966e-01
4.608388251819004466e-01
4.284465451953666237e-01
4.238066823746400869e-01
4.245705979345854586e-01
4.205260035070202407e-01
4.228010583275382817e-01
4.219658477649534389e-01
4.160011764498443565e-01
4.137916814087602702e-01
4.174843750345884064e-01
4.171353308869118481e-01
4.153958868432308105e-01
4.159673638642448767e-01
4.198214770800800522e-01
4.190622905989189739e-01
4.152500899275148871e-01
4.161682183968639648e-01
4.188088057143709020e-01
4.247674900203022852e-01
4.235601672125712813e-01
4.196318026401218426e-01
4.022728707113188418e-01
4.189977278525801596e-01
4.123216269102146225e-01
4.512049012556799688e-01
4.328655575202873251e-01
4.316275504780699990e-01
4.287430540222902930e-01
4.285596082334331980e-01
4.289548800679315876e-01
4.283134528210801317e-01
4.235946992886073792e-01
4.214595431350783294e-01
4.215203826411372257e-01
4.211093116894848998e-01
4.248212239083078989e-01
4.246625704665673018e-01
4.254986055030016145e-01
4.207293693745698948e-01
4.241960730801577206e-01
4.296363685137250532e-01
4.306070766263798699e-01
4.343530929667666074e-01
4.302777446505740566e-01
4.201031245996519337e-01
4.130500668311922752e-01
4.283363621655099096e-01
4.196556724144369643e-01
4.314773087837704413e-01
4.229475684625120246e-01
4.409477433390136536e-01
4.339832880501081069e-01
4.388128224203368677e-01
4.343806438275847337e-01
4.347513201100259295e-01
4.337220994708735899e-01
4.322428604503529836e-01
4.297001416848627575e-01
4.261756560567406260e-01
4.262208926075132243e-01
4.307312533482909878e-01
4.315857833287184420e-01
4.331098454530851183e-01
4.313229596386554121e-01
4.257949313486983356e-01
4.348794847524545260e-01
4.390735482077759988e-01
4.394133859817357379e-01
4.403814633335855766e-01
4.379724043686982204e-01
4.185070317471408785e-01
4.409657595073405711e-01
4.471615289309130437e-01
4.436624474094632564e-01
4.423833661780148807e-01
4.388035912895221213e-01
4.397021447280177742e-01
4.364093778047344330e-01
4.355973293859543016e-01
4.341836769371402727e-01
4.316768412102619523e-01
4.319389154040743084e-01
4.359259861380020418e-01
4.375789351767880309e-01
4.417692781202187113e-01
4.466950457389701201e-01
4.486216798840463316e-01
4.436804468509937260e-01
4.424296360607187784e-01
4.539083953110273351e-01
4.366515463519121121e-01
4.608516101219282679e-01
4.521391214831221306e-01
4.566610953323990696e-01
4.561663702416035582e-01
4.497791674262666684e-01
4.520218244526486573e-01
4.475317179589654026e-01
4.442040547806882511e-01
4.407529070156410156e-01
4.394172023537075700e-01
4.378482004052690613e-01
4.347226359309137589e-01
4.381431238597602862e-01
4.411443474839422674e-01
4.440619889551186139e-01
4.490229190746027887e-01
4.564004415162560835e-01
4.539380582617995596e-01
4.551112362635234554e-01
4.498681683355897354e-01
4.439816520708371184e-01
4.366879399017105090e-01
4.087913121520827531e-01
4.807961464450660194e-01
4.704633387991369875e-01
4.670796430142966082e-01
4.614090742900105457e-01
4.636004143033990998e-01
4.579455309617943559e-01
4.498914209873612902e-01
4.468407684872051089e-01
4.432966609447632211e-01
4.424269940380245458e-01
4.431554781251630937e-01
4.438513387944202915e-01
4.390637045145936446e-01
4.422438067682709639e-01
4.466312733213484432e-01
4.519426230922606313e-01
4.550084274270195239e-01
4.608423529858953205e-01
4.650128766585370776e-01
4.600764958698957963e-01
4.612659627134476636e-01
4.577617267233954901e-01
4.698681554552838757e-01
5.152531860914671968e-01
4.788165744693750892e-01
4.765897660473230046e-01
4.692980182921459575e-01
4.711719028566783707e-01
4.654268632029451291e-01
4.571148932726470382e-01
4.518016520769520539e-01
4.462466586780175493e-01
4.459602219661313316e-01
4.465711150067061541e-01
4.476471409014002312e-01
4.515271695672041230e-01
4.585682711635822861e-01
4.590224669965398130e-01
4.664920427607925357e-01
4.723830608729881475e-01
4.699028795022865412e-01
4.644468798359602801e-01
4.688513783478960306e-01
4.683644843496710952e-01
4.771279805348030978e-01
4.401348778799518691e-01
4.860488397876840949e-01
4.837228993043860559e-01
4.795808129289675370e-01
4.726582321836108602e-01
4.629566495925150904e-01
4.557052247090807584e-01
4.490488178682351950e-01
4.468838474256274784e-01
4.490886816648829716e-01
4.507387317141978711e-01
4.545933067755189572e-01
4.621427511327830251e-01
4.656015556046881887e-01
4.735845962312754676e-01
4.751721474522219713e-01
4.800204765637680060e-01
4.764693403911373082e-01
4.719833342368848772e-01
4.384746599095203923e-01
4.572756103879873635e-01
4.721348869376023605e-01
4.994965136352489954e-01
5.021165470900540440e-01
4.934533315114343899e-01
4.889907342152806646e-01
4.811406418695688414e-01
4.673093374175639192e-01
4.589081677975250795e-01
4.532419142980346760e-01
4.471813518429850753e-01
4.464017997909022206e-01
4.503803500268728222e-01
4.568186497719127770e-01
4.664357665255040586e-01
4.751724638350958707e-01
4.828524820065622780e-01
4.855352288005599370e-01
4.898775826510599618e-01
4.912106030582482075e-01
4.811179487879930772e-01
4.712180103677393039e-01
5.470591120860899270e-01
5.127299682168706685e-01
5.189583711373547681e-01
5.069562957523801039e-01
5.072316950441964067e-01
4.937502708323505130e-01
4.880080725519259088e-01
4.776989479154664098e-01
4.672338294572971895e-01
4.554201947086093383e-01
4.468370816610329754e-01
4.374876549652406688e-01
4.433783950601735691e-01
4.573345745830271203e-01
4.614628408810934057e-01
4.763312477545300072e-01
4.900363545351383854e-01
4.924379751700282970e-01
4.986079085767607388e-01
4.997832484923138141e-01
5.019465874583783904e-01
5.058050349076542718e-01
4.938038616699875205e-01
5.091949336520086300e-01
5.446122537915840667e-01
5.284957680566885196e-01
5.287700844808174150e-01
5.278452114144428498e-01
5.203617783967851018e-01
5.209207254810287457e-01
5.042268643620053670e-01
5.057555258773687168e-01
4.847020451933201635e-01
4.797625696614337132e-01
4.736872262335813377e-01
4.578930527573443765e-01
4.414058703919898075e-01
4.295022373850065911e-01
4.025202157544098269e-01
4.286273058283355808e-01
4.385932555066073268e-01
4.492903319384660143e-01
4.484384428094831399e-01
4.587483555867126195e-01
4.725579710726401372e-01
4.879977753094740245e-01
5.060744536269499161e-01
5.026322229403900055e-01
5.083285495486152827e-01
5.112266898663175851e-01
5.124872239627162873e-01
5.178376853553147141e-01
5.228987993459980332e-01
4.843339191175586311e-01
5.229526896698073468e-01
5.418614509007205760e-01
5.477457737637932977e-01
5.402182611401601386e-01
5.408930932709924422e-01
5.370507702408200412e-01
5.316993087302268606e-01
5.150842534518231819e-01
5.216392929043620619e-01
5.114085881801476718e-01
5.022263242402836836e-01
4.882932249078570375e-01
4.779832082138604221e-01
4.667219250804109376e-01
4.511142602756991193e-01
4.203304014192200122e-01
3.545786329820092009e-01
4.103302476221031836e-01
4.080571880581168043e-01
4.301616406911381030e-01
4.430364968538785253e-01
4.592081204439759090e-01
4.785740510790402746e-01
4.910790043889157186e-01
5.095941459092744319e-01
5.234380483674754281e-01
5.203778715708771152e-01
5.185869924477484183e-01
5.215396039810916706e-01
5.231818089185876763e-01
5.295033534185011881e-01
5.273139305434871860e-01
4.979919981181581967e-01
5.097517430182540998e-01
3.563458348255230668e-01
5.467133144528959487e-01
5.538730898995372076e-01
5.623219936953115505e-01
5.635005517839020150e-01
5.548459677172707938e-01
5.511756787112311873e-01
5.495726786914812978e-01
5.378505100786781234e-01
5.286836440569910867e-01
5.149285230782641998e-01
4.993849624990097658e-01
4.855724168582852829e-01
4.662522339908966029e-01
4.703867083333934662e-01
3.909136657876192689e-01
2.130806863546206853e-01
3.872278130461632717e-01
4.051842887836678009e-01
4.621312304846471597e-01
4.905710432923363062e-01
4.957532338588284127e-01
5.033700030129081293e-01
5.190538438689461520e-01
5.315595778602837385e-01
5.368531773480562652e-01
5.430168405776727436e-01
5.353118323011049062e-01
5.315593741740486378e-01
5.354629678759251776e-01
5.384309830324772728e-01
5.472790524405587442e-01
5.411124031250490463e-01
5.571657125973122904e-01
4.781697000735664060e-01
5.754461517091619127e-01
5.818917034300439273e-01
5.771342613534264920e-01
5.679967578478134493e-01
5.644343199625770913e-01
5.632526981221168683e-01
5.531845300139628385e-01
5.457788192316305187e-01
5.390072784660887573e-01
5.342630191052414323e-01
5.270549248509032170e-01
5.257506421371004324e-01
5.135425450810501280e-01
5.049984246037015900e-01
4.929484269472195757e-01
5.147169035833104589e-01
5.856102860946433841e-01
5.140685643838043273e-01
5.079957273949341490e-01
5.118684488349674044e-01
5.150360841621945962e-01
5.230256411991465182e-01
5.283821048411215804e-01
5.330784450187087131e-01
5.451737807321526130e-01
5.458441783288497939e-01
5.573585105479816892e-01
5.541774235291258011e-01
5.450028021838418946e-01
5.478773416434672416e-01
5.574760290266279616e-01
5.648669253379782207e-01
5.587560526936760086e-01
5.402040992855504653e-01
5.400191158652306589e-01
5.865849151686012286e-01
5.936618510725462095e-01
5.900706900615111383e-01
5.855193182144853292e-01
5.769521626011662185e-01
5.735625891838374013e-01
5.647032496698792814e-01
5.545208908945409298e-01
5.473578194151468290e-01
5.399735636244648029e-01
5.358686405925604523e-01
5.278140565322130273e-01
5.174728844550809947e-01
5.094035455101237897e-01
5.332693217163486654e-01
5.945884769943305947e-01
5.302496836307474259e-01
5.220725519718896201e-01
5.214574342359408199e-01
5.242275694254705520e-01
5.452737078559815043e-01
5.482608656134342340e-01
5.558178285392628704e-01
5.597945134998665306e-01
5.703530803287031326e-01
5.734505892305009622e-01
5.708087910019037370e-01
5.598833180013510491e-01
5.572916459388066457e-01
5.749317412381269587e-01
5.668604183473755498e-01
5.730678019792871947e-01
5.729886764306967306e-01
6.086815986741487272e-01
6.007508709095369381e-01
6.035333658320529704e-01
5.998005151726650830e-01
6.001808222564124495e-01
5.912182186944984208e-01
5.879415062472276299e-01
5.765960203678602847e-01
5.656058952632079251e-01
5.599404487967577504e-01
5.517458420530436669e-01
5.486296797009679871e-01
5.437585630478992682e-01
5.364778334982301944e-01
5.289925010882650103e-01
5.208842838589970992e-01
6.191598946410070692e-01
5.473724334357827903e-01
5.507859629956989300e-01
5.571324682544693818e-01
5.572477691189920979e-01
5.625110447002888980e-01
5.661613184607108273e-01
5.741277654915569739e-01
5.832270949334737997e-01
5.881190663905550009e-01
5.876853721776609252e-01
5.809905866364524218e-01
5.881892116420277539e-01
5.970867339623762149e-01
5.901979854478104359e-01
5.944350620194095436e-01
5.731978832982238536e-01
6.277797666441237157e-01
6.327711456906357501e-01
6.316440765297361981e-01
6.317810981469432763e-01
6.178247053647135667e-01
6.134338368209719672e-01
6.109212509083713494e-01
6.024531044164063154e-01
6.013633665125284189e-01
5.868969419228303730e-01
5.815763095223458468e-01
5.725684888372776227e-01
5.685006583839463667e-01
5.677895416699471065e-01
5.555786395399963107e-01
5.453424960263941745e-01
5.669393653134617850e-01
5.662793979639201281e-01
5.700098501683177332e-01
5.779013511982645790e-01
5.859592263182047400e-01
5.939128508272923934e-01
5.913740863670490233e-01
6.011542715118854963e-01
6.076740363618614582e-01
6.005416195868159557e-01
6.018984719032105524e-01
6.093477019201584133e-01
6.157204214220415306e-01
6.083983154470866683e-01
6.173050790756174910e-01
6.382000981284429164e-01
6.262772304446664329e-01
6.426935465627710009e-01
6.439328063087532694e-01
6.533429545220906798e-01
6.434790747880679840e-01
6.286322963347711346e-01
6.220364728370145757e-01
6.298746767663737645e-01
6.262245110765783940e-01
6.187628497257424698e-01
6.097715059300693463e-01
6.111101082201468859e-01
6.049636235743900414e-01
5.987266183672053099e-01
5.863631303861804867e-01
5.780620331122482414e-01
5.752494660739609911e-01
5.778199542664189670e-01
5.908885978446990483e-01
5.694620568777672975e-01
5.739837527457941624e-01
5.816806469048007022e-01
5.893560355012560370e-01
5.968280393899005887e-01
6.024219617350454747e-01
5.976904089263225250e-01
6.062435946894628724e-01
6.117594398949306456e-01
6.132673859026680496e-01
6.209654690250013820e-01
6.202771364369344953e-01
6.144818919198451468e-01
6.221241522921608924e-01
6.277197348013008327e-01
6.165831103246192102e-01
6.323710246725400275e-01
6.511509314539356552e-01
6.542793934045716409e-01
6.562203451678693122e-01
6.709530032386402665e-01
6.663955863502908361e-01
6.553347470896216942e-01
6.426750965134542248e-01
6.421762106115614932e-01
6.335797177067019614e-01
6.265715480669431514e-01
6.207418706668245134e-01
6.157752280905666176e-01
6.146356328957723880e-01
5.971016968649626167e-01
5.954423810742754952e-01
5.944121502337763596e-01
5.833349791114906813e-01
5.810632276925968842e-01
5.774571489374488165e-01
5.853332238892033912e-01
5.928490405989352841e-01
6.000012061916966122e-01
6.043719797045008502e-01
6.109820857618766254e-01
6.181389647141527499e-01
6.211103066486295399e-01
6.258711916875822068e-01
6.325514554061650863e-01
6.277090300298961978e-01
6.370342074644865793e-01
6.408526606036771822e-01
6.287808809016244282e-01
6.255220495355477972e-01
6.847189980684118549e-01
6.703508739737792377e-01
6.867867019099863635e-01
6.923727402678218068e-01
6.866717858659868723e-01
6.790405949582924983e-01
6.673689153700966825e-01
6.551055828776793932e-01
6.619761114825484238e-01
6.482280981206631765e-01
6.414173490767016705e-01
6.355095914159282211e-01
6.277515069041978979e-01
6.216271137449282946e-01
6.245602590686950562e-01
6.164483613407647500e-01
5.842150119369772243e-01
5.996328013459599759e-01
6.111127965944398444e-01
6.257919094769359702e-01
6.275800793346467676e-01
6.294904805708979589e-01
6.316540809321221639e-01
6.406474232580010586e-01
6.481809547349819400e-01
6.506196920231186454e-01
6.408756257851500049e-01
6.482956111374742481e-01
6.537365462624015189e-01
6.513306076165724656e-01
6.392675745627632855e-01
6.212405235704303585e-01
6.775749936086452596e-01
6.671579213919439644e-01
7.032286672940166738e-01
7.052217740362984877e-01
6.953732432409731601e-01
6.880535924306171447e-01
6.778087299786359488e-01
6.721329616141357155e-01
6.711973766766886618e-01
6.603256080931365624e-01
6.543741777814883198e-01
6.479989012224568468e-01
6.418597679389563826e-01
6.354508863791650253e-01
6.296537665293079344e-01
6.289163683660670134e-01
6.258623676569639027e-01
6.292271679789588346e-01
6.316779334241200416e-01
6.332650345876350562e-01
6.370865817626019112e-01
6.488220720813968612e-01
6.569043420114750731e-01
6.618982013574614687e-01
6.640122064865368046e-01
6.607585234890799297e-01
6.681284636608106897e-01
6.674331985016084268e-01
6.831359835677750514e-01
6.414380666031065381e-01
6.924483466851989455e-01
7.262371601802012355e-01
7.328446683785042604e-01
7.138494505516695954e-01
7.018587290232660703e-01
6.994926309476842130e-01
6.827065193448111913e-01
6.837555161448548580e-01
6.764863653967478907e-01
6.696882119530196409e-01
6.601059150000645470e-01
6.562976187179706544e-01
6.549044175840609272e-01
6.501277436987962233e-01
6.438922560515394355e-01
6.354188987700314373e-01
6.322302765977647621e-01
6.396541727985324277e-01
6.349650060063534163e-01
6.405767888099593854e-01
6.473610157656738417e-01
6.588123459693399075e-01
6.696804118925182570e-01
6.721774809849121457e-01
6.800819395995972849e-01
6.806811537989461147e-01
6.852898820831763160e-01
6.809853820687755688e-01
6.833541749094603768e-01
6.759561227837069808e-01
7.607756845579866090e-01
7.592306020857533255e-01
7.650116233486524697e-01
7.479927551728332569e-01
7.170314701731972384e-01
7.154462354372680410e-01
7.031249770777324715e-01
6.915393442456255757e-01
6.804441427001080012e-01
6.827195918393580421e-01
6.803430963670332732e-01
6.760353466255826227e-01
6.681493586342041047e-01
6.621293660172292705e-01
6.555018629380093831e-01
6.511357903005478009e-01
6.476176995330791275e-01
7.453908128250913423e-01
7.194818179676120140e-01
6.486800271926300709e-01
6.475945568756459325e-01
6.534133290377627246e-01
6.616912286941688537e-01
6.658568568534252163e-01
6.710507178556122110e-01
6.794290046456749055e-01
6.855620878036479127e-01
6.937968459564779478e-01
6.943317191593054716e-01
7.018402895296458333e-01
7.077311432728711216e-01
6.984611686308324074e-01
7.008151555664487997e-01
6.516067620259966553e-01
7.943083718909446089e-01
7.776169524121924193e-01
7.814277793301634967e-01
7.989071993932377325e-01
7.828886212918141352e-01
7.576690333284968881e-01
7.393422635153790168e-01
7.200609476861633551e-01
6.939287797918536338e-01
6.899130365880794535e-01
6.903218457321020907e-01
6.866313278330734571e-01
6.845077973009316974e-01
6.853234457739723062e-01
6.849581503454864606e-01
6.827552123650871829e-01
6.722748100613208377e-01
6.661230078888559225e-01
6.688425026104244386e-01
6.542942374033084985e-01
6.664268190903021027e-01
6.689603412703125640e-01
6.708137640188103212e-01
6.757777333771363137e-01
6.825657798585664793e-01
6.860805628187564009e-01
6.842272967608029610e-01
6.974893057286196685e-01
7.156823566003204240e-01
7.158209617255808510e-01
7.294506293277117637e-01
7.356833953575914187e-01
7.144263117146311126e-01
7.131847655951188969e-01
7.785671581396184093e-01
8.068585052222272402e-01
8.125878476704160303e-01
8.012341072625909222e-01
8.227994220577408147e-01
8.196807396035291626e-01
8.227715484151197911e-01
7.934790794438540962e-01
7.685062612522755021e-01
7.153156663544893989e-01
7.045948487597981647e-01
6.787813133054723114e-01
6.861905434589024022e-01
6.882425352532977048e-01
6.852441359781104024e-01
6.855383238104845178e-01
6.887260415220826104e-01
6.856215225316465434e-01
6.771635837786439405e-01
6.716827656705607330e-01
6.770919481429761300e-01
6.809056686688872428e-01
6.889419408423425040e-01
6.844030568188677055e-01
6.883032959728967448e-01
6.945686894764071528e-01
7.133474838747634328e-01
7.148437508079557023e-01
7.523769021047133077e-01
7.409542321460325098e-01
7.537791194774912107e-01
7.600652171622509501e-01
7.612002131189264942e-01
7.479645328056587772e-01
7.380109343334291250e-01
8.172968915141252122e-01
8.327491061406664397e-01
8.387732865015656847e-01
8.517416729216600313e-01
8.498251508787486586e-01
8.179291033740747618e-01
8.336473158023736119e-01
7.620421349052721727e-01
7.346825406734524000e-01
6.929592478254092969e-01
7.084989377902335406e-01
6.782587089851556117e-01
6.777320717925077176e-01
6.601434501474396921e-01
6.648216318844808459e-01
6.714407251832138490e-01
6.830079096369913172e-01
6.779151972579687824e-01
6.785206529590578350e-01
6.838399617296825328e-01
6.897728606901756265e-01
6.938609947837537373e-01
8.195977178928095519e-01
6.797952160490733364e-01
6.707497355488022395e-01
6.966395365730335687e-01
6.881290520980958281e-01
6.882949468162135043e-01
6.834748002032673408e-01
6.775798106883883509e-01
6.772283150460087775e-01
6.869670384903927562e-01
7.131941827849034299e-01
7.618347536920181406e-01
7.830809566016573298e-01
7.760864577915810303e-01
7.949207444054663396e-01
7.970373021478847075e-01
7.981236327301536315e-01
7.863293355085524405e-01
8.103888691711167436e-01
7.208553701668876101e-01
8.243232670969263820e-01
8.657315412749311268e-01
8.623673653004455542e-01
8.792741058362790740e-01
8.770041381530326863e-01
8.888045770797131651e-01
8.748955369188996523e-01
8.569479321915287606e-01
7.874737233705478845e-01
7.622782403482173397e-01
7.031825066322707762e-01
6.954956110662739999e-01
6.250534418683745264e-01
6.413852390050698293e-01
6.431413098458933497e-01
6.550363289429846914e-01
6.528502881767278554e-01
6.478600535292230456e-01
6.598100977295643377e-01
6.262245843844314042e-01
6.665242868580147917e-01
6.683249040559755549e-01
6.819733235251693726e-01
6.897885026507146744e-01
6.984678129663233204e-01
6.857318734363564428e-01
6.848023697225600337e-01
6.860988678019029896e-01
6.700078797751456428e-01
6.612528891299487288e-01
6.610018438062192914e-01
6.563602799443004621e-01
6.766225484554533320e-01
6.721853827373877044e-01
6.827694078292034785e-01
7.293382220125200766e-01
7.972749591408425651e-01
8.085823724959678716e-01
7.968204919898179694e-01
8.143965389697200852e-01
8.171408620264822842e-01
8.287457096987692617e-01
8.170547573968789390e-01
8.033448578280243391e-01
8.089162319674484403e-01
6.930054050110886488e-01
6.861552040924217000e-01
8.840280955124986129e-01
8.830764516681584020e-01
8.968794732413655213e-01
9.081926218282222463e-01
9.010133579227098677e-01
9.268571038166045772e-01
9.237176092025385366e-01
9.312821341969432787e-01
9.110376041568404304e-01
9.168723711159881828e-01
8.832622328429812208e-01
7.894251353017173178e-01
7.790011329178695432e-01
6.079953256476674506e-01
6.188922330360540069e-01
6.217323111446192430e-01
6.364460199225476789e-01
6.387516713416635517e-01
6.387863583455826166e-01
6.391917186152469288e-01
6.242938058314569938e-01
6.501438197299229671e-01
6.579448167045802709e-01
6.678410779625441052e-01
6.764002473617591882e-01
6.849136238715537450e-01
6.910977028263620703e-01
6.829984150085770533e-01
6.960037063402478852e-01
6.785927322652386406e-01
6.721298637671208054e-01
6.582286059300269665e-01
6.509130733594991058e-01
6.557148604715054008e-01
6.530623760235930719e-01
6.369063962726539962e-01
6.432630912817637325e-01
6.525456913188426578e-01
6.517123962120813241e-01
6.509980897971244795e-01
7.384942898592079530e-01
7.749952083901590072e-01
8.419320172301636429e-01
8.598441531230323065e-01
8.425257188229819949e-01
8.570799319770135982e-01
8.393760124519320520e-01
8.505888473390793569e-01
8.576444426513328834e-01
8.397587028083638439e-01
8.341295099395822366e-01
6.580770663725430403e-01
8.917430509325651178e-01
8.894710783573150925e-01
9.043949441030217917e-01
9.151067286444414250e-01
9.254861937538297889e-01
9.234138190148545311e-01
9.316815308541473994e-01
9.491787696769358185e-01
9.624394729645873170e-01
9.779837050853766867e-01
9.646932706104106581e-01
9.530976170070732945e-01
9.219788244386030174e-01
9.014875223901229750e-01
6.262580210425208183e-01
6.257055434271653338e-01
6.305979313816502119e-01
6.326450741134382882e-01
6.284454209628039800e-01
6.274522654524450349e-01
6.366061829904238190e-01
6.502393098121356241e-01
6.727358570546976280e-01
6.875769050397505522e-01
6.843438096755086741e-01
6.947785297539861293e-01
6.924506004523073299e-01
6.850778220028206356e-01
6.782569284098094453e-01
6.706556132463715736e-01
6.592831010264064151e-01
6.406383760925002946e-01
6.313333474068069107e-01
6.292676523156128798e-01
6.356794094537868700e-01
6.375900484434920967e-01
6.248297552246963038e-01
6.287446448497185925e-01
6.232590267227567926e-01
6.284336919431434687e-01
6.389262435874023538e-01
7.411029761830810747e-01
7.298397080783523005e-01
7.536143401105036554e-01
9.033943273289519738e-01
8.769570282944925133e-01
9.310647819777336798e-01
9.218427987927904077e-01
8.838599918860927662e-01
8.822368483678924012e-01
8.865017534792613008e-01
8.690513152322010271e-01
8.836437512494358382e-01
8.735845549490688366e-01
8.150208254897045590e-01
9.171312195431493564e-01
9.260087886648332711e-01
9.225832209183472132e-01
9.309993519806445406e-01
9.352197539708799745e-01
9.446928747201487342e-01
9.448263563880954230e-01
9.670334830517066660e-01
9.898783179328204396e-01
1.003418436980664685e+00
1.031368571151486391e+00
1.029640337898630964e+00
1.000578091188695229e+00
6.515965607296154705e-01
6.583488917428600429e-01
6.645098154533226609e-01
6.737281037822547836e-01
6.827456400739017051e-01
6.830404947179330444e-01
6.884017873090784168e-01
6.865518549692181116e-01
6.829196171436285878e-01
6.722486365381451501e-01
6.479195268190590662e-01
6.491326324112688395e-01
6.262945246121792708e-01
6.260398567931654279e-01
6.274715266711561323e-01
9.133969769488176071e-01
9.104105882195152599e-01
9.640448126990031064e-01
9.978861131908538518e-01
9.874724579792995005e-01
9.530985639074555094e-01
9.174309000506923883e-01
9.037040020775159999e-01
9.147566760971939104e-01
8.924551579477764118e-01
9.089460166005092212e-01
9.049818101977628038e-01
9.435136236278512945e-01
9.493254174361097641e-01
9.321994716077895982e-01
9.299556049569518423e-01
9.282019996437179676e-01
9.365486732607585241e-01
9.352903971481393297e-01
9.479425048531914255e-01
9.576464911885865794e-01
9.734144802104667260e-01
9.911229873420590586e-01
1.000642432107732072e+00
1.033593992228399649e+00
1.064840835915086714e+00
1.080531691353651125e+00
1.072442782828567420e+00
6.635829027202514441e-01
6.667369313812125942e-01
6.812023779953297886e-01
6.619281199482275335e-01
6.810292522113988722e-01
6.720464923332064577e-01
6.628226957357643556e-01
6.564552717761030776e-01
1.030326032214174070e+00
1.037696215988284765e+00
1.073101562230671213e+00
1.035522870661203187e+00
1.005857573401458316e+00
9.765261802043230244e-01
9.409110348275738778e-01
9.292700086529848136e-01
9.284964675862004135e-01
9.158830251317247040e-01
9.201475880339600177e-01
9.177093063951752283e-01
9.137073989056877510e-01
9.604274108640908914e-01
9.214297504740928124e-01
9.606950272206605801e-01
9.232750158627354153e-01
9.345728912349602346e-01
9.253709356094751426e-01
9.435244803579586614e-01
9.465312636493117271e-01
9.389488497241952336e-01
9.557977403071719058e-01
9.667679396406277936e-01
9.796796612957620054e-01
9.753766809403335847e-01
9.844126378840269975e-01
9.858684859813835466e-01
1.019807768140861048e+00
1.075030027846751723e+00
1.054530527095403292e+00
1.072667761257602326e+00
1.114803462750363350e+00
9.942757854335771972e-01
1.129396127072391121e+00
6.660505954893010117e-01
6.665928479922745842e-01
6.651506471321340097e-01
6.618272484169044345e-01
6.601517554549011235e-01
9.674642316486476989e-01
9.568337103098923935e-01
9.406286041895747241e-01
9.386520873542316679e-01
9.386090781806528671e-01
9.241984031976269165e-01
9.227939572145026359e-01
9.154609778710197654e-01
9.270938356065215880e-01
9.306138855779219066e-01
9.195090294755049465e-01
8.985550396578065868e-01
9.352515391690420232e-01
9.483755925689345556e-01
9.895418775022783997e-01
1.027746946696746599e+00
9.650894927945083968e-01
9.601684846545937013e-01
9.714276717124099569e-01
9.689918898036268269e-01
9.689863770046717173e-01
9.677019627510919930e-01
9.434804485423404774e-01
9.428036967638080412e-01
9.178881853474141206e-01
9.117067538425459583e-01
9.254133624043389128e-01
9.281258033797915585e-01
9.274278924400508606e-01
9.442152959903254983e-01
1.124105811348178330e+00
1.148046925850527922e+00
1.150077074807382749e+00
1.124155863042913595e+00
6.649007878467233512e-01
6.643822876097507102e-01
9.578519784355778999e-01
1.040554038143851834e+00
1.014149130913780450e+00
9.707569527029021872e-01
9.687581699817666703e-01
9.635488054486155418e-01
9.604144602930398955e-01
9.446110946463485147e-01
9.570522423307544768e-01
9.649285964081116829e-01
9.376722914768839123e-01
9.162740737199850383e-01
8.821637896556184799e-01
9.857981583776075363e-01
9.365025424577092528e-01
1.028196974828454513e+00
1.001607619145600037e+00
9.897945925599201944e-01
1.055376028719078985e+00
9.687826102403680473e-01
