-4.777638315652699846e-06
0.000000000000000000e+00
-1.830806822569724399e-06
-8.909222034682883322e-06
7.221764493090273267e-07
4.753769990325049635e-06
-2.549282330700290114e-04
-8.507456673326591306e-05
1.793025427846694228e-04
-6.049588185445213930e-04
0.000000000000000000e+00
0.000000000000000000e+00
0.000000000000000000e+00
5.686004565277011752e-06
4.721091694385250756e-04
1.409646258813630109e-03
0.000000000000000000e+00
0.000000000000000000e+00
0.000000000000000000e+00
0.000000000000000000e+00
0.000000000000000000e+00
1.016120378081524503e-06
-5.255457714273841984e-06
-2.451759796982311130e-06
1.794627350907506063e-06
-1.696209653845723233e-04
6.212000865529781384e-05
4.361819941401306127e-05
7.861920980183786348e-05
0.000000000000000000e+00
0.000000000000000000e+00
0.000000000000000000e+00
-1.466313039290281640e-05
-1.477285193235079463e-05
-8.472849664281919364e-04
-7.258176670012436455e-04
7.079321588750746572e-06
-8.858300304951617378e-07
6.326705153631565002e-05
4.546411730612204104e-05
-1.890770749755387847e-06
-1.011584252524391815e-05
-2.238106644048216262e-05
-1.996123010865671221e-05
-9.107539308212257473e-05
-1.338857222259591420e-04
-1.074946840227933844e-05
-3.374538657933408525e-05
-1.169662130323294321e-05
-2.099181476187212375e-06
7.124831737205975066e-05
2.292830907817900393e-06
2.124178162548857983e-06
-1.342974853925404925e-06
4.288158034290424622e-06
-1.872301451780448666e-05
0.000000000000000000e+00
0.000000000000000000e+00
0.000000000000000000e+00
0.000000000000000000e+00
1.229997599334339692e-05
-8.080417544177883558e-06
5.617083831887856841e-05
-7.677707985944943016e-05
1.903338782331952215e-05
2.571328926507141871e-05
-1.739958846387304575e-05
-1.288679049506768719e-05
1.620667925317716715e-04
1.106947946639746054e-04
-1.585141015479967169e-04
-1.075236422522095521e-04
1.003676123493536066e-05
-9.208815371724959187e-06
6.050877725956795732e-05
-8.346971046208731028e-05
1.618570364268826273e-05
-1.963912393551677633e-05
-3.512024812250927634e-05
-3.500293537064616003e-05
-2.471452704783189206e-05
1.920934861776608932e-05
-1.054171552564796396e-04
-3.050180932839878468e-04
-2.059015924945735649e-04
-2.260313528204995666e-05
8.432345743085199817e-05
-1.690713160774141009e-04
0.000000000000000000e+00
6.304088449436522079e-06
0.000000000000000000e+00
-7.136160706653691686e-06
0.000000000000000000e+00
3.282946682616102714e-05
0.000000000000000000e+00
-5.164375190676756170e-05
3.818368072900487964e-05
-3.627552306328662041e-05
2.519685384160602550e-04
-2.584448403320769075e-04
5.025168803309761507e-05
-5.494976619773045705e-05
3.367528318421336448e-04
-3.975955213156686838e-04
1.469712097844309557e-06
-4.597776695527256943e-05
-5.550668320088168511e-05
-3.777684178784833954e-04
-3.765473087502537418e-04
-5.330575655038425541e-05
-3.821357221616493547e-05
-3.732859384939273754e-04
1.445307427615346884e-06
-1.126824431415813078e-04
5.555198004347874466e-06
-7.875188730802427234e-04
6.873505891632167590e-05
-1.248853185123636816e-04
4.485526065800331751e-04
-8.681669381469689318e-04
-6.485115900061972445e-05
-1.242833328919329210e-04
-4.655831933384540697e-04
-8.512278040037630621e-04
8.693028717724255350e-05
1.674111912993464616e-06
-2.038227743081339827e-04
-2.036063789842793991e-04
5.657111502526203416e-04
-8.530521065210300039e-06
-1.402344907196742237e-03
-1.403717166700165246e-03
-8.328903061186016888e-05
-2.023514712413135503e-04
-5.893066279664483167e-04
-1.400519924546968090e-03
1.034601517105237031e-04
1.781941212166615228e-06
-3.132678545985450279e-04
-3.019997766283694226e-04
6.748217281136718220e-04
-1.866672903166402417e-05
-2.158610208083816713e-03
-2.077421519051153055e-03
-1.001089464619508838e-04
-3.116818221794755020e-04
-7.098661430359423262e-04
-2.147772383736314041e-03
1.193827884002736172e-04
1.501592424235895704e-06
-1.163814463569653822e-04
-4.278252513463898319e-04
-4.292450234965817157e-04
-8.322035556993419032e-04
-2.935892376368886325e-05
-2.938493190181304220e-03
-2.947958241402538673e-03
-4.297644285439811314e-04
7.776957658679917607e-04
-2.953374208711544505e-03
1.146817452265153463e-06
-5.629484261810985138e-04
-4.228734639304794295e-05
-3.861197181670709532e-03
-1.314061234967949117e-04
-5.709191937746996553e-04
-9.525006897293758316e-04
-3.914899073967139168e-03
1.334588354414526260e-04
-5.732473254803873612e-04
8.662079954855279092e-04
-3.937445851509010358e-03
-1.459877046494145660e-04
-7.200557126527055551e-04
-1.068461257045998786e-03
-4.936794037030056530e-03
4.542298052577599533e-07
1.469289466816666790e-04
-7.227484921716632871e-04
9.506911892788452376e-04
-4.966752308943052190e-03
-7.217930427371190526e-04
-5.859339331244673186e-05
-4.954536301277900900e-03
-1.595131206439375372e-04
-3.254361644581949447e-07
-8.862446694946805132e-04
-7.534836540486197841e-05
-6.087090193629727565e-03
1.586318324637703411e-04
-8.956969992043677629e-04
1.021436195267764113e-03
-6.160769467917619549e-03
-8.926164059644783356e-04
-1.178659979002286227e-03
-6.122653742136129930e-03
-1.726526617654728507e-04
-1.468880242972257384e-06
1.697623433470844660e-04
-1.073847006615137644e-03
-1.072455571580326842e-03
1.088191399935388047e-03
-9.705556054027263027e-05
-7.392920770687367096e-03
-7.374593211481140359e-03
-1.070390432690774760e-03
-1.282539227873806488e-03
-7.351699055954366742e-03
-1.848534114511144583e-04
-2.702710519522617333e-06
-1.268356974889386229e-03
-1.263496851378331353e-03
-1.384850003026274080e-03
-1.194578105715003605e-04
-8.721492765549043388e-03
-8.696094674425091861e-03
1.792240624240934183e-04
-1.272194079132182290e-03
1.141766992008670959e-03
-8.768468426785896302e-03
-1.966847820492120401e-04
-4.293677669865563764e-06
-1.470805421466033673e-03
-1.473194625801662596e-03
-1.484777376363240978e-03
-1.474982522078772528e-04
-1.012663496380664455e-02
-1.015325961693410751e-02
1.881457592723738371e-04
-1.475010167288420652e-03
1.191398707009983958e-03
-1.017679174946143142e-02
-5.971548320768360812e-06
1.954838428903397582e-04
-1.694988221931425414e-03
-1.687002952369775219e-03
1.227991553591415872e-03
-1.767923243216038313e-04
-1.171128077952391343e-02
-1.164068596951155395e-02
-2.076295679007706806e-04
-1.690433267050853519e-03
-1.584853317907590226e-03
-1.165497537702051001e-02
2.023118207801495702e-04
-7.990649195439098531e-06
-2.182338080913815391e-04
-1.913830058326417959e-03
-1.916511666821066545e-03
-1.681638499141171160e-03
-2.112678104312820421e-04
-1.321535284524946903e-02
-1.324667903625986222e-02
-1.918715927716187816e-03
1.260278283201293672e-03
-1.327546865936828427e-02
-1.009177496620182394e-05
-2.149438601461638350e-03
-2.468722204339761166e-04
-1.487699285490267156e-02
-2.280150937371062166e-04
-2.151551183137215707e-03
-1.777105304737889181e-03
-1.487865120361324227e-02
2.076589039410274952e-04
-2.156742976875263527e-03
1.278867514886242954e-03
-1.494439581655719433e-02
-2.374760957137784839e-04
-2.392371375127007923e-03
-1.868850395890224924e-03
-1.656546680300133995e-02
-1.250462606342033151e-05
-2.395304855267372992e-03
-2.866435106007809487e-04
-1.660259494262688804e-02
2.125315266448655636e-04
-2.397850923207703842e-03
1.293234652283575337e-03
-1.663681771279206661e-02
-2.461639763283471425e-04
-1.499129853123141005e-05
-2.643941415094324711e-03
-3.264623285386888951e-04
-1.834718722704602178e-02
2.160429249882214102e-04
-2.650591637955881149e-03
1.295660380545787067e-03
-1.841135107002722301e-02
-2.644856780991190672e-03
-1.957646808170188275e-03
-1.833261308029741909e-02
-2.545547434227538475e-04
-1.775044471078478291e-05
2.191214158361811271e-04
-2.905789756059401485e-03
-2.902955455895538800e-03
1.294812150235502644e-03
-3.701876551873219427e-04
-2.020517474807546551e-02
-2.016621898746093905e-02
-2.899816192246269624e-03
-2.039137849214011072e-03
-2.012434031633097628e-02
-2.622262371135781816e-04
-2.057343189339315098e-05
-3.163996941974284247e-03
-3.164145577864087896e-03
-2.118796871282653711e-03
-4.132150940756042744e-04
-2.197550090268764189e-02
-2.200056537335271997e-02
2.209766952440302677e-04
-3.170173538336926774e-03
1.283544761360066533e-03
-2.206206033965499996e-02
-2.696245522160171004e-04
-3.430088118392838909e-03
-2.192567827603159915e-03
-2.384722836038235746e-02
-2.362439810302793930e-05
2.224448547030038743e-04
-3.436451757154671081e-03
-3.433385404558233871e-03
1.269688811195195804e-03
-4.603376201812093465e-04
-2.393305796232564342e-02
-2.389105252223510528e-02
-2.763599734331547222e-04
-2.672858113102712162e-05
2.228351163486245860e-04
-3.709708207519624677e-03
-3.704267877780237622e-03
1.247208422943559599e-03
-5.072845372512208234e-04
-2.585278218652886650e-02
-2.579345382037808235e-02
-3.703195145844002077e-03
-2.267583784322864567e-03
-2.576373052918733489e-02
-2.828492028459746112e-04
-3.001678145746453603e-05
-3.977708755426741932e-03
-3.981114605863755873e-03
-2.339899436535522459e-03
-5.575020632618786758e-04
-2.769367801758580716e-02
-2.773985592633585254e-02
2.228851699714225480e-04
-3.984355673993778511e-03
1.222235017059580212e-03
-2.778404802000275162e-02
-3.334756348586477093e-05
-4.259125999125712610e-03
-6.077701753098519117e-04
-2.969635479383381238e-02
-2.887360641946146796e-04
-4.257272462565271989e-03
-2.410245738362313660e-03
-2.965954563125720866e-02
2.220057489038165918e-04
-4.264017926957403351e-03
1.188749790223510988e-03
-2.975214706026477196e-02
-2.944055292098580892e-04
-4.537793936859912600e-03
-2.476527546785500626e-03
-3.163580227735679484e-02
-3.681943946053169338e-05
-4.541263018353110074e-03
-6.608439663919851411e-04
-3.168206843174026927e-02
2.208353871176932165e-04
-4.544624661054169450e-03
1.152529818650682627e-03
-3.172807605023423433e-02
-2.995471891762404790e-04
-4.032386283408289566e-05
-4.824148921196458849e-03
-7.132238384663730718e-04
-3.367155263954956651e-02
2.188907041292295727e-04
-4.828544290768039572e-03
1.109327007548808596e-03
-3.372355460121550380e-02
-4.821661968314501154e-03
-2.542956728992530266e-03
-3.362637598569708647e-02
-3.045040233835055645e-04
-4.392989703012278819e-05
2.167076407485001130e-04
-5.113025193188403851e-03
-5.109591661548983262e-03
1.064438864954545287e-03
-7.663642484193249971e-04
-3.572376922471668520e-02
-3.567541208558309973e-02
-5.106098647083252319e-03
-2.602852900929559371e-03
-3.562538596102274996e-02
-3.090221779659780513e-04
-4.755872379351442286e-05
-5.392460988113535400e-03
-5.395432735975496177e-03
-2.659535251661331295e-03
-8.176515271498718991e-04
-3.762702897668843832e-02
-3.768081136920847091e-02
2.139155733050259714e-04
-5.399403165647805036e-03
1.015250571985054032e-03
-3.773015419656003400e-02
-3.133939621407224804e-04
-5.679079626670866313e-03
-2.708577755604190535e-03
-3.963988116129545103e-02
-5.125406648259506480e-05
-5.682567081276797272e-03
-8.703832773239380833e-04
-3.968890698294800373e-02
2.109424876216091209e-04
-5.686032463802822255e-03
9.658249341937179353e-04
-3.973763960286381958e-02
-5.496376855960758654e-05
-5.969825379558887576e-03
-9.223895800064483815e-04
-4.169631519324801250e-02
2.075369322840149068e-04
-5.973467113610298786e-03
9.151466155481374548e-04
-4.174607152703765228e-02
-3.174394713442152665e-04
-5.966524657247431786e-03
-2.762200622627377419e-03
-4.164984777614621353e-02
2.040151723037672462e-04
-5.871844607822268895e-05
-6.260915069502523238e-03
-6.257454010735066449e-03
8.647467363570440291e-04
-9.778612693475668277e-04
-4.375640502112230351e-02
-4.371015547872390827e-02
-3.213856801016282128e-04
-6.253997231590271121e-03
-2.816564565230278514e-03
-4.366649299065572531e-02
-6.248456874078365565e-05
-3.251814085046893471e-04
-6.541578615379330976e-03
-6.545016069347493748e-03
-2.873863940674533431e-03
-1.033710005086857118e-03
-4.568564737049408964e-02
-4.572741727807207862e-02
2.002647795334903762e-04
-6.548469707354009038e-03
8.151040060627517351e-04
-4.578009386858286622e-02
-3.289619159508655119e-04
-6.829038995268476957e-03
-2.928421495889864390e-03
-4.771222360871606172e-02
-6.627846920026162901e-05
1.964746556521716368e-04
-6.835913343220125817e-03
-6.832468003015322762e-03
7.658437018301414130e-04
-1.083818945014419213e-03
-4.780918806409313604e-02
-4.776279369839014910e-02
