0.000000000000000000e+00
-3.248198727264123287e-01
0.000000000000000000e+00
-5.270343709257589992e-01
0.000000000000000000e+00
-8.069808211170772516e-01
-4.895334305811525066e-01
-8.745586102155810115e-01
-9.260175513184306650e-01
-1.194876791895727486e+00
0.000000000000000000e+00
-6.988580455493470511e-01
-3.494925305247625347e-01
0.000000000000000000e+00
-1.146197067207578968e+00
-1.176576315519747062e+00
-1.395595249701782503e+00
-1.558219398283583468e+00
-1.099697181767185006e+00
-1.562328253628705976e+00
-1.501164572489513516e+00
-1.785525487582521720e+00
-2.003715203637153053e+00
-7.350335797386661207e-01
-3.865273689997103523e-01
0.000000000000000000e+00
-1.312883473767381792e+00
-7.725177755377529154e-01
-5.595243546225562303e-01
0.000000000000000000e+00
-1.982422692781355300e+00
-2.061434643695846169e+00
-1.925205113741376373e+00
-2.382751222089453336e+00
-2.174427960586393649e+00
-2.415040185237796511e+00
-1.298377954956018154e+00
-9.265547860680827252e-01
-1.119431997525269118e+00
-8.398851388873904700e-01
-2.800887014526549645e-01
0.000000000000000000e+00
-1.783741340139439746e+00
-2.367040662176679522e+00
-2.442105823609870274e+00
-2.785079382487550603e+00
-2.360217419810759942e+00
-2.893764350431599297e+00
-2.890469426275183995e+00
-2.804528987151256647e+00
-1.660231454794015349e+00
-2.129515302601074467e+00
-2.629552773651002262e+00
-2.714445784083461710e+00
-2.682486642682085254e+00
-2.884554001815337720e+00
-3.297614799426743737e+00
-3.188612529207660362e+00
-3.432110692146048692e+00
-3.373593956446094833e+00
-3.144768631042626605e+00
-1.448598322864151466e+00
-1.104343692285665313e+00
-5.606067315580801624e-01
-2.805171043030865730e-01
0.000000000000000000e+00
-1.910092383919071102e+00
-1.603598738773549526e+00
-1.313054016372427801e+00
-8.529137691841320867e-01
-5.263318831458695390e-01
-3.235481667919704041e-01
0.000000000000000000e+00
-2.386662735695491921e+00
-2.948245153833128462e+00
-3.015426406619765132e+00
-3.004833537197936888e+00
-3.391942100849476560e+00
-3.706788628171841626e+00
-3.730819375477723909e+00
-3.888308774013833347e+00
-3.565784113882411788e+00
-2.195285584785013455e+00
-2.575293662050901933e+00
-3.246745943751377705e+00
-3.345015544794184503e+00
-3.389155087372816233e+00
-3.421560947889732862e+00
-3.942200591280031752e+00
-4.152741806412195480e+00
-4.193651859329171394e+00
-4.285515231644615675e+00
-4.046325616141506210e+00
-1.844830429685548001e+00
-1.672358443590097110e+00
-1.167637286698516075e+00
-6.607572490072535221e-01
-8.949018509821835554e-01
-3.400729639780766256e-01
0.000000000000000000e+00
-2.374238005164409859e+00
-2.957480046290536624e+00
-3.669697173577803007e+00
-3.823486111852651081e+00
-3.713719426497401166e+00
-3.846990384465467372e+00
-4.391046170252344005e+00
-4.501426548751461532e+00
-4.410419980697536602e+00
-4.445990300671721407e+00
-4.649759390588283026e+00
-4.755856963318486841e+00
-4.388432515980959181e+00
-2.242335639824562410e+00
-2.169154805416368514e+00
-1.747419957430027315e+00
-1.286672678835158790e+00
-7.481750341676733917e-01
-3.129982178542118909e-01
0.000000000000000000e+00
-2.674988050479479629e+00
-3.273253091896697331e+00
-3.750914788534223110e+00
-4.054408666382054882e+00
-4.310764817145678052e+00
-4.226760507732972627e+00
-4.130457183683536648e+00
-4.805835045688075624e+00
-4.878690486607144550e+00
-4.888302973459516032e+00
-4.799267005167876299e+00
-4.857712352579561355e+00
-5.011186409884405002e+00
-5.153630847925863456e+00
-5.133008999573211995e+00
-2.579262626651514623e+00
-2.406434309706382280e+00
-1.770510369506662407e+00
-1.375333879493281009e+00
-1.006029806201911292e+00
-6.442517466276197480e-01
-4.480446684196655038e-01
0.000000000000000000e+00
-3.040990627761031906e+00
-3.560991390429818715e+00
-4.204352285763848229e+00
-4.710089197682942874e+00
-4.793815367132437721e+00
-4.605637751746034958e+00
-5.203285429442566112e+00
-5.287121089049848344e+00
-5.264906419967292805e+00
-5.172479793880943255e+00
-5.502674867687574967e+00
-5.871853889325302056e+00
-5.497219591010027884e+00
-2.910835125058361950e+00
-2.627183992731435769e+00
-2.126097855786672763e+00
-1.745298322117506906e+00
-1.382545907231327309e+00
-8.669025363136375617e-01
-8.900869371019568543e-01
-4.310738874738169746e-01
0.000000000000000000e+00
-4.004044694587033604e+00
-3.399234000446375692e+00
-3.029767903917630179e+00
-2.783667544112776060e+00
-2.220025980245235786e+00
-1.768597483437948759e+00
-1.386814784780854515e+00
-1.156788012205554939e+00
-5.255971963415632109e-01
0.000000000000000000e+00
-4.686430980370190902e+00
-5.170489883918672369e+00
-5.193812912878405186e+00
-5.279455232359631545e+00
-5.645972125114627538e+00
-5.649233643623899681e+00
-5.754595594549333448e+00
-5.672191794248529817e+00
-5.612218859329476395e+00
-5.562027905879095790e+00
-5.904993499264513446e+00
-6.329180165577085404e+00
-6.277836382542721694e+00
-5.998557692662848773e+00
-4.497815476288025138e+00
-5.037855425697588707e+00
-3.892900172596607700e+00
-3.371137169717527193e+00
-3.041026840496163786e+00
-2.451407061328379822e+00
-1.967345370988853981e+00
-1.536997551545897567e+00
-9.967486049697833472e-01
-3.953104777276656989e-01
0.000000000000000000e+00
-5.026407319597566925e+00
-5.540372578803297365e+00
-5.652445538093677335e+00
-5.793480291209998079e+00
-5.678948066897162583e+00
-6.096363912562114074e+00
-6.210018699116286456e+00
-6.114318711295612552e+00
-6.366988490571875658e+00
-6.085158219776300115e+00
-6.017082930815579545e+00
-5.967885488654548709e+00
-6.367208167847503653e+00
-6.715212266943240138e+00
-6.781335936722696189e+00
-6.427191616602138780e+00
-4.576941263518624403e+00
-3.857611918855899269e+00
-3.172280541278409416e+00
-2.802676859878797444e+00
-2.468423990207444074e+00
-2.029347431826107773e+00
-1.442776042593828967e+00
-1.021267792161228982e+00
-5.962826615293428389e-01
-4.540726020014622111e-01
0.000000000000000000e+00
-4.382983455244483295e+00
-4.962317867069054422e+00
-5.390820449146558779e+00
-5.824593370030358486e+00
-5.957306458460548626e+00
-6.105297053643409910e+00
-6.190831296492261160e+00
-6.520945013991416239e+00
-6.612448678638835453e+00
-6.830565375326621336e+00
-6.759042695099709341e+00
-6.975297777062302806e+00
-6.509911181389956170e+00
-6.478420248773828050e+00
-6.422279506946638072e+00
-6.761266024195690783e+00
-7.178028628858573512e+00
-7.390770589393759415e+00
-7.118607869574696601e+00
-6.775103012429824823e+00
-4.446193388031255189e+00
-4.870027070665749136e+00
-5.436426173394080408e+00
-5.922372071186281950e+00
-6.428899915439618695e+00
-6.366081612763926145e+00
-6.821001896526840191e+00
-6.534471834216135200e+00
-6.915878525226637485e+00
-7.038649678763997386e+00
-7.225868622991978185e+00
-7.113987375941902336e+00
-7.301824887059604308e+00
-7.418874730608348678e+00
-7.119136416042859850e+00
-6.845045250853463159e+00
-6.843626287732086588e+00
-7.179212825860267877e+00
-7.661285636795726717e+00
-7.774890392467853850e+00
-7.553780072702038773e+00
-3.901160503559144122e+00
-3.515463123658968847e+00
-3.221216732047756715e+00
-2.841805935992263166e+00
-2.400992037010379665e+00
-1.850947636704790344e+00
-1.523348244994973788e+00
-1.214233630687426846e+00
-8.149123108272570137e-01
-4.797998093942109854e+00
-5.412316123868841089e+00
-5.948968370690464802e+00
-6.388762089577689096e+00
-6.961912296781055609e+00
-6.874180402527191980e+00
-7.073312153895009224e+00
-7.295500575747485783e+00
-7.379736652129795793e+00
-7.436311346734768790e+00
-7.799170958426137723e+00
-7.773620009808515086e+00
-7.977461880987122278e+00
-7.806737756851983789e+00
-7.906570405589367745e+00
-7.489764815963837918e+00
-7.202701542258686196e+00
-7.267202812341595042e+00
-7.710595727091238416e+00
-8.112362312187899605e+00
-8.237629954045184277e+00
-8.380900014727577840e+00
-8.019939148602540868e+00
-4.363375915653278092e+00
-4.194356940686482460e+00
-3.653721748726561636e+00
-3.477122272115935164e+00
-3.064056202024334485e+00
-2.843195119867671927e+00
-2.434606281977957920e+00
-2.029873338541462680e+00
-4.941047484824847125e+00
-5.549534604901741552e+00
-5.728171319005037176e+00
-6.135255139686300652e+00
-6.309734398488245688e+00
-6.693278608367232430e+00
-7.330672566799665724e+00
-7.518637212390044233e+00
-7.246589053069428132e+00
-7.495996372482792047e+00
-7.648695026379152218e+00
-7.866343075108126470e+00
-8.355040913978394101e+00
-8.316521103709954232e+00
-8.326972276795311600e+00
-8.283888728842409677e+00
-8.476036898622226090e+00
-7.998871312562804370e+00
-7.571094396456561348e+00
-4.531895326579742367e+00
-4.716385875286761120e+00
-4.456369383124710204e+00
-4.188978039085530902e+00
-3.863127243616554019e+00
-3.662432786650873684e+00
-3.282250658578263369e+00
-8.428331533533619080e+00
-8.636125327993864786e+00
-8.396199485871560952e+00
-8.722158525444681842e+00
-8.869506493133906488e+00
-8.908520461103289989e+00
-8.742743943839949239e+00
-8.387287335988597547e+00
-5.184708803777181352e+00
-4.922570061234461392e+00
-5.406787545259661876e+00
-5.699221575097587866e+00
-5.919882781731832466e+00
-6.527358385734488344e+00
-6.922473772136720882e+00
-7.316750549990367780e+00
-7.782630980881684479e+00
-7.943047332217127554e+00
-7.611720103759539668e+00
-8.111824720968787261e+00
-8.011529813591220517e+00
-8.397257098026049249e+00
-8.827513991688656247e+00
-8.791958000267886320e+00
-8.859072062530081837e+00
-8.801401459014355666e+00
-8.765845754657187072e+00
-8.871399226142379746e+00
-8.756063971786606004e+00
-9.058162349788119627e+00
-9.354925409775184164e+00
-9.472265851732419861e+00
-9.182405836331621884e+00
-9.466056907394042597e+00
-9.205930429206352628e+00
-6.177438730766253272e+00
-6.481959989906353137e+00
-6.911970886322249541e+00
-7.359377190723202844e+00
-7.489429732098471959e+00
-7.898916056597818702e+00
-8.210999587087156826e+00
-8.356953399427505147e+00
-8.254580186068819714e+00
-8.061134100224579768e+00
-8.575266526843490666e+00
-9.192146650860244961e+00
-9.480661688628943651e+00
-9.247242201031047770e+00
-9.244374783226001924e+00
-9.240289808829617257e+00
-9.173585488690982004e+00
-9.279060441108191171e+00
-9.732961157844018274e+00
-9.727272658739991584e+00
-9.926997868079537213e+00
-9.838371907536162198e+00
-9.920924998204533551e+00
-9.567825981806617364e+00
-7.778644753287571767e+00
-8.052567106860101021e+00
-8.344634908216399083e+00
-8.528212110382840550e+00
-8.848724684729518231e+00
-9.012994845833329549e+00
-8.602460656442456610e+00
-9.071375400891673380e+00
-9.555541052268159419e+00
-9.595100537788677997e+00
-9.980434832205547835e+00
-1.004515494242310325e+01
-9.942057431963608138e+00
-9.628234260910168985e+00
-9.718040709382400166e+00
-9.707971100728638447e+00
-9.604381022763455178e+00
-9.927803185342591874e+00
-1.025144951890314005e+01
-1.010786502168695478e+01
-1.028365258354891409e+01
-1.041504851191591818e+01
-1.028309416031857459e+01
-1.038581830961612873e+01
-8.554576006652075293e+00
-8.778267277177256744e+00
-9.114881362483066241e+00
-9.390715252329547624e+00
-9.902267504928227382e+00
-9.471601564115912808e+00
-1.023803709940962570e+01
-1.052372195846795044e+01
-1.052843626616581929e+01
-1.060389462970156949e+01
-1.048712018913828459e+01
-1.017102695615003505e+01
-1.006426455197372860e+01
-1.004888737433891954e+01
-1.002854433565873649e+01
-1.036916422091615964e+01
-1.072562876577515212e+01
-1.063160773465516584e+01
-1.094144911372385742e+01
-1.075691599120158948e+01
-1.077170216256761037e+01
-9.061757292434014843e+00
-9.395685516234667745e+00
-9.538701656711470633e+00
-9.973578209855315180e+00
-1.006037362270293656e+01
-1.048749804067673530e+01
-1.053956879212655906e+01
-1.088882490316151141e+01
-1.089649556670420161e+01
-1.091723074875872967e+01
-1.103691755666508101e+01
-1.087483766834517951e+01
-1.082072060121592827e+01
-1.055491844228411402e+01
-1.032405382265030269e+01
-1.071287515940186097e+01
-1.087789001999681915e+01
-1.098021048102986263e+01
-1.116337647473799954e+01
-1.115899186499997420e+01
-1.147206146394541193e+01
-1.125099648357724114e+01
-1.111898688083266684e+01
-9.751572203592663968e+00
-1.007220487600137737e+01
-1.041102399679227375e+01
-1.085872554792333489e+01
-1.102580505529730281e+01
-1.127074270832975245e+01
-1.126406711826335716e+01
-1.127040627329029299e+01
-1.156108116719943446e+01
-1.149164636677898521e+01
-1.133544994105559489e+01
-1.131635268570928687e+01
-1.103631711689242323e+01
-1.118489689789057806e+01
-1.132390995291975067e+01
-1.160224241733911654e+01
-1.172086763623410377e+01
-1.196043072509072580e+01
-1.176837061348697056e+01
-1.153228064942472919e+01
-1.151794136610472918e+01
-1.042944511491520210e+01
-1.089124947003689492e+01
-1.129859840375559266e+01
-1.151199398471030655e+01
-1.161624061713243172e+01
-1.157720374173301359e+01
-1.182173875936054053e+01
-1.205290724386516921e+01
-1.188636996754978981e+01
-1.183768992075972726e+01
-1.184245440396864346e+01
-1.169042549568581357e+01
-1.139797166038385612e+01
-1.159301698297166006e+01
-1.194646109488403951e+01
-1.210583690250157218e+01
-1.235030386298419458e+01
-1.230860856012970217e+01
-1.231073633225580011e+01
-1.198057293523168809e+01
-1.188975681265778306e+01
-1.165394888261986850e+01
-1.088642344770115322e+01
-1.133481164649385775e+01
-1.132405596086701216e+01
-1.185471581051506895e+01
-1.168165055476632297e+01
-1.185091253085508711e+01
-1.215641859527286073e+01
-1.196958640637417126e+01
-1.221940212438948947e+01
-1.253391931683760063e+01
-1.237107841001664887e+01
-1.232739240128502267e+01
-1.222872257233221305e+01
-1.216311934933759176e+01
-1.221017821704412576e+01
-1.248459549709798111e+01
-1.273373112296176224e+01
-1.306765241178810477e+01
-1.267989051667814770e+01
-1.266497696712162657e+01
-1.268514671134082406e+01
-1.236045630048909416e+01
-1.185922818215839314e+01
-1.174212599411653812e+01
-1.203056087867063617e+01
-1.247568144664873557e+01
-1.240584351972902688e+01
-1.207230639960834395e+01
-1.247273193695498428e+01
-1.270138293672181895e+01
-1.239807639926096172e+01
-1.272922273790521963e+01
-1.321186317385882703e+01
-1.281852919805729485e+01
-1.277904271174685924e+01
-1.279243685230297523e+01
-1.260197287370245789e+01
-1.278213415760301253e+01
-1.260856438808785995e+01
-1.291985321525666741e+01
-1.330786997099627378e+01
-1.351886082690453783e+01
-1.367297840868277881e+01
-1.320433195891173916e+01
-1.309181104790478933e+01
-1.311723026104975176e+01
-1.275636921278766600e+01
-1.246209960334659073e+01
-1.288232014154668903e+01
-1.287543604991050472e+01
-1.285612531254951207e+01
-1.316027546519138092e+01
-1.317438043656974322e+01
-1.279409583796376104e+01
-1.312540487144041101e+01
-1.354117209996872262e+01
-1.375997427398078976e+01
-1.314764556164001164e+01
-1.314431937473859691e+01
-1.335636750712795617e+01
-1.308239293951898574e+01
-1.344484274376994293e+01
-1.315970547694831794e+01
-1.361866689611917991e+01
-1.387576728524887848e+01
-1.401154508973618640e+01
-1.382688163607251930e+01
-1.410592941971892778e+01
-1.361542755712813602e+01
-1.346215405212691785e+01
-1.351318861078635258e+01
-1.368922330208327054e+01
-1.327533026821107143e+01
-1.328114035944425275e+01
-1.365925400206973883e+01
-1.354213357525711814e+01
-1.371913272760892077e+01
-1.345368481678668005e+01
-1.369861354570245915e+01
-1.388672393580802122e+01
-1.412071101122647754e+01
-1.384803364125475156e+01
-1.351337583458929714e+01
-1.377998456823709361e+01
-1.398054618364763257e+01
-1.406903879919921962e+01
-1.424981813307594081e+01
-1.435154024395701811e+01
-1.451278474417537723e+01
-1.440093301459924291e+01
-1.453108766875903868e+01
-1.432479419463967041e+01
-1.390689368112915858e+01
-1.388136111680805307e+01
-1.329677323829462310e+01
-1.380267064879731720e+01
-1.373165267716438898e+01
-1.406565562104608347e+01
-1.394146245326651190e+01
-1.417470940447626937e+01
-1.402826290364003370e+01
-1.417596159245171172e+01
-1.429655558729527520e+01
-1.461994433435672036e+01
-1.418886835295900539e+01
-1.434110769391672413e+01
-1.448330532899948686e+01
-1.449358522688222273e+01
-1.479107927078018925e+01
-1.473019993171416608e+01
-1.478992306830564019e+01
-1.488485215218158864e+01
-1.500152752081779184e+01
-1.473411141042605443e+01
-1.470062913408829885e+01
-1.433649582286434132e+01
-1.404251585910796685e+01
-1.417481638051048698e+01
-1.446254264365454745e+01
-1.433141098295580740e+01
-1.480932644829432476e+01
-1.442579818407229553e+01
-1.457296304572380485e+01
-1.468472569890939994e+01
-1.505125461954189703e+01
-1.511809384888473673e+01
-1.472559551976956271e+01
-1.468786923852596260e+01
-1.503523005751039143e+01
-1.530951935625261839e+01
-1.519560798654837086e+01
-1.519332125439172643e+01
-1.540860557818687404e+01
-1.536179694431197262e+01
-1.527467373505613502e+01
-1.505616961784380337e+01
-1.469587070099122350e+01
-1.493291240839450396e+01
-1.447690894088163738e+01
-1.497714479114978481e+01
-1.501188841728198575e+01
-1.466872763051761908e+01
-1.521240980940213738e+01
-1.512963259729384546e+01
-1.548151547647636939e+01
-1.505723024705907775e+01
-1.515245279464397932e+01
-1.485873577146873359e+01
-1.542497905378060707e+01
-1.574994632185908827e+01
-1.561616007824092911e+01
-1.542006181971617096e+01
-1.504413364166263456e+01
-1.569395737136572677e+01
-1.579793633857660140e+01
-1.563249747184721805e+01
-1.559870349080851959e+01
-1.574829226898348189e+01
-1.572297892758639470e+01
-1.573441970896526776e+01
-1.562524312495347623e+01
-1.549812268837230356e+01
-1.485605903140889339e+01
-1.524558559504622224e+01
-1.546354210777034055e+01
-1.537369785004548461e+01
-1.551902785773434523e+01
-1.561147111646717889e+01
-1.553742297839796649e+01
-1.562757392109445576e+01
-1.606370016092268571e+01
-1.575394063637044617e+01
-1.610866009699483570e+01
-1.629629059450591910e+01
-1.595835485232966278e+01
-1.613510054584100928e+01
-1.635209962947250162e+01
-1.611094783619929061e+01
-1.639942944354620735e+01
-1.602991399823338625e+01
-1.605112166159278075e+01
-1.606188880026809329e+01
-1.605759501123152688e+01
-1.629031301055787395e+01
-1.587736635109607874e+01
-1.568697746916029523e+01
-1.585548593961708441e+01
-1.584144070319387509e+01
-1.593838976004772157e+01
-1.601646883312855252e+01
-1.596847137247916315e+01
-1.636190041854635524e+01
-1.659022720935913497e+01
-1.667900571887958350e+01
-1.677617684774221019e+01
-1.651891195050814432e+01
-1.686620948041184320e+01
-1.667877042177937952e+01
-1.670849991446172211e+01
-1.654162815081700444e+01
-1.647776616741676392e+01
-1.677358255819914135e+01
-1.646495102051939341e+01
-1.686426873792279935e+01
-1.669137688077194781e+01
-1.631120354986972387e+01
-1.633126917094390507e+01
-1.607237964139487474e+01
-1.643815545537140466e+01
-1.642625403183983579e+01
-1.653187850055189756e+01
-1.629378356596970434e+01
-1.667955301781777777e+01
-1.678729178853686221e+01
-1.699083581714207369e+01
-1.706990552574799835e+01
-1.718136764407330119e+01
-1.734883449393534960e+01
-1.705093381514942763e+01
-1.705639586104468464e+01
-1.720527306194736283e+01
-1.709067985518322175e+01
-1.706855635611156785e+01
-1.748401437930496627e+01
-1.756441180952234049e+01
-1.716291372748274924e+01
-1.726337750492059797e+01
-1.701726245419085970e+01
-1.666285053811249739e+01
-1.645207975040189652e+01
-1.685395915601939976e+01
-1.696337461745526198e+01
-1.670388354783859342e+01
-1.677605336111138001e+01
-1.704748750884522579e+01
-1.719954492849359795e+01
-1.717794419011794105e+01
-1.740310917699741111e+01
-1.751786539913157625e+01
-1.757616808874101366e+01
-1.773305755580546972e+01
-1.801889425028547720e+01
-1.755247185582650715e+01
-1.744184760854037108e+01
-1.761092140955116747e+01
-1.749310368643554980e+01
-1.795160096415532180e+01
-1.806226883512395887e+01
-1.825318408783978441e+01
-1.787091666922014710e+01
-1.747339886005823217e+01
-1.718992327260946240e+01
-1.742751345933852747e+01
-1.761794225577489215e+01
-1.704631023958399183e+01
-1.725185610199227071e+01
-1.760809055561553294e+01
-1.758128341482066048e+01
-1.755907627352001654e+01
-1.792064094097936788e+01
-1.786405707987873370e+01
-1.793195859903778455e+01
-1.808788455829662922e+01
-1.859204491895506450e+01
-1.855801964271530480e+01
-1.807197967880172484e+01
-1.811784883153145032e+01
-1.848083513267686939e+01
-1.836333645609299481e+01
-1.840438784383013271e+01
-1.868449163139625568e+01
-1.863048168880794364e+01
-1.825021185753213615e+01
-1.789769030596866628e+01
-1.782566163037241225e+01
-1.763273425667783556e+01
-1.809212049210250584e+01
-1.810536156852215228e+01
-1.819498793696313754e+01
-1.850276093506112929e+01
-1.798673641602553985e+01
-1.746700561114871064e+01
-1.823966970275375132e+01
-1.829663696274331031e+01
-1.876691086096553818e+01
-1.917702917047697397e+01
-1.906656158597314388e+01
-1.908617588208275251e+01
-1.860149526823418853e+01
-1.887789960962039615e+01
-1.900446137625313270e+01
-1.910214945658456642e+01
-1.910492088679399814e+01
-1.903128065614436082e+01
-1.862459835602132685e+01
-1.826738165185296126e+01
-1.843426766224784430e+01
-1.867883027335333423e+01
-1.804898952636461473e+01
-1.847804834826102649e+01
-1.855806896650571147e+01
-1.880017198243113441e+01
-1.855771156578051873e+01
-1.870427197058419111e+01
-1.887682467142177245e+01
-1.912811138868529426e+01
-1.865910948604518538e+01
-1.927784366813768102e+01
-1.963417264853746147e+01
-1.956230654217289100e+01
-1.954825403577022058e+01
-1.958878354275989864e+01
-1.926945522387458354e+01
-1.954723591026856155e+01
-1.945072037338702842e+01
-1.952499072733874996e+01
-1.952053270600100987e+01
-1.941550564310558968e+01
-1.937735819624619893e+01
-1.901090741129030803e+01
-1.903280315126479394e+01
-1.878841741613247152e+01
-1.895120581454794007e+01
-1.919647679724097245e+01
-1.914966897570906923e+01
-1.906132096113307384e+01
-1.911303206432421931e+01
-1.943158415158074348e+01
-1.954359348052040346e+01
-1.979840483468603196e+01
-2.000376277639496081e+01
-1.996835513952682106e+01
-2.008938640710294621e+01
-2.005404859047844468e+01
-2.006736931120551759e+01
-2.000247425819937419e+01
-1.990202810136979039e+01
-2.006619029811065502e+01
-1.989160507466998951e+01
-1.998155440823752116e+01
-1.979675455394849592e+01
-1.977333910488902546e+01
-1.966569306451182442e+01
-1.918319661573763213e+01
-1.960533959253226399e+01
-1.960180420866117146e+01
-1.954131334584088364e+01
-1.956789572643855024e+01
-1.973579766764788701e+01
-1.991081309554092726e+01
-2.015327121093224960e+01
-2.040426238367209066e+01
-2.053524041412751799e+01
-2.037515527535294169e+01
-2.046794564248178006e+01
-2.042813394967001983e+01
-2.052704303446610368e+01
-2.069614877585555845e+01
-2.035880608102786837e+01
-2.052520528743120565e+01
-2.040441960806603561e+01
-2.020601193274634610e+01
-1.959027851957242916e+01
-1.999951246093872470e+01
-2.014840352531655299e+01
-1.996157882506719972e+01
-2.004296430169875975e+01
-2.008805707808006247e+01
-2.016410229623432926e+01
-2.035846034470980470e+01
-2.045280561162664767e+01
-2.091477275040875838e+01
-2.097736800303486149e+01
-2.102515240638955873e+01
-2.077297604631509387e+01
-2.094790572176286503e+01
-2.080523638750992177e+01
-2.105348333867824451e+01
-2.107153355212498269e+01
-2.093316452867792776e+01
-2.079142415458618132e+01
-2.114264548372847230e+01
-2.099212666274528516e+01
-2.062027562391008217e+01
-2.039621145682769310e+01
-2.055150657789244661e+01
-2.036863186381979673e+01
-2.055897526349678017e+01
-2.072359702598530617e+01
-2.068870818711785020e+01
-2.091242719018859475e+01
-2.145735734532213357e+01
-2.134569771649772107e+01
-2.138378247832640255e+01
-2.153320957525472323e+01
-2.137554101890001590e+01
-2.127221730041245706e+01
-2.166911444765287342e+01
-2.147086593605610361e+01
-2.131709059825335473e+01
-2.127917537231029499e+01
-2.147176615519050102e+01
-2.144509796229073828e+01
-2.136049111214621732e+01
-2.098991690087450834e+01
-2.117877008886934220e+01
-2.071740923369501886e+01
-2.114630506306529512e+01
-2.107367243772742427e+01
-2.075361690494574773e+01
-2.111265087838526355e+01
-2.121407328143072490e+01
-2.123351145790302041e+01
-2.106932993242012486e+01
-2.153280104291009422e+01
-2.195857044718354345e+01
-2.190877832805587389e+01
-2.181478097675505623e+01
-2.181219642305807582e+01
-2.195982630054940188e+01
-2.183258842295379054e+01
-2.204032842404127024e+01
-2.208149399934229962e+01
-2.172600709776337169e+01
-2.163882710825014399e+01
-2.196056274490032223e+01
-2.181650925959337428e+01
-2.176567249257079695e+01
-2.113484785353734807e+01
-2.154827912527946410e+01
-2.154482111257046739e+01
-2.153739828204065176e+01
-2.134109750763325764e+01
-2.156134020288415698e+01
-2.187173290363638856e+01
-2.160450530678308922e+01
-2.199389944079564430e+01
-2.234869760003508432e+01
-2.255781695754174976e+01
-2.233482809050882523e+01
-2.225775397444835235e+01
-2.223980357127177143e+01
-2.233082904074988662e+01
-2.228278205839604098e+01
-2.242244091091376035e+01
-2.244051615145524181e+01
-2.229713692048374440e+01
-2.217770279474382278e+01
-2.238456790566127452e+01
-2.217785626349117223e+01
-2.214563053677940729e+01
-2.194073697582272686e+01
-2.190576945489812388e+01
-2.192613934083922089e+01
-2.227565259791497354e+01
-2.249257576840079764e+01
-2.269237452133985045e+01
-2.303465038210275750e+01
-2.276712753885662011e+01
-2.271002608900485953e+01
-2.265693577765561173e+01
-2.259249924758087147e+01
-2.285675264748469360e+01
-2.279066251092051232e+01
-2.286816776083116309e+01
-2.271988997754094797e+01
-2.252050592254059325e+01
-2.195656745178266789e+01
-2.255506245446466806e+01
-2.276226163290718318e+01
-2.251484508394428374e+01
-2.233136667787817586e+01
-2.231232939146449823e+01
-2.267307210787970817e+01
-2.286883623447339176e+01
-2.346159999002696495e+01
-2.353320641423065140e+01
-2.340646200448194136e+01
-2.310852880926491437e+01
-2.312958041875282689e+01
-2.309898705352779302e+01
-2.308789307492441623e+01
-2.320123618991706849e+01
-2.321387181824290380e+01
-2.328078580183728263e+01
-2.328996611477131395e+01
-2.323726754028447061e+01
-2.332115955216636394e+01
-2.291822136013923839e+01
-2.237098897619890181e+01
-2.234512464103949725e+01
-2.297325695117121569e+01
-2.275341924704666496e+01
-2.272816699417985475e+01
-2.270102045406325786e+01
-2.308286464688890050e+01
-2.348553550692556158e+01
-2.388962389454407642e+01
-2.408933970091987931e+01
-2.389187508336258503e+01
-2.352992600720402194e+01
-2.347583973448085004e+01
-2.336278677334968279e+01
-2.352630781328436882e+01
-2.349004720554563974e+01
-2.372657616513585666e+01
-2.373657596319413798e+01
-2.379789709854880186e+01
-2.369301464006700897e+01
-2.369557496490763882e+01
-2.333222956413205296e+01
-2.275792224608649050e+01
-2.312254573256094758e+01
-2.310320569058238860e+01
-2.350419818777311320e+01
-2.388653013310609552e+01
-2.427085561315609397e+01
-2.429478592450013963e+01
-2.465451306309356028e+01
-2.468421626956226334e+01
-2.454170487885837915e+01
-2.407904053050905802e+01
-2.382138719769205437e+01
-2.371448448240910167e+01
-2.417501338086831453e+01
-2.390856658068324592e+01
-2.419953624211207810e+01
-2.439398949030337960e+01
-2.421834153535602852e+01
-2.434359482086857440e+01
-2.407482187983083222e+01
-2.405308784153004709e+01
-2.368986952762049114e+01
-2.314936237321776602e+01
-2.313589612763971459e+01
-2.423402989410312713e+01
-2.408272829226154954e+01
-2.351856277825247687e+01
-2.391377071258323639e+01
-2.430791490720842418e+01
-2.466742100576968966e+01
-2.468355422354207107e+01
-2.506829835598478340e+01
-2.507400038854498092e+01
-2.498902180336797585e+01
-2.456890245010731988e+01
-2.444595525552943727e+01
-2.410858914913463380e+01
-2.410014960580377874e+01
-2.455364184073848577e+01
-2.458017233293806925e+01
-2.484270769309002702e+01
-2.503778146972186747e+01
-2.469284848980759861e+01
-2.476342094574478381e+01
-2.445401193729804135e+01
-2.445454654977830700e+01
-2.354320311446462100e+01
-2.353671687198538010e+01
-2.393031380654878149e+01
-2.431777607771488903e+01
-2.390987382423911001e+01
-2.470968175427244873e+01
-2.509576241914833972e+01
-2.548187335093448525e+01
-2.545383552023624318e+01
-2.545047445260884089e+01
-2.536753929622554082e+01
-2.540826027726838987e+01
-2.498826196683777567e+01
-2.489254137213041318e+01
-2.448378284157218232e+01
-2.490150094175830375e+01
-2.487378533927681090e+01
-2.528856289178839489e+01
-2.549445202802514032e+01
-2.548983611333226662e+01
-2.533505367819480725e+01
-2.517398299062521616e+01
-2.484996541695301175e+01
-2.483355376037117068e+01
-2.507533467365373170e+01
-2.513646269636532793e+01
-2.471942537226426140e+01
-2.510862154432134119e+01
-2.549561459357112980e+01
-2.589715419188042134e+01
-2.588969535006005174e+01
-2.586600663057462413e+01
-2.583742952290967310e+01
-2.576399149709526171e+01
-2.583148161783411112e+01
-2.581151512112295521e+01
-2.532597791847848967e+01
-2.531342744231420738e+01
-2.526073652509108314e+01
-2.571652650925532768e+01
-2.592751351258771919e+01
-2.588778565820009447e+01
-2.590536595589047408e+01
-2.577848056087977824e+01
-2.560571252457911484e+01
-2.554667141464557290e+01
-2.521124340002236508e+01
-2.472783322397054206e+01
-2.432002243956129206e+01
-2.511892435611735053e+01
-2.550859913376599764e+01
-2.591046644993253523e+01
-2.631589094813069352e+01
-2.630202991744339869e+01
-2.628521095008166597e+01
-2.627315645172045677e+01
-2.621235132649132638e+01
-2.618598211522824926e+01
-2.625129614797949529e+01
-2.621182441470799063e+01
-2.574620970724171798e+01
-2.595072480507600332e+01
-2.605449046243164446e+01
-2.638669943299178300e+01
-2.629461599127757054e+01
-2.627320906917007193e+01
-2.621213298182486540e+01
-2.610653668408121320e+01
-2.600632366296936127e+01
-2.594370007193699479e+01
-2.563110651128000583e+01
-2.512854186026303438e+01
-2.553416916680201965e+01
-2.592279790200403511e+01
-2.552305938948915198e+01
-2.633260498272555594e+01
-2.673927391654217089e+01
-2.687912120185991327e+01
-2.670472712973625917e+01
-2.668277611563647156e+01
-2.662823376712036705e+01
-2.671588000105066740e+01
-2.669722250190291390e+01
-2.661738399204279659e+01
-2.617758098410586598e+01
-2.628923407421246949e+01
-2.678420225071619498e+01
-2.662898440251662180e+01
-2.659022677803113410e+01
-2.674867779449484573e+01
-2.655501843336386614e+01
-2.640833892780678127e+01
-2.664244899147298895e+01
-2.636596043444740545e+01
-2.635002908178766035e+01
-2.600016956076771280e+01
-2.593856586176469037e+01
-2.636034127867302956e+01
-2.675765341280176912e+01
-2.715993482050329888e+01
-2.720040036337806910e+01
-2.747724057508478879e+01
-2.729148459077020306e+01
-2.708765741993353870e+01
-2.708342576208661612e+01
-2.706184221172737736e+01
-2.714736402735179510e+01
-2.709056666546367254e+01
-2.716456672873189149e+01
-2.718568875913446448e+01
-2.668925928873140307e+01
-2.713544670614176013e+01
-2.691080947948631064e+01
-2.738442202126421066e+01
-2.721732851833424505e+01
-2.711079011071406342e+01
-2.686781703315856262e+01
-2.692713884124848889e+01
-2.723081552985338760e+01
-2.674742792524902413e+01
-2.680200021269646626e+01
-2.673654047739563921e+01
-2.755495935242580074e+01
-2.764015935615487152e+01
-2.808420914515818367e+01
-2.785536934027114242e+01
-2.773153325498852695e+01
-2.746776251270495806e+01
-2.748337425554615265e+01
-2.767741254201770573e+01
-2.761107896893562597e+01
-2.739767284978356443e+01
-2.760184356627908286e+01
-2.755878888964336326e+01
-2.748363885227088232e+01
-2.777965592115949534e+01
-2.779116043450540019e+01
-2.761069904429142952e+01
-2.772438772792134998e+01
-2.749044197407476631e+01
-2.710129705935333178e+01
-2.707286166141667749e+01
-2.798424116989110644e+01
-2.836466819008981588e+01
-2.852897648927146079e+01
-2.849611415383040480e+01
-2.830620335490733552e+01
-2.817806304952011587e+01
-2.793992584391128986e+01
-2.814106646275146772e+01
-2.829267097216021298e+01
-2.802409412272783129e+01
-2.781171801436346058e+01
-2.805002784503416180e+01
-2.786377784622482778e+01
-2.807659888456431219e+01
-2.824365970271744075e+01
-2.817029063104256537e+01
-2.811948289520667288e+01
-2.816629634999300791e+01
-2.783348939111920473e+01
-2.782132752469432546e+01
-2.746092617472584863e+01
-2.743732518596068815e+01
-2.878248312107737661e+01
-2.900231848559394621e+01
-2.889976802299932501e+01
-2.880398520119048911e+01
-2.859836606520631008e+01
-2.863518002866340950e+01
-2.865189787726050596e+01
-2.875047110162476827e+01
-2.839347374130684187e+01
-2.848349071684137357e+01
-2.835099576980487512e+01
-2.852715735534537700e+01
-2.869014040202394256e+01
-2.864909252944827855e+01
-2.859031522739181952e+01
-2.869904231608638767e+01
-2.870528555019515338e+01
-2.826754172123121478e+01
-2.815811496131934888e+01
-2.778132258076916727e+01
-2.833420607519675016e+01
-2.925211996243247725e+01
-2.938651768342577952e+01
-2.921386613981242775e+01
-2.919823741325363997e+01
-2.922847251794687296e+01
-2.902377700491436130e+01
-2.925923604775748643e+01
-2.896562996284731994e+01
-2.893388876925110509e+01
-2.870781651038127791e+01
-2.888693948104856801e+01
-2.890901811668107513e+01
-2.911537783446015837e+01
-2.911901287975980068e+01
-2.900875830024270385e+01
-2.911084259082575443e+01
-2.902631319246440711e+01
-2.922481778122966745e+01
-2.888830730585349116e+01
-2.852868021070399962e+01
-2.965958839272411041e+01
-3.016391900959381189e+01
-2.962697851134600313e+01
-2.971712363325602979e+01
-2.969461814469551797e+01
-2.964722949150924336e+01
-2.950011374709866274e+01
-2.968256194044470320e+01
-2.952425169880960709e+01
-2.938130150251035033e+01
-2.945465739409014105e+01
-2.940664769384783384e+01
-2.941844045678314856e+01
-2.952283147769877658e+01
-2.936922340481354610e+01
-2.950454420915800213e+01
-2.934230175719724443e+01
-2.956963569778383416e+01
-2.924012764154142019e+01
-2.916197132555280902e+01
-3.009399805269071848e+01
-3.054167171452775520e+01
-3.076224214370635934e+01
-3.078863081008407576e+01
-3.031997459276836437e+01
-3.016508460119763058e+01
-3.043327899238967049e+01
-3.012096066757836255e+01
-2.990156610104521917e+01
-2.997061453034383405e+01
-3.041749176986641956e+01
-3.008778881460087007e+01
-2.993204588603434857e+01
-2.977034121352590645e+01
-2.980690545654161738e+01
-2.973605787894808827e+01
-2.993039777735662099e+01
-2.972387835692703106e+01
-2.980509952095887272e+01
-2.969519502066314942e+01
-2.991830578596935553e+01
-2.986591185240831337e+01
-2.955316957185273452e+01
-3.100189187836260984e+01
-3.128572209158110340e+01
-3.120833858694819085e+01
-3.089917759211554227e+01
-3.069005822556104945e+01
-3.077983138066692348e+01
-3.077683503801223708e+01
-3.041604659209241746e+01
-3.052018621502788065e+01
-3.049068441256071438e+01
-3.014956774160712882e+01
-3.018277842720196347e+01
-3.013997361073724335e+01
-3.006092388550114336e+01
-3.022555070024379376e+01
-3.013827088817830102e+01
-3.027221040528684881e+01
-3.025610082600914552e+01
-3.003792325720158729e+01
-3.082671696470092826e+01
-3.017584738875859784e+01
-3.147621260733640369e+01
-3.195932319857719506e+01
-3.215389111390639698e+01
-3.171299960943343521e+01
-3.155921022380918473e+01
-3.135850375913186738e+01
-3.146540040493692558e+01
-3.124262120053266401e+01
-3.095873567078483646e+01
-3.094050873410653324e+01
-3.062835582670021495e+01
-3.073309096832062437e+01
-3.045865080564416871e+01
-3.044251187335835951e+01
-3.036940514033316063e+01
-3.056324876169069427e+01
-3.043556659567843070e+01
-3.057505933386379482e+01
-3.076352689149002728e+01
-3.056107682284776317e+01
-3.047522555960131996e+01
-3.243006931791810388e+01
-3.267953494069550402e+01
-3.263490079163811686e+01
-3.216946691537390990e+01
-3.209975790826963760e+01
-3.187879666647564392e+01
-3.184920719176786008e+01
-3.137954093533191724e+01
-3.154922670468787516e+01
-3.117938645934951225e+01
-3.120477275322949140e+01
-3.102488539684805957e+01
-3.078539265788120005e+01
-3.068267005040736350e+01
-3.097131649668232001e+01
-3.089647123392245120e+01
-3.077689580039446682e+01
-3.085957543407306858e+01
-3.106965346577036513e+01
-3.105669848723226067e+01
-3.075048789328427290e+01
-3.297236165725480106e+01
-3.331248077838739619e+01
-3.298764140897424824e+01
-3.265448375131145298e+01
-3.295660789855621431e+01
-3.242526972521539363e+01
-3.224455682816044089e+01
-3.203790946100336612e+01
-3.216080953666131848e+01
-3.175102581993494866e+01
-3.152991830798362471e+01
-3.118136223972896204e+01
-3.142468880466747549e+01
-3.118187333906885428e+01
-3.125181263869095716e+01
-3.113385730554003317e+01
-3.134985987780507699e+01
-3.130096154700851940e+01
-3.104622121499620846e+01
-3.157864756066074463e+01
-3.346038208257532176e+01
-3.374238917442101382e+01
-3.402676609820953502e+01
-3.394629290834522095e+01
-3.336166564637116494e+01
-3.353299045916411814e+01
-3.336197805182618481e+01
-3.289821339237555264e+01
-3.298324381924734183e+01
-3.267458856973082248e+01
-3.266975933785340658e+01
-3.255811552757634075e+01
-3.228669017198994595e+01
-3.213153806389052392e+01
-3.181203510960734349e+01
-3.181071719973121859e+01
-3.151090731409836465e+01
-3.161542877553178599e+01
-3.135207192032762435e+01
-3.143546732439463298e+01
-3.162839997769827605e+01
-3.153190761585375768e+01
-3.150666722851733326e+01
-3.129532516349360449e+01
-3.407078557822667619e+01
-3.462111565785176737e+01
-3.492265655937708857e+01
-3.449956986849880280e+01
-3.404627853079431077e+01
-3.415619446721494512e+01
-3.395469979000835536e+01
-3.325894360400863548e+01
-3.329692902749623329e+01
-3.313058355408391265e+01
-3.272638842433892847e+01
-3.251407096384609474e+01
-3.213765265233362811e+01
-3.229980766953590887e+01
-3.187172030360029495e+01
-3.193825906015618088e+01
-3.163732244651801295e+01
-3.178194863407061632e+01
-3.187229577057396668e+01
-3.173858349744103080e+01
-3.171221399269251506e+01
-3.519475558422644923e+01
-3.558887293608777469e+01
-3.508442856674388111e+01
-3.524388360905283690e+01
-3.475403431249159070e+01
-3.486002201386274635e+01
-3.454283279328661393e+01
-3.387935345914250718e+01
-3.351366571445271347e+01
-3.374210810459529597e+01
-3.348865646208973601e+01
-3.313943476135688115e+01
-3.287715796658895329e+01
-3.293418336618303499e+01
-3.264203867567039197e+01
-3.223157340846695718e+01
-3.206681535183815868e+01
-3.204589279123799628e+01
-3.221049352856989145e+01
-3.211299113436495389e+01
-3.191958456478592865e+01
-3.188480001283389953e+01
-3.462790478876092237e+01
-3.249570633080218585e+01
-3.583088554867552489e+01
-3.645117929401514090e+01
-3.634820128394253658e+01
-3.579938244507506084e+01
-3.563422394230993717e+01
-3.550984405621372275e+01
-3.521084010486918459e+01
-3.441442621657234469e+01
-3.395684796295071095e+01
-3.368163187676548631e+01
-3.333315873454078826e+01
-3.331933328919378567e+01
-3.298252139435069097e+01
-3.273721143089672125e+01
-3.238708984025092974e+01
-3.231527642358639696e+01
-3.245757271527021715e+01
-3.233121358073140073e+01
-3.231814836625826359e+01
-3.219626575836080207e+01
-3.207371030174459747e+01
-3.205002664259182410e+01
-3.574132400523976827e+01
-3.413204201912096636e+01
-3.652061405800424154e+01
-3.725520443945691085e+01
-3.755032918538282871e+01
-3.711897772972874066e+01
-3.749058531803826355e+01
-3.661952962940589629e+01
-3.645490578687572736e+01
-3.605765283443869862e+01
-3.555812666726014015e+01
-3.501007962915669935e+01
-3.432629132956925133e+01
-3.379443278896421532e+01
-3.358030191402181686e+01
-3.320368213121543022e+01
-3.295595984221743890e+01
-3.267473199404495432e+01
-3.253130828968158994e+01
-3.261215043855677465e+01
-3.257090306996513362e+01
-3.235655652775258062e+01
-3.226956976559262813e+01
-3.216608962142252892e+01
-3.801190029767256107e+01
-3.829546399832963033e+01
-3.854697284555032155e+01
-3.792495334747552249e+01
-3.754859306865206037e+01
-3.713856375351544870e+01
-3.691485264535688060e+01
-3.622306282329354588e+01
-3.575969762407655850e+01
-3.525659622270548965e+01
-3.470302357645832103e+01
-3.411179038627071236e+01
-3.367149943447562066e+01
-3.320109968828222691e+01
-3.293274714572509509e+01
-3.271292746766589943e+01
-3.250137361667366065e+01
-3.242360776557476498e+01
-3.231816489511795965e+01
-3.225370130424331450e+01
-3.282285207179415920e+01
-3.879165977969357471e+01
-3.910462873922936211e+01
-3.977462664434428063e+01
-3.950399799899099662e+01
-3.874745824190846832e+01
-3.903914445666963928e+01
-3.824261055888444361e+01
-3.755954599299144547e+01
-3.674053576804426768e+01
-3.617775971729993501e+01
-3.554721893343905492e+01
-3.465757014336742969e+01
-3.417144217004952367e+01
-3.361679277958214840e+01
-3.323513022636221592e+01
-3.294920700076252729e+01
-3.265312872078414586e+01
-3.255260399666457971e+01
-3.241452687707560898e+01
-3.235584381640423857e+01
-3.228765840624166827e+01
-3.229859513746606581e+01
-3.967223007210517238e+01
-4.053356828352896457e+01
-4.141826460981943825e+01
-4.064021596482113097e+01
-4.030173210672415962e+01
-4.068787321579949179e+01
-3.994600932251767489e+01
-3.852370044367268775e+01
-3.779716860033759218e+01
-3.692724601279271468e+01
-3.628692164723027958e+01
-3.576678639018500405e+01
-3.458140149438973765e+01
-3.494739346793767965e+01
-3.406100215945529897e+01
-3.383304208167961491e+01
-3.325116749541289352e+01
-3.289038374558161593e+01
-3.262622834203116184e+01
-3.240064445572053131e+01
-3.240524919782012603e+01
-3.230811710458305441e+01
-3.229475268851114578e+01
-3.225253086000569169e+01
-4.143804608996499184e+01
-4.240747033789843101e+01
-4.233738643810780644e+01
-4.129455488595658608e+01
-4.174967706203464246e+01
-4.110063532803216901e+01
-3.985201815364303712e+01
-3.887076415497914894e+01
-3.726290660388769282e+01
-3.664515027366304167e+01
-3.525383570181662662e+01
-3.446122912265533955e+01
-3.372441234993139858e+01
-3.315324621679837236e+01
-3.289062228098494955e+01
-3.242731197871911775e+01
-3.216270525377349543e+01
-3.220391391059676778e+01
-3.227261043157787412e+01
-3.221354365045449697e+01
-3.218973808372827250e+01
-4.242100143748999841e+01
-4.342267121702403898e+01
-4.339662361287584247e+01
-4.353443847699621472e+01
-4.307007253138662151e+01
-4.245233369236029830e+01
-4.116545435226982619e+01
-4.028935394469619524e+01
-3.827588616613600436e+01
-3.639407922668123518e+01
-3.516972124867292138e+01
-3.426893809390209356e+01
-3.379439763045657941e+01
-3.279010070338598837e+01
-3.262903630277191525e+01
-3.198481830812356819e+01
-3.199778794439497531e+01
-3.194465004166261224e+01
-3.202574898440242634e+01
-3.212541294609985698e+01
-3.208988636201859634e+01
-3.996487816293454642e+01
-4.437400037075043713e+01
-4.492399108328370261e+01
-4.525978179690716274e+01
-4.455906047944530002e+01
-4.455338954712939881e+01
-4.410636479687210709e+01
-4.272556126321904912e+01
-4.248409850229915463e+01
-4.051860875142964602e+01
-3.864194699231559582e+01
-3.658477038059002240e+01
-3.460246068430307531e+01
-3.301556106046803762e+01
-3.135388919530697649e+01
-3.148661997870607010e+01
-3.160612266590597486e+01
-3.168193133718781596e+01
-3.178232171572826559e+01
-3.196066420632869409e+01
-3.199702059076313532e+01
-4.527600109617683444e+01
-4.586734734175651340e+01
-4.634464771654165105e+01
-4.595605725790930762e+01
-4.670929395078514546e+01
-4.577381599005477142e+01
-4.637990221684845693e+01
-4.494531283557219581e+01
-4.448589481381844024e+01
-4.126555018848569745e+01
-3.760066863172628615e+01
-3.395901628601239253e+01
-3.105832975634385917e+01
-3.040446462873399014e+01
-2.996575187445237987e+01
-3.092077781768560385e+01
-3.112335151466211158e+01
-3.140192172771987700e+01
-3.161531069189951282e+01
-3.172956692401343304e+01
-3.183497523636972204e+01
-3.190504847896625407e+01
-4.614633914009043991e+01
-4.702809163590824681e+01
-4.723488414708331362e+01
-4.757780979075607775e+01
-4.754754611686133359e+01
-4.836109312526465942e+01
-4.749884906529718620e+01
-4.935097429671415625e+01
-4.867167910011806953e+01
-4.502183413416782543e+01
-4.052478871037860131e+01
-3.769603080068122836e+01
-3.180293768231661033e+01
-2.679969037718146652e+01
-2.859591408717828998e+01
-2.833705915429406019e+01
-3.020039680445261610e+01
-3.080179742725811920e+01
-3.123043651896247397e+01
-3.153099391993404410e+01
-3.172743399218439819e+01
-3.178329735611739437e+01
-3.181890463440287675e+01
-4.695872430766300454e+01
-4.765367929624061816e+01
-4.818850554288502508e+01
-4.807511703640392398e+01
-4.841632133697635965e+01
-4.879059500200578015e+01
-4.996992440688583770e+01
-4.888238668381395513e+01
-5.065033938738295660e+01
-5.296755186258545223e+01
-5.026978806342285822e+01
-4.711370346830036482e+01
-4.194694142766693545e+01
-4.117063236918030356e+01
-3.511267691693676340e+01
-3.036501060849332134e+01
-2.572122707060580638e+01
-2.090730615941298254e+01
-2.224652657007137435e+01
-2.618723052772196525e+01
-2.709154120592387827e+01
-2.850912303264075831e+01
-2.953441656239271040e+01
-3.065164904339687268e+01
-3.120733830603963099e+01
-3.160091229534470614e+01
-3.182560682788921724e+01
-3.190661439032268731e+01
-3.180452106500473874e+01
-4.826613681872782280e+01
-4.877045500869874672e+01
-4.884609150692643453e+01
-4.914089988408187537e+01
-4.908641494907836744e+01
-4.946630513561745346e+01
-5.024003335296691830e+01
-5.127066192759731678e+01
-5.245369210106460400e+01
-5.438243326466981387e+01
-5.647108568299095310e+01
-5.613209388574848191e+01
-5.573421457007076185e+01
-5.122262529590717151e+01
-4.957087194372317640e+01
-4.017678835363987844e+01
-3.606078552397418946e+01
-2.678125145107738447e+01
-2.090632569722427547e+01
-1.448891166912418882e+01
-1.688780487039205624e+01
-1.879787758078821369e+01
-2.057570372378332024e+01
-2.378999062974304124e+01
-2.589318229539143701e+01
-2.859554263441068755e+01
-2.921222701462261639e+01
-3.000190433932617751e+01
-3.081993980952576351e+01
-3.147914055794998944e+01
-3.201875255370563167e+01
-3.213913971837054362e+01
-3.211383572829243604e+01
-4.905142476278546582e+01
-4.934629692173949422e+01
-4.959170414206479194e+01
-4.970675649207880298e+01
-5.014269583839872979e+01
-5.076636428763073638e+01
-5.135756963120836360e+01
-5.265739916942040111e+01
-5.335516700939172807e+01
-5.452228398763833184e+01
-5.548339492972771581e+01
-5.665615904281865056e+01
-5.838765532750208109e+01
-5.834805521351904645e+01
-6.078923305473558969e+01
-5.916625576700396039e+01
-6.126543907704963488e+01
-5.769466104040088084e+01
-5.561737404401117857e+01
-4.915687887550851798e+01
-4.348457880216989224e+01
-3.825966146988001526e+01
-3.297833504934669691e+01
-1.856709360517875496e+01
-1.457151833467010249e+01
-1.515510633611999580e+01
-1.813716227348963628e+01
-1.831250561918199438e+01
-2.047401011576123508e+01
-2.212638902666977359e+01
-2.393618655066719825e+01
-2.531508566278341732e+01
-2.650409884813106487e+01
-2.771363434116581814e+01
-2.941128521686543706e+01
-3.011665798329912036e+01
-3.046745088633110043e+01
-3.142621862894804963e+01
-3.206717925618823273e+01
-3.264852742215695969e+01
-3.256939694978963473e+01
-3.242381506977236683e+01
-4.937123292517821938e+01
-4.965333339006292590e+01
-4.998312538434900887e+01
-5.031737743183049361e+01
-5.075020524339986139e+01
-5.139663035572329619e+01
-5.234652492722599249e+01
-5.289560964138845378e+01
-5.309263751716429880e+01
-5.335732607163078001e+01
-5.386300463793063642e+01
-5.430233305398579802e+01
-5.500036490154285929e+01
-5.535137175470341475e+01
-5.636238009288957329e+01
-5.719749594529014303e+01
-5.190608516799797911e+01
-5.952416675483042496e+01
-6.130645590587302962e+01
-4.944304167362164293e+01
-1.689447176965682829e+01
-2.017725338339612406e+01
-2.153160935005504939e+01
-2.373543208770952617e+01
-2.385686238401856940e+01
-2.533669786273074820e+01
-2.595631393411777310e+01
-2.653082544672363952e+01
-2.742577467373400779e+01
-2.865218563521234429e+01
-2.992181649432949442e+01
-3.089044726830936227e+01
-3.146796075585358921e+01
-3.155544807518731787e+01
-3.092828407959747850e+01
-3.285779899514349722e+01
-3.223023665504088342e+01
-3.322616435340820118e+01
-3.282706957672910164e+01
-4.974738647923374657e+01
-4.964420758761954033e+01
-5.006251027883008931e+01
-5.032843811683054014e+01
-5.073464393360726632e+01
-5.114832837450887837e+01
-5.186434547354825497e+01
-5.285184839915699939e+01
-5.284595579279659461e+01
-5.305556916031929404e+01
-5.323305272248433084e+01
-5.311836426917479770e+01
-5.331245474623498382e+01
-5.331806862157250038e+01
-5.353539171197223112e+01
-5.368133169209252742e+01
-5.402863753365301136e+01
-5.443001951696925289e+01
-4.994794031928518763e+01
-5.562021054563370370e+01
-2.276418259050589654e+01
-2.474854889025423788e+01
-2.553643200192139773e+01
-2.614654316338742746e+01
-2.666830696530305644e+01
-2.746900711433077191e+01
-2.808269873157194496e+01
-2.826198643426862134e+01
-2.877031825916389352e+01
-2.930485698239832359e+01
-2.989350090846870955e+01
-3.075203106186159729e+01
-3.161089089188041967e+01
-3.221713386542095492e+01
-3.258500507086192499e+01
-3.330700242232572350e+01
-3.397505422158683785e+01
-3.384480036948719572e+01
-3.392546598170638106e+01
-3.334637591152409897e+01
-4.975897921106420085e+01
-4.985814468751765816e+01
-4.996481757430729687e+01
-5.015373153262961381e+01
-5.021405408628150724e+01
-5.052558763758048599e+01
-5.116564184179093644e+01
-5.168965409482267148e+01
-5.240307627930391732e+01
-5.289469442077890449e+01
-5.308586679790153084e+01
-5.325454335008632967e+01
-5.305124270551975485e+01
-5.321153636150849309e+01
-5.320562583162411840e+01
-5.325309297321464896e+01
-5.339104838187791557e+01
-5.372647978553528247e+01
-2.714426934374465361e+01
-2.756578977145010256e+01
-2.793746542089042961e+01
-2.859733041539918119e+01
-2.889879216734356504e+01
-2.937590875522684541e+01
-2.944775813631047612e+01
-2.992778982423986633e+01
-3.044961509325218429e+01
-3.099484500677424137e+01
-3.209308584820183086e+01
-3.348859031951973719e+01
-3.344613397618217476e+01
-3.396570342051168012e+01
-3.468292245907513660e+01
-3.519936521521029249e+01
-3.455586254582517824e+01
-3.459944754566849667e+01
-4.981075741727520523e+01
-4.981942209625919560e+01
-4.990655743537635658e+01
-5.003764903580034229e+01
-5.033357756168123132e+01
-5.046137193054274661e+01
-5.075966035699778445e+01
-5.098119926053788475e+01
-5.142886799507177642e+01
-5.186359726901027045e+01
-5.260969540332241934e+01
-5.291781342910033459e+01
-5.317400048990406702e+01
-5.338902667961396276e+01
-5.312040319112499276e+01
-5.330306698656079334e+01
-5.326795332697821550e+01
-5.321778521052816302e+01
-2.919370933908820831e+01
-2.971494017856636205e+01
-2.995490223859691525e+01
-3.044328317768190928e+01
-3.043185532425030004e+01
-3.097206446533856550e+01
-3.153189372956238756e+01
-3.214156087351720714e+01
-3.342243725033539192e+01
-3.472965652520969826e+01
-3.454999021823373084e+01
-3.490631303443960576e+01
-3.433203642510875397e+01
-3.519659285365945323e+01
-3.618384497537520161e+01
-3.646969725791513639e+01
-3.613062094665630752e+01
-3.531927491298275612e+01
-3.535318671419120307e+01
-4.978628947982211628e+01
-4.969397260946162476e+01
-4.971704968821466508e+01
-4.980352970261453294e+01
-4.994182691699395349e+01
-5.025210369147792022e+01
-5.067032778544869132e+01
-5.109096612522619552e+01
-5.172399918517258044e+01
-5.244300605442806784e+01
-5.296092834495883750e+01
-5.302761808766748430e+01
-5.304960848387119654e+01
-5.318509748167193862e+01
-5.344078866915208437e+01
-5.341175497943447681e+01
-5.333618384511905219e+01
-3.020655887254444494e+01
-3.069582475915585817e+01
-3.094532290139453323e+01
-3.151394363910733176e+01
-3.212383637520049717e+01
-3.323928076221834260e+01
-3.444883572291407603e+01
-3.556127592312547847e+01
-3.564677795577823360e+01
-3.646606229663526477e+01
-3.671836675943296768e+01
-3.711773661617917242e+01
-3.741618345335374585e+01
-3.711976356222933759e+01
-3.700437594695032573e+01
-3.616204957185201607e+01
-3.574713818334790716e+01
-4.954591523825976651e+01
-4.956806830641541950e+01
-4.964287878838616308e+01
-4.965416093581760748e+01
-4.989274459151255314e+01
-5.058382313666399455e+01
-5.143077622968218776e+01
-5.218110822930667325e+01
-5.273134021141962080e+01
-5.285210048773470959e+01
-5.312622180854143750e+01
-5.337678372068713628e+01
-5.322028559170828999e+01
-5.344810975007430898e+01
-5.326049948163040426e+01
-5.346033906023004789e+01
-5.326167624190208016e+01
-5.343532951596728964e+01
-3.124684810789310774e+01
-3.151413754469414741e+01
-3.211184955258003981e+01
-3.267369722713159064e+01
-3.326037546671637557e+01
-3.397748333866178427e+01
-3.475804484578463871e+01
-3.550002528271910052e+01
-3.569805155671018326e+01
-3.698502740354399521e+01
-3.765122140867541845e+01
-3.702150595176243542e+01
-3.756425750652143591e+01
-3.801354927402506689e+01
-3.845298480867203494e+01
-3.839793999019477866e+01
-3.787215287598137081e+01
-4.936822615827234273e+01
-4.938937112549052699e+01
-4.942481157423107874e+01
-4.956464898753621640e+01
-4.963589710158450430e+01
-4.994940397735604876e+01
-5.052788221930611456e+01
-5.104482874824036998e+01
-5.165957100564947524e+01
-5.227192315524091981e+01
-5.253638817867874877e+01
-5.282686821478276329e+01
-5.309675096851982090e+01
-5.300911736490598258e+01
-5.325792492198584682e+01
-5.330387218067743760e+01
-5.339880721098339222e+01
-5.344170536074726385e+01
-3.183175094331186727e+01
-3.211750827874592318e+01
-3.266963079096615985e+01
-3.277122228887962052e+01
-3.336048712548387130e+01
-3.348901563310003127e+01
-3.410638374568976161e+01
-3.426049539411381772e+01
-3.491939283601198696e+01
-3.571329903359286817e+01
-3.670848928651196985e+01
-3.886144203439602052e+01
-3.879411307326513736e+01
-3.975170605611241825e+01
-3.852763708998716652e+01
-3.891856950006804539e+01
-3.905584900229718670e+01
-3.950400272906146171e+01
-3.916034020604423205e+01
-3.962760359986308600e+01
-3.872812549712356400e+01
-4.916225289701930024e+01
-4.913872232966748754e+01
-4.912671668882111931e+01
-4.929222433036389361e+01
-4.929792231182272388e+01
-4.926704624886587425e+01
-4.973064017360793088e+01
-5.052002096251481333e+01
-5.119323218171089707e+01
-5.166111540706751981e+01
-5.199603522561206148e+01
-5.232307417542868677e+01
-5.262714190231617550e+01
-5.258729326970168216e+01
-5.288191109452453986e+01
-5.297750923804438372e+01
-5.316292753622087019e+01
-3.245421260646693895e+01
-3.314380109720340073e+01
-3.388670741617494286e+01
-3.469690062967590194e+01
-3.512009650688952433e+01
-3.592462958319477906e+01
-3.688174780215091175e+01
-3.800651727460021334e+01
-3.913826528903793189e+01
-4.057376690852728274e+01
-4.175084937584120581e+01
-4.166668239680090835e+01
-4.199208431149867948e+01
-4.029747893776771406e+01
-4.064363973168205035e+01
-4.055004191786628098e+01
-4.044393786115274025e+01
-4.073616464001510451e+01
-4.042271697363401017e+01
-3.959320221859929489e+01
-4.894455735833792431e+01
-4.882364204821254816e+01
-4.872801982657749420e+01
-4.882106748311438338e+01
-4.904382142609010486e+01
-4.879632369181024387e+01
-4.862783350311742936e+01
-4.976827605242651487e+01
-5.060529182605726106e+01
-5.106413406964451696e+01
-5.137732271127940464e+01
-5.162986620501114032e+01
-5.198540868966324524e+01
-5.201273464115404010e+01
-5.234386811986163224e+01
-5.247292027690159699e+01
-4.906158470539475758e+01
-5.273994586044769051e+01
-3.598747538979035454e+01
-3.607685853559184608e+01
-3.561045440102670057e+01
-3.696340619465675559e+01
-3.752622468235085051e+01
-3.806149079299157734e+01
-3.811604339037336331e+01
-3.922715548308396905e+01
-4.000151322521096375e+01
-4.143423400354242858e+01
-4.277438879814848605e+01
-4.510674582534881694e+01
-4.467362779256097127e+01
-4.375984272265338149e+01
-4.240754664744275004e+01
-4.145510077414696326e+01
-4.144517760218325009e+01
-4.175555920771915197e+01
-4.118495469587215752e+01
-4.330306961086379403e+01
-4.133465972480546213e+01
-4.872224158968610652e+01
-4.847756407007189239e+01
-4.832305359106206311e+01
-4.836835972836531283e+01
-4.830260483305484343e+01
-4.838224294050551322e+01
-4.821775057386143004e+01
-4.767711507249795488e+01
-4.954032400737641240e+01
-5.058954509270295574e+01
-5.108265451735749707e+01
-5.155380716297132437e+01
-5.175938173458440161e+01
-4.861228465217671157e+01
-5.215798595588985620e+01
-3.658354414249087938e+01
-3.707055853326064465e+01
-3.758116121013801347e+01
-3.872171787906638940e+01
-3.933690077529088569e+01
-4.036246656543986688e+01
-4.075557023628290665e+01
-4.186349070575305831e+01
-4.265363275592240910e+01
-4.401425332026780524e+01
-4.601262183164914177e+01
-4.859756199666863807e+01
-4.876534212019645054e+01
-4.651635861967654506e+01
-4.500663306381142093e+01
-4.387883110356762018e+01
-4.351939429474073506e+01
-4.241886016450779806e+01
-4.236000495644204733e+01
-4.259190544691343661e+01
-4.188012207089280281e+01
-4.848930636158966223e+01
-4.826613008656395465e+01
-4.816952352240821256e+01
-4.825003022330536595e+01
-4.795716820037692685e+01
-4.800899964098819339e+01
-4.799102163926742293e+01
-4.805096939100360487e+01
-4.774704567137170130e+01
-4.753903528352306296e+01
-4.674960483089171248e+01
-4.618802810167539263e+01
-4.713705097019538215e+01
-4.820880689724556589e+01
-4.935798096050976369e+01
-5.002334801869662328e+01
-5.059692245555388013e+01
-5.108464500674271846e+01
-5.130649108545363646e+01
-4.004376554328677429e+01
-4.154273098662915231e+01
-4.234277569505000116e+01
-4.318526412646833279e+01
-4.422827186311577918e+01
-4.516999722233074266e+01
-4.656320875926878244e+01
-4.775425867782202261e+01
-4.965436013194741349e+01
-5.081194923657623974e+01
-5.115570185992510233e+01
-5.298725394741985895e+01
-5.085605666866636909e+01
-4.885565404434558445e+01
-4.721175857743938309e+01
-4.593132509271641339e+01
-4.485496465126325205e+01
-4.451330746488994805e+01
-4.386098049805997334e+01
-4.309042114075501928e+01
-4.329724225985133756e+01
-4.305749462441498565e+01
-4.251359940166361184e+01
-4.804921765220959884e+01
-4.793920509623910675e+01
-4.802163689250872380e+01
-4.783595718148777109e+01
-4.776433779740096952e+01
-4.771717324732848908e+01
-4.777456827538882322e+01
-4.763895150285100044e+01
-4.760733396865872180e+01
-4.748682723669813299e+01
-4.740231897400485650e+01
-4.712186062608783743e+01
-4.658557183872986229e+01
-4.613626910148406779e+01
-4.476970843845728609e+01
-4.526262531929992861e+01
-4.600993219838748161e+01
-4.680654364292146852e+01
-4.762242454910096257e+01
-4.835485989796528372e+01
-4.872170382269894873e+01
-4.924141206354768485e+01
-4.966237262690712839e+01
-5.000156236133489784e+01
-5.059235686901034512e+01
-5.083170187380398630e+01
-4.324792586270281447e+01
-4.534433950130951274e+01
-4.798676208745014549e+01
-5.147965479481499784e+01
-5.363302115756511768e+01
-5.259862680574975968e+01
-5.424954983093448391e+01
-5.563277812905974429e+01
-5.591888364080359253e+01
-5.375537650244347532e+01
-5.223925218923065472e+01
-5.088783937241559840e+01
-4.883849193208132533e+01
-4.766710990052454378e+01
-4.674197101043665015e+01
-4.617176565482596118e+01
-4.571012165069908662e+01
-4.510625919140231588e+01
-4.479215689753657159e+01
-4.447085410344924838e+01
-4.421203868814922089e+01
-4.383060992469943784e+01
-4.351232488062123593e+01
-4.379882425955483427e+01
-4.784761140969445137e+01
-4.774711893430224308e+01
-4.765570534505882705e+01
-4.750519830018807710e+01
-4.741417233250126628e+01
-4.760602248124190794e+01
-4.750238301822421505e+01
-4.743592734396182919e+01
-4.751853805753808047e+01
-4.753342336016371661e+01
-4.749393089764026854e+01
-4.745104094134666894e+01
-4.737629468177848224e+01
-4.727038971547741397e+01
-4.711496338101054704e+01
-4.687653459996256089e+01
-4.619646326535864489e+01
-4.563465181299652329e+01
-4.498061286567244110e+01
-4.472121947729814195e+01
-4.452036543135249502e+01
-4.428471791657516832e+01
-4.422110012793503131e+01
-4.463251705447121509e+01
-4.509094847148999463e+01
-4.530792315819397942e+01
-4.621217954313544851e+01
-4.667810991947706611e+01
-4.764914954242993872e+01
-4.881972459199052849e+01
-4.958426139748524264e+01
-4.995317361787405019e+01
-5.028553545007693515e+01
-5.424081266591871753e+01
-5.649515405040540372e+01
-5.662260988574006149e+01
-5.745466688525359444e+01
-5.792363360440787545e+01
-5.728233248985768711e+01
-5.638743854710816095e+01
-5.593788198141788115e+01
-5.531441319567123571e+01
-5.493362517932489197e+01
-4.983779682134125011e+01
-4.894128260713330292e+01
-4.824810545830381159e+01
-4.764573379132157527e+01
-4.722154133128435660e+01
-4.657659471107675841e+01
-4.612401957333683100e+01
-4.582950688888927004e+01
-4.568815434584853818e+01
-4.549823164831997246e+01
-4.522790448947637998e+01
-4.503471260778106000e+01
-4.487202969376377126e+01
-4.453570264373176713e+01
-4.426759378318572402e+01
-4.429108142506738233e+01
-4.388876445655407110e+01
-4.766822628024871022e+01
-4.752094812204768459e+01
-4.733924865849185437e+01
-4.715532610034334482e+01
-4.718448276459534441e+01
-4.722628394346472902e+01
-4.740096873071441763e+01
-4.740760915858150071e+01
-4.749126753530723732e+01
-4.750376680554921194e+01
-4.727886298290359690e+01
-4.470197513928320632e+01
-4.463724105217702487e+01
-4.449751905949175068e+01
-4.418767019978497501e+01
-4.417841241463141699e+01
-4.380378123557742498e+01
-4.394226276964862876e+01
-4.374046854487489355e+01
-4.400022988387633660e+01
-4.403886907524444894e+01
-4.469209313744298129e+01
-4.602833967419365990e+01
-5.793409081874941791e+01
-5.936037151464186934e+01
-5.897520726538693481e+01
-5.956888478513921825e+01
-5.853466425117601091e+01
-5.870973148119490759e+01
-5.737675224923768269e+01
-5.716902602580545079e+01
-5.631059307936012459e+01
-5.604582615947671087e+01
-5.588100853915840815e+01
-4.685954817676712736e+01
-4.654264721572543095e+01
-4.632228840398458658e+01
-4.613444549413197393e+01
-4.601325256088313864e+01
-4.592124702039246387e+01
-4.576927495549190894e+01
-4.570691520135490293e+01
-4.564035487319294759e+01
-4.547154743008027111e+01
-4.526903582572720097e+01
-4.517402991245968735e+01
-4.507895771303891763e+01
-4.478533964176528315e+01
-4.454533822293664258e+01
-4.454735939947615009e+01
-4.448105813564514222e+01
-4.420991157975701213e+01
-4.751564691426272447e+01
-4.735519163508591589e+01
-4.723062064944560490e+01
-4.711981593197648976e+01
-4.696577847846810982e+01
-4.690882386469709076e+01
-4.704295113174762832e+01
-4.690594848006774242e+01
-4.694575329906053440e+01
-4.704682266530322465e+01
-4.712134646959656692e+01
-4.727300228798459614e+01
-4.736719302193012737e+01
-4.742403936660811326e+01
-4.746075053287704293e+01
-4.749127210945766819e+01
-4.449982796059366308e+01
-4.454345514122335459e+01
-4.438579592605199053e+01
-4.400609162110202277e+01
-4.378008766849352185e+01
-4.390814770660120558e+01
-5.943821466408513032e+01
-5.912885837048725080e+01
-5.789037838850039464e+01
-5.655029134030647953e+01
-5.625611663309629762e+01
-5.617447713163555534e+01
-4.585044330405738577e+01
-4.578937242473085689e+01
-4.576538091662296637e+01
-4.575286688277617486e+01
-4.572776117582242961e+01
-4.571856498057925222e+01
-4.561633579522410997e+01
-4.544826967562355691e+01
-4.533203784842814343e+01
-4.527943911943661703e+01
-4.501236764340634977e+01
-4.483615784623574996e+01
-4.467949456371974293e+01
-4.737176337482198107e+01
-4.724666608570639426e+01
-4.720485317742043918e+01
-4.710699296445283579e+01
-4.696602684277344508e+01
-4.684624670410835279e+01
-4.685920698894921088e+01
-4.673247274272809193e+01
-4.671102880255719469e+01
-4.678447709923808162e+01
-4.686596799656820167e+01
-4.698876247038652565e+01
-4.706821625037004253e+01
-4.715463688270726550e+01
-4.722631252610612762e+01
-4.730378470978139660e+01
-4.575115775869755907e+01
-4.575852609434553386e+01
-4.577176286214648826e+01
-4.578906599887409357e+01
-4.570466940078711815e+01
-4.557552195384864291e+01
-4.543502808007156801e+01
-4.538779710347306207e+01
-4.522053592280936130e+01
-4.507022982983674808e+01
-4.494502759587876994e+01
-4.483733291043035507e+01
-4.714441047400011797e+01
-4.708486415159355687e+01
-4.700241134504946672e+01
-4.690538008341845710e+01
-4.681067089374703016e+01
-4.671536353709859668e+01
-4.674721177555576190e+01
-4.672739701038305782e+01
-4.658570142185178753e+01
-4.642993370892824601e+01
-4.654351199424232988e+01
-4.660763930213496309e+01
-4.668601030250289341e+01
-4.681285759147673531e+01
-4.690376494787651040e+01
-4.577783091224353740e+01
-4.580060962702284399e+01
-4.583570485950626505e+01
-4.584024731603138036e+01
-4.594111445275832040e+01
-4.585837457165214204e+01
-4.575838819260666668e+01
-4.563659136128932658e+01
-4.553550088695007503e+01
-4.551697910326053176e+01
-4.540010462109381706e+01
-4.531120613936239749e+01
-4.523684382057390962e+01
-4.507965522300387562e+01
-4.497410051714430779e+01
-4.705851083425442027e+01
-4.696705082924449215e+01
-4.688539648115059322e+01
-4.684254646425984703e+01
-4.676919447893647686e+01
-4.673400311463606016e+01
-4.661679726654688949e+01
-4.662134538705196718e+01
-4.661404412449839185e+01
-4.657095565123226777e+01
-4.642142772642638704e+01
-4.625760587253761003e+01
-4.600908924076590978e+01
-4.585470746329396263e+01
-4.570535601308894513e+01
-4.565894175728018212e+01
-4.559610718467833124e+01
-4.615515800087515430e+01
-4.599534658562858169e+01
-4.606421146019306434e+01
-4.629226189168829109e+01
-4.636150003132234332e+01
-4.643672769091420349e+01
-4.654500936160643221e+01
-4.663135253955870496e+01
-4.672610533636436259e+01
-4.589344406965246037e+01
-4.587436355431098889e+01
-4.600384920279456935e+01
-4.554261721842988919e+01
-4.549104619143361816e+01
-4.540405567612490501e+01
-4.530225276352101815e+01
-4.518097553180626846e+01
-4.507728918452301770e+01
-4.534135671963067438e+01
-4.697626667892392049e+01
-4.692105827556609654e+01
-4.688859017553022568e+01
-4.685386820445406642e+01
-4.683310610860358025e+01
-4.678297008389422018e+01
-4.673151716148858981e+01
-4.663817971379616978e+01
-4.653176378694320903e+01
-4.652425603727018455e+01
-4.650809774521150786e+01
-4.648717544098775534e+01
-4.636210671738886191e+01
-4.624455878312640777e+01
-4.609981654893243785e+01
-4.597105281596738990e+01
-4.584312716121966247e+01
-4.580845226606260923e+01
-4.575069722525875449e+01
-4.565924749431169261e+01
-4.558924608471323126e+01
-4.549455617571278054e+01
-4.540141112515387789e+01
-4.535548025909982073e+01
-4.529109407730412329e+01
-4.524106779245789056e+01
-4.515813301811915181e+01
-4.669131142919277266e+01
-4.613325435704331312e+01
-4.627304181012438988e+01
-4.612886588434168544e+01
-4.602579134893011314e+01
-4.597188825899775821e+01
-4.592052407065294517e+01
-4.646054516421559555e+01
-4.637750425119368458e+01
-4.688380226697327657e+01
-4.679915992476522746e+01
-4.640041587075324259e+01
-4.638919542607098379e+01
-4.627966991516326800e+01
-4.612562883289061944e+01
-4.596698720201720789e+01
-4.590017832558417155e+01
-4.583796007623928404e+01
-4.570802069903329823e+01
-4.533954288987165171e+01
-4.529678212899162304e+01
-4.525772680499130018e+01
-4.522401473435058961e+01
-4.622781139995159805e+01
-4.630264063794739826e+01
-4.608808672247778304e+01
-4.615793050357176952e+01
-4.626460073236383863e+01
-4.619687959362015306e+01
-4.606327501659061596e+01
-4.597692825710204545e+01
-4.611663765961149153e+01
