3.604739207470232041e-06
0.000000000000000000e+00
1.532646420493086029e-06
-1.328563935816721887e-06
2.413716109095267320e-03
-8.853621267395328856e-03
6.184333849000350343e-06
-4.308564522531062104e-06
3.314094454146049307e-02
-3.165126261353647108e-02
-4.265077873902465887e-06
0.000000000000000000e+00
0.000000000000000000e+00
0.000000000000000000e+00
2.368987537808608240e-02
-3.748272161773573419e-02
0.000000000000000000e+00
0.000000000000000000e+00
0.000000000000000000e+00
0.000000000000000000e+00
0.000000000000000000e+00
0.000000000000000000e+00
0.000000000000000000e+00
0.000000000000000000e+00
4.517691080036284989e-06
-2.011084221125435354e-06
1.248137550174510148e-02
-7.818638415840732658e-03
7.290012637715733178e-06
-3.431180080796991110e-06
1.542602457234996428e-02
2.422562495928539880e-02
1.167440148600495099e-06
1.035146536637003593e-06
2.751390082772898170e-03
1.027270961870507988e-02
0.000000000000000000e+00
0.000000000000000000e+00
0.000000000000000000e+00
0.000000000000000000e+00
2.478183074523453292e-06
5.500710188261673697e-06
6.549096307472834918e-06
8.625980244150606685e-06
-3.965376286871341870e-06
-2.368333818000753765e-06
-3.765889274992003256e-03
1.119547548360931392e-02
3.668948789981922587e-02
1.430329879293666673e-02
-6.709666413596409483e-08
1.619880419107362635e-02
4.422891708940073288e-03
-2.336294085646272176e-07
7.341435820913231811e-03
5.867919796534489928e-04
0.000000000000000000e+00
2.221696113196911050e-06
0.000000000000000000e+00
3.181725401386103124e-06
0.000000000000000000e+00
1.604167450930915617e-02
0.000000000000000000e+00
3.632194390470340484e-02
4.049529996688554681e-06
4.316039634517738132e-06
6.270683376656481659e-06
8.467614390852867669e-07
1.904389893195604687e-06
2.050882673448382876e-02
1.897247927407011425e-02
1.903833279291293609e-03
1.074320299263820978e-02
3.768067081569287341e-06
2.795895633202102187e-02
3.068760200250781472e-02
1.054892051949148274e-05
-2.116561329164187594e-06
1.853361308110602207e-02
1.248715241357335444e-03
1.014878555113193378e-05
-5.204139389788198376e-06
1.700111077006953141e-03
1.526542335438020766e-02
1.246179448484621784e-05
-7.717465803459984579e-06
-1.325927477127440170e-02
2.357416482526807425e-02
5.242370878674746882e-06
7.140142665832361188e-06
1.834525506744620053e-06
2.967646515642074004e-02
-3.452740806250335307e-03
2.851890443257977775e-06
2.843108846362875364e-02
5.676994407069707680e-05
1.264808360283149719e-05
-9.815620631045119827e-07
3.667054168306235762e-02
-7.116645055256234920e-03
1.717316889874092323e-05
-1.487339672970598594e-06
1.905944856342417157e-02
-3.254303317982933878e-03
1.533452148098082634e-05
-6.212988115889335296e-06
7.042625043179506251e-03
5.015735735055068360e-03
1.627369213215464067e-05
-1.105677160305597381e-05
-1.257197992183062968e-02
1.178184805518794030e-02
2.747714640676614711e-05
2.415016632508419270e-05
-1.018649938141449810e-06
-6.879704943061659128e-06
1.593937703557082863e-02
6.933502357499754000e-03
6.333850135788161341e-03
8.552622719586055631e-04
2.277065990289650811e-05
-1.026367485140008672e-05
4.870274630217993200e-03
-1.456386442837525989e-02
3.694139118725591191e-05
5.690019847526297192e-07
1.678410681267126711e-02
6.075163718600261505e-03
3.099824595192569973e-05
-3.026006904678919746e-06
1.832413331806907741e-02
-5.517402097374171470e-03
2.866294469428454141e-05
-6.671374223335422051e-06
1.782249691044567735e-02
-1.702465217901003372e-02
3.705522928417841189e-05
1.260777035563813593e-06
2.817962192382709660e-02
-3.938554290793895400e-03
3.426232810046857231e-05
-2.026475731209817417e-06
2.436824818473955559e-02
-1.330860015159757159e-02
4.289438671954679308e-05
4.440818240680350414e-06
2.162310264923944167e-02
5.660861486952739954e-03
3.986851084821987104e-05
4.170011176693403640e-05
2.378453752236472247e-06
4.803707281024107302e-06
3.109151318895625807e-02
3.305972582815920602e-02
-8.952316622151675757e-03
-1.986572508591670332e-03
4.786129252966620222e-05
7.363653896436696256e-06
2.638618364637118976e-02
5.296543704598701344e-03
4.519839044608999325e-05
4.570721358211577372e-05
6.537432822648598673e-06
3.816759199262691887e-02
-2.628836811257227908e-03
3.519892274161786779e-06
3.590337193675589150e-02
-1.037989749383705362e-02
5.004080252662807367e-05
7.551175527409043715e-06
2.713940283051874056e-02
1.304609693176975648e-03
4.978407995903992805e-05
2.159384575621912001e-06
4.058060647134826421e-02
-7.871094465178078703e-03
4.837529990828950407e-05
3.423382837864569508e-06
4.125489003777038644e-02
-2.136821574275769419e-03
5.166729363385843068e-05
4.788106372271479757e-06
2.919861993617645785e-02
4.185206868662805224e-03
5.044130963720387098e-05
-7.849896334042619148e-07
4.506657392089213898e-02
-1.650033459133131439e-03
5.194273484770360719e-05
-1.688193127717269980e-06
4.246444297123151690e-02
-7.485874483980196198e-03
5.309603142257112996e-05
1.069370444936043479e-07
3.508705875519520234e-02
1.005536687262895829e-02
5.313361129902535024e-05
5.179715568705787614e-05
-4.652498522996321938e-06
-4.038333943771974751e-06
4.434020203846377600e-02
4.761672428353743575e-02
-6.031871973348459405e-03
-3.988897454685727583e-04
5.492370523088645424e-05
-3.513903737073745060e-06
4.137822277423091472e-02
5.142674417595086839e-03
5.279371934553807268e-05
5.710717522032547969e-05
-4.926902320669589019e-06
-6.190117393005833645e-06
4.092142961887276081e-02
5.083146112671192013e-02
5.044801668362796331e-03
3.189299246877845030e-03
5.331857525751682654e-05
-6.075363349195734306e-06
4.732677135624975551e-02
-3.580016753128560051e-03
5.912258820100149020e-05
5.392790141370531662e-05
-5.561259212430393822e-06
-6.099844622050920977e-06
4.115811309841501536e-02
5.150221777769723591e-02
6.417406273315934620e-03
4.268452466418912877e-03
5.312262192143748959e-05
-6.667057505040975630e-06
5.140305733807229438e-02
1.012490700636530135e-03
5.477735756137014806e-05
5.349875006200783975e-05
-5.544546569190142667e-06
-5.438891929180370137e-06
5.431773755400796933e-02
5.272080675132483768e-02
-5.466026330184359586e-03
1.302029252067322647e-03
6.045912404481658528e-05
-4.659370498148373218e-06
4.172271213742095169e-02
4.462024064027630618e-03
5.375544963395634539e-05
5.576427692545882496e-05
6.174300132645997347e-05
-3.461711213227131196e-06
-3.887558315033024478e-06
4.171660639645295016e-02
5.432649243885141754e-02
3.341064070631375674e-03
-2.302717059723349228e-03
-4.324824058758525099e-06
5.647242994021178797e-02
-7.305223555007760682e-03
5.659535588206938142e-05
-1.986235921112845862e-06
5.630847244372570032e-02
-6.125438297464095433e-03
6.299318594699693393e-05
-1.212960046661610220e-06
4.559391643057498361e-02
4.580101534124627824e-03
5.483439591623000725e-05
-2.549306046551205849e-06
5.597842780573820259e-02
-1.177751526829759129e-02
6.457706228601226017e-05
8.216416464080723955e-07
4.882392659787709172e-02
-6.060250014593078797e-04
5.813410564690305314e-05
4.935386091834356066e-08
5.728625057201296861e-02
-5.758798289169690665e-03
5.594521262462087956e-05
-7.003956297580022915e-07
5.554688495481593241e-02
-1.066381887772377760e-02
6.665902168572195724e-05
5.955774163644519427e-05
1.341234206033156639e-06
5.916307076529812858e-02
-2.027860454770397808e-03
5.780206408366288918e-05
4.292866259475553639e-07
5.532562698079866031e-02
-6.778782063030691467e-03
2.594360657472846402e-06
4.862588207055842243e-02
2.749977747829005555e-03
6.896717594767978483e-05
6.162553005258047500e-05
5.918881554858763667e-05
1.194296981634357692e-06
2.303667986645159354e-06
5.662249337714463093e-02
5.995618891220660940e-02
-2.811366728719686195e-03
1.169199238521933431e-03
3.384670589736659371e-06
4.983907881385130079e-02
4.464306395314304211e-03
7.236715704894607971e-05
6.343436710755594556e-05
5.494344875240237502e-06
3.246604870151060337e-06
5.087633234529529563e-02
6.188103094796204573e-02
1.091890412247332152e-02
5.656843288531603932e-03
5.982375883753470586e-05
3.177435319323938184e-06
5.892343174062025790e-02
-7.754407939490058936e-04
7.635794341554888920e-05
8.685362859803252297e-06
5.096696263542676436e-02
9.285505045852722114e-03
6.553700547245485232e-05
5.986588467004524532e-05
6.488092238347516214e-06
7.647710437839306437e-06
6.135036924068295455e-02
6.317955001377534296e-02
8.200067779020986077e-04
5.341364010196572240e-03
8.057082062993920163e-05
6.732780179125913325e-05
5.984645041050698971e-05
1.349148600710911995e-05
1.324606313714895976e-05
6.199862473094040066e-02
6.519744144477315761e-02
3.394332222487607235e-03
8.549649806808230779e-03
1.569662072142872475e-05
5.133374844873929421e-02
1.506764451921280973e-02
8.435386161050630039e-05
6.902521328087254742e-05
2.411675493962887133e-05
2.337539977365874576e-05
5.313853006107310123e-02
6.666438283234561724e-02
1.770772329328508879e-02
1.193136673070926621e-02
5.962805441709128154e-05
2.254589050887104154e-05
6.367814215572818737e-02
7.188943898027141954e-03
7.027558073907275746e-05
3.478119956021292298e-05
6.903781055052783666e-02
1.532118768507683207e-02
8.538255580858814951e-05
3.503212937470863160e-05
5.560284788111355403e-02
2.269943935222834552e-02
6.110480087598441632e-05
3.382057069201793275e-05
6.523790392171664732e-02
9.908671217243781096e-03
8.537301134490474924e-05
4.628276702026008603e-05
5.839696726722488906e-02
2.652310309857251053e-02
7.179017672599123797e-05
4.545220189644561817e-05
7.000676758724487525e-02
2.031116235795575944e-02
6.293558332724076521e-05
4.475838673404230621e-05
6.771472092170603696e-02
1.547445907294796655e-02
8.412063735169607922e-05
7.317008648244584430e-05
5.521372515855633252e-05
7.138273916200960079e-02
2.238012642894072340e-02
6.742463033637404954e-05
5.234700863445041928e-05
7.071932748081745379e-02
1.451958654631085519e-02
5.428264117501941581e-05
6.024260321749082964e-02
3.180500581373049002e-02
8.302773959159153198e-05
7.559847982641296747e-05
7.238484418581798724e-05
5.832285970101139732e-05
5.949219340786575123e-05
7.302552064006319343e-02
7.156990953813244238e-02
1.430795786949066659e-02
2.015881888846570574e-02
6.091177478451906025e-05
5.938472855654503002e-02
2.791284327930945372e-02
8.259133399995739375e-05
7.802146564180452394e-05
6.075758545786056437e-05
6.118997424490436822e-05
5.824372066289840860e-02
7.189200278453616866e-02
2.755357841737027594e-02
1.685771597737330610e-02
7.896145935013688521e-05
5.729622757844526687e-05
7.156695238525907776e-02
1.204152805577782259e-02
8.246333599216822379e-05
5.768624021624164943e-05
5.855973107622967216e-02
2.443268967384072676e-02
8.127244650470848185e-05
5.587434426607435504e-05
7.129670620471249831e-02
1.584265497640868076e-02
8.517111675442806727e-05
5.422812971380799635e-05
7.008907846777198691e-02
1.044084519384276891e-02
8.427542228613432598e-05
4.885867362979542347e-05
7.199528260172272098e-02
1.455049457674514185e-02
9.055795347369903622e-05
4.589767380149652935e-05
6.640690169902568885e-02
1.180174099374630553e-02
8.391575299231845324e-05
4.980820922180192648e-05
5.873276069144897638e-02
2.431228758625122652e-02
9.501838431170431742e-05
8.749901812818522916e-05
3.707770051562427874e-05
3.884441341832886357e-05
6.339156457662764588e-02
6.932396263123034863e-02
1.648853360307073190e-02
1.821801875906288101e-02
8.613759267153498292e-05
4.061404018077990126e-05
5.999623378516707323e-02
2.063560594191876305e-02
9.012182309150540763e-05
8.915790777508115226e-05
3.085112925872312320e-05
2.905440055160688387e-05
5.757873878728127226e-02
6.845784482697675477e-02
2.492102958114565323e-02
2.317660275078893203e-02
9.747465792922913226e-05
2.783918249301263023e-05
6.178163193065971254e-02
2.070938925102158712e-02
9.137996914434095782e-05
2.289298520102606323e-05
5.819115185442678972e-02
2.862198195428651559e-02
9.196992508582745333e-05
9.891793987554696672e-05
2.046673937330131636e-05
2.183304211980779331e-05
6.281699412110883229e-02
6.562704571247950092e-02
3.027218231577335356e-02
2.917846156168725155e-02
