0.000000000000000000e+00
4.653603415258530658e-04
0.000000000000000000e+00
6.047981182923828662e-04
0.000000000000000000e+00
8.908093513489981829e-04
5.308022391926400102e-04
9.566976475777433332e-04
1.077670126869321012e-03
1.349577427913537745e-03
0.000000000000000000e+00
7.373214041844238691e-04
3.450843961237122872e-04
0.000000000000000000e+00
1.292581766338725879e-03
1.361040215168002115e-03
1.572862738235858253e-03
1.842570474534596051e-03
1.221150543786131198e-03
1.775979385875462238e-03
1.721024851451397487e-03
2.058725912374429444e-03
2.264060195433409504e-03
8.063422017119325699e-04
3.874414854889744134e-04
0.000000000000000000e+00
1.465703028875376540e-03
8.351532230529199298e-04
6.044145143859196590e-04
0.000000000000000000e+00
2.234180763173739155e-03
2.338969335707406089e-03
2.210384608142610622e-03
2.728367401742672321e-03
2.506303233742899692e-03
2.719278714366048840e-03
1.446292216962098741e-03
1.030723335636576140e-03
1.266026789687746791e-03
9.569601236767319137e-04
3.169491322803607821e-04
0.000000000000000000e+00
2.004451993498017337e-03
2.665530449250792973e-03
2.782995901367477966e-03
3.185100125616217685e-03
2.680219347663400416e-03
3.295399580193699579e-03
3.299045088631197449e-03
3.181902357045264355e-03
1.842847222068761054e-03
2.417970185566662485e-03
2.955574056456557186e-03
3.068186861184286299e-03
3.062190756646917655e-03
3.276293034907651856e-03
3.747417379749692912e-03
3.639677213220981252e-03
3.887076371606510046e-03
3.845098404523438537e-03
3.622326071784888295e-03
1.590748652285091727e-03
1.251029662515150452e-03
6.385322746525600585e-04
3.228127592280596652e-04
0.000000000000000000e+00
2.160940029868379988e-03
1.798316852119620198e-03
1.479799866787387267e-03
9.592721732274458969e-04
5.916213314561896090e-04
3.592001028312280194e-04
0.000000000000000000e+00
2.674973927394608784e-03
3.313169775142195579e-03
3.407332764199447542e-03
3.395975493599245974e-03
3.824047579531511445e-03
4.173801843474525888e-03
4.205996855657369651e-03
4.366871275424465820e-03
4.063203885888766465e-03
2.455843463654335500e-03
2.876139830605157783e-03
3.622505835949044618e-03
3.735605413938102894e-03
3.781597179644414618e-03
3.828135518326934196e-03
4.416056143836587407e-03
4.666365996751837761e-03
4.726851870939340408e-03
4.847285168426106183e-03
4.483955711405721196e-03
2.075974383856694222e-03
1.877851455229719415e-03
1.316611701228885371e-03
7.838122130506999623e-04
1.025670877274316786e-03
3.957200816874281561e-04
0.000000000000000000e+00
2.651103990384261720e-03
3.273809547833321162e-03
4.095709685655857940e-03
4.279416235199376764e-03
4.171463282642871168e-03
4.310092097586340661e-03
4.912254528101605427e-03
5.062007578152514023e-03
4.965647836727924910e-03
5.013050715917075420e-03
5.279552971878384918e-03
5.423967576293450485e-03
4.970430846959305281e-03
2.478067548617590623e-03
2.388118651207768103e-03
1.958114083133748531e-03
1.439611800508159255e-03
8.425419023312049087e-04
3.530527422435567313e-04
0.000000000000000000e+00
2.959790009394549278e-03
3.639238529468453390e-03
4.190625463730273705e-03
4.508965176410952881e-03
4.800935860167768708e-03
4.715379136995639237e-03
4.600931809430198159e-03
5.408997353980302125e-03
5.507855767894039890e-03
5.522412764634766075e-03
5.398715612305165883e-03
5.488968962527506802e-03
5.677101234603436006e-03
5.878281142709268839e-03
5.866860355394649257e-03
2.854236285049052083e-03
2.658412755465630346e-03
1.966823453334627138e-03
1.527141053296164012e-03
1.136459882078311038e-03
7.153289025379719768e-04
5.072726661631500513e-04
0.000000000000000000e+00
3.370177073638975368e-03
3.952437240463440443e-03
4.675996212841127507e-03
5.232757488937076797e-03
5.366039280079975236e-03
5.157686914373725909e-03
5.855550387042918713e-03
5.966365412139386371e-03
5.940968560476664675e-03
5.869081989526084286e-03
6.250890175707563348e-03
6.648814655071914534e-03
6.347002599106438096e-03
3.216997836357790835e-03
2.904572722797293602e-03
2.350568937366444375e-03
1.927475552419889888e-03
1.524062109781351400e-03
9.663170774851634250e-04
9.838645226974229805e-04
4.942732578170416302e-04
0.000000000000000000e+00
4.447748751178099390e-03
3.750416091171081441e-03
3.347900584260371862e-03
3.067266071025255472e-03
2.458750684373032635e-03
1.957120732419677118e-03
1.540099328913475734e-03
1.272989230076564332e-03
5.797791666394516881e-04
0.000000000000000000e+00
5.191821782329760979e-03
5.719864600512990747e-03
5.794439834821949603e-03
5.904890954642356797e-03
6.331119454572390649e-03
6.359676211416384270e-03
6.485260570576234333e-03
6.398992328276798154e-03
6.359341476943642692e-03
6.295927493122230323e-03
6.688822262669143898e-03
7.165201945482292667e-03
7.108289833544184470e-03
6.763273782120688728e-03
4.959133877444340394e-03
5.652956466209675679e-03
4.282438205157819942e-03
3.695785366010305006e-03
3.331741387020656017e-03
2.708444704585732596e-03
2.172643091882558563e-03
1.693026254224024030e-03
1.115228581164223092e-03
4.467712978148456423e-04
0.000000000000000000e+00
5.540158312184393676e-03
6.128136007994161930e-03
6.270265157481759097e-03
6.437975095685625516e-03
6.341515561735498220e-03
6.813739397705334024e-03
6.970524090557587982e-03
6.883245096385649971e-03
7.194937952313839973e-03
6.895654025591755470e-03
6.799080598033623371e-03
6.754195020199586959e-03
7.222547695176002001e-03
7.615422332588888017e-03
7.703694758782441039e-03
7.214990823767550819e-03
5.029735084115801586e-03
4.230663921003872084e-03
3.467391567211601695e-03
3.079202271261809089e-03
2.721861251151590309e-03
2.218209874232537557e-03
1.608672931860154372e-03
1.136997651501877454e-03
6.659593105563397977e-04
4.791011648398262024e-04
0.000000000000000000e+00
4.802294113792773302e-03
5.442257516889632482e-03
5.956673953806493858e-03
6.451342430296255759e-03
6.588903753105601439e-03
6.754321085363161614e-03
6.886301304662033503e-03
7.281852619840157616e-03
7.394044828043760086e-03
7.649142943613931184e-03
7.595196463692012977e-03
7.844531894817373049e-03
7.333292775341222584e-03
7.333941936431344864e-03
7.290978473572572692e-03
7.662634651176161368e-03
8.143789461627930562e-03
8.359406049452736825e-03
8.141104939379056882e-03
7.704357537424311869e-03
4.842858345444647945e-03
5.314326107366667933e-03
6.006420386763880633e-03
6.550658117656466169e-03
7.128575266116374438e-03
7.063684210751178423e-03
7.625617799320144261e-03
7.288928169173787899e-03
7.729073623434212607e-03
7.880346349943523690e-03
8.101285251227460446e-03
7.985843095112361845e-03
8.194314346097001170e-03
8.359173003069552549e-03
8.032349116225362060e-03
7.716103906675832701e-03
7.740119647384330337e-03
8.127412138483034593e-03
8.671765835373058603e-03
8.838062676857416297e-03
8.618517457489809075e-03
4.278751385115135870e-03
3.838067866183217727e-03
3.518370639250251956e-03
3.131403063675559668e-03
2.647487392806572876e-03
2.024748478521009101e-03
1.776188842236826665e-03
1.351347109127511636e-03
8.918800302922300473e-04
5.217204698548087889e-03
5.949556253317499731e-03
6.575146203931381793e-03
7.075633858533581476e-03
7.755864976998903988e-03
7.642216929793736215e-03
7.906554721492504295e-03
8.158016172880352967e-03
8.254975804772879747e-03
8.318527010220545803e-03
8.756381225259679546e-03
8.723761686470486373e-03
8.973621190217181617e-03
8.772712958255867235e-03
8.908743975236461249e-03
8.447098527734930515e-03
8.120875549176190256e-03
8.195161308969767591e-03
8.715178902102599726e-03
9.166836936054439944e-03
9.322195498386028761e-03
9.492288667846363048e-03
9.044449783235715412e-03
4.744065115240150322e-03
4.544740338425076395e-03
3.992755265482206273e-03
3.801089447898243785e-03
3.361079066919238703e-03
3.127260426190230005e-03
2.688441742038900992e-03
2.218437238394562090e-03
5.377564484361354452e-03
6.091039588884955905e-03
6.300901958807102535e-03
6.756287784346407845e-03
6.971860250828403917e-03
7.424562947475871200e-03
8.180595225422797323e-03
8.405309201750445908e-03
8.088708080516777282e-03
8.356585812585939216e-03
8.543984330347965256e-03
8.807512856227292172e-03
9.365138893415933530e-03
9.342980014890053461e-03
9.363180785642227083e-03
9.312517501992426117e-03
9.568216400260065591e-03
9.036928213813834321e-03
8.558075703006037122e-03
4.935428023368822019e-03
5.118323637587368462e-03
4.878747483467458894e-03
4.451970619139896876e-03
4.188385173434452761e-03
4.012688759148454534e-03
3.571433993192307203e-03
9.542856127464251562e-03
9.803888966915962414e-03
9.488563470137503786e-03
9.895786933350376319e-03
1.007262764619136150e-02
1.013183504370884433e-02
9.960087468946577163e-03
9.493845454230745787e-03
5.672785429608810832e-03
5.345589020673259528e-03
5.843641139624599322e-03
6.273198107645249280e-03
6.489125614307767083e-03
7.215223491507395323e-03
7.686388868962743502e-03
8.160934111159208471e-03
8.699374748914943251e-03
8.879631368353442175e-03
8.510817764809648286e-03
9.088126123211871452e-03
8.945136901800408019e-03
9.398731642776872106e-03
9.878718640557860101e-03
9.875155057459044511e-03
9.995480362963085966e-03
9.944966430597156418e-03
9.904303960978706051e-03
1.005003567724928500e-02
9.918485440564566921e-03
1.028408293288013593e-02
1.062372834042496841e-02
1.078269863979173203e-02
1.043037224138718307e-02
1.077914589265949359e-02
1.043580010071876174e-02
6.766289393602748468e-03
7.195986457693315241e-03
7.687466733813165184e-03
8.161190360914413397e-03
8.350540596014435768e-03
8.823319126452318709e-03
9.177558801301412966e-03
9.369389126598740708e-03
9.261365397057342436e-03
9.028608361616894881e-03
9.609682424758235128e-03
1.041648092894559285e-02
1.078977151570725476e-02
1.040396499603263129e-02
1.043546615555478174e-02
1.048759147154495683e-02
1.041247352525781836e-02
1.053305365271375513e-02
1.106478063913069083e-02
1.105006946303859795e-02
1.127397969864278419e-02
1.119025510896564345e-02
1.135971414175117843e-02
1.090780812569116728e-02
8.635734682108342844e-03
9.057637695488335652e-03
9.310511315049400244e-03
9.538030927443801738e-03
9.941630978927031362e-03
1.017853646242522329e-02
9.669883348951486407e-03
1.025979325344140124e-02
1.087579883960770530e-02
1.091593481052291828e-02
1.132413860537534976e-02
1.142657749669335684e-02
1.135733370506730386e-02
1.093636421720778178e-02
1.103767734904539249e-02
1.104944957167371296e-02
1.092149705270085112e-02
1.129498364826944830e-02
1.166219721194255293e-02
1.149353606040296773e-02
1.172390600470343998e-02
1.185576497415019755e-02
1.170206471747839948e-02
1.177556003581264193e-02
9.550554462738454486e-03
9.810996733198407149e-03
1.018308555753713075e-02
1.055318520704632071e-02
1.115725249503455099e-02
1.070954379241861702e-02
1.150255159894605569e-02
1.183969394369840250e-02
1.192289191759400395e-02
1.203673480073429169e-02
1.191137141594034686e-02
1.155094989364753230e-02
1.144968011969153300e-02
1.142047203432019001e-02
1.139694551603445162e-02
1.179770681650099684e-02
1.219380826215291265e-02
1.212607371159335826e-02
1.242580993467378922e-02
1.222312646026822193e-02
1.223855405008226170e-02
1.000001791476121463e-02
1.045613376521990073e-02
1.068459460807383299e-02
1.118750057510378010e-02
1.129349875499552520e-02
1.176330071376040579e-02
1.181531172851823901e-02
1.222049021538166788e-02
1.230534778782015580e-02
1.235394204450056092e-02
1.249366045150488227e-02
1.232937162614589251e-02
1.226945776966229147e-02
1.197543596668400323e-02
1.171983107158474161e-02
1.216071078768212084e-02
1.233533965234567993e-02
1.246393380467258200e-02
1.267218587181990694e-02
1.264592700112137508e-02
1.299811953213223653e-02
1.275910002974254415e-02
1.266172566151110151e-02
1.090506869712224401e-02
1.132500800784470851e-02
1.167831144494850364e-02
1.218732917083426015e-02
1.237174205688284200e-02
1.267450246086632495e-02
1.270908866270721235e-02
1.274034685802948909e-02
1.307567921703798978e-02
1.300382942920371744e-02
1.282116047052910685e-02
1.279516279459052240e-02
1.248678124139267903e-02
1.265945704773127796e-02
1.283133553186074742e-02
1.314402510660651717e-02
1.327009381522485480e-02
1.354860113666728552e-02
1.333478505933591816e-02
1.309624627545345928e-02
1.307582683842751711e-02
1.174921905713254174e-02
1.222990427899092042e-02
1.269303890639849643e-02
1.294479795417462394e-02
1.307313724540648536e-02
1.304962932087293248e-02
1.333745259551927416e-02
1.362471269882367837e-02
1.344544345043655921e-02
1.340240523370352099e-02
1.340164509937526519e-02
1.323803523981035603e-02
1.289143710634380394e-02
1.313052114703233512e-02
1.353362591860281065e-02
1.372641354255123118e-02
1.401329901796673216e-02
1.396092908686994913e-02
1.396268072428982591e-02
1.360706495936478064e-02
1.355888250375023550e-02
1.316038529497660405e-02
1.223153833429567634e-02
1.267953096080948715e-02
1.270662973081739151e-02
1.333423382648639063e-02
1.313920682199935797e-02
1.335196728532209859e-02
1.369811482698857566e-02
1.348871922477774821e-02
1.379587829532815876e-02
1.414575525160739408e-02
1.397631335781914300e-02
1.390565895758578800e-02
1.381594760578448711e-02
1.376226505621160230e-02
1.381516774145157174e-02
1.413090883755129673e-02
1.442309257922650377e-02
1.480991933483924959e-02
1.439642881697142558e-02
1.437830862272643229e-02
1.440072110449315892e-02
1.399568864740771343e-02
1.342647952277249528e-02
1.317176126710492036e-02
1.357518455700336239e-02
1.404206941162143389e-02
1.396865872288059057e-02
1.359473025746972021e-02
1.404852676576377225e-02
1.431877124120604569e-02
1.400929325132396763e-02
1.435745519689296014e-02
1.491959927302638836e-02
1.447098531360535394e-02
1.445912523385031560e-02
1.449467933101836539e-02
1.426408720508526122e-02
1.448069170946811486e-02
1.428691883687664525e-02
1.463759656929514152e-02
1.509027459699920776e-02
1.534667790825700560e-02
1.555346769484387652e-02
1.499076661693307666e-02
1.487671065858377044e-02
1.491434909979325214e-02
1.449947485071942377e-02
1.403947616023495763e-02
1.448005163219823026e-02
1.447826570343655785e-02
1.445529103202196700e-02
1.480264255433476339e-02
1.483178395589166733e-02
1.442840718073435356e-02
1.479568954172053204e-02
1.529258777719443019e-02
1.554314349045290457e-02
1.487521344011122175e-02
1.489887534165634103e-02
1.515380379454274798e-02
1.483687382045766924e-02
1.528012095764249949e-02
1.491121712308336733e-02
1.547383154613929911e-02
1.575527198268665552e-02
1.592001165632779200e-02
1.571438831689185231e-02
1.602653255333411075e-02
1.547792149664464767e-02
1.531440775742423308e-02
1.537393454189259906e-02
1.554560253269762597e-02
1.490321997238927727e-02
1.494147549060832574e-02
1.535078018175445140e-02
1.523741395185472178e-02
1.544295306135489917e-02
1.515069526061691742e-02
1.544375020375391566e-02
1.565379168116470474e-02
1.590564574556365546e-02
1.563975573856734094e-02
1.527109542187423188e-02
1.557802980627145603e-02
1.580296108632525329e-02
1.593047922614918011e-02
1.612855157302482342e-02
1.626203161235732081e-02
1.647484840040647561e-02
1.635208126143926008e-02
1.650560834166654375e-02
1.626060022926085688e-02
1.583238985823584577e-02
1.584007365637543283e-02
1.489376482856312467e-02
1.549095545489183670e-02
1.536081337205744309e-02
1.578464690562278450e-02
1.566333704302719232e-02
1.592321483218297681e-02
1.579316300067425127e-02
1.596563805840355010e-02
1.610935688267705820e-02
1.647898417246843744e-02
1.601321214137713458e-02
1.620991875397695750e-02
1.636975915439609769e-02
1.639562112272980807e-02
1.674736238500191057e-02
1.671820178157591014e-02
1.681704065227688019e-02
1.691322334918929013e-02
1.706394536261911232e-02
1.673172614475170947e-02
1.673329695237215850e-02
1.623935497011720630e-02
1.582061980413384736e-02
1.594331703036097267e-02
1.626037497423608175e-02
1.612013391489276748e-02
1.671685203689722912e-02
1.624014906609353229e-02
1.640174149123092492e-02
1.655482257707945742e-02
1.700568791879923658e-02
1.708967639911443751e-02
1.660531202373664167e-02
1.656723360751233970e-02
1.697413008639117593e-02
1.732304976211392761e-02
1.722638012258131957e-02
1.723640821892829036e-02
1.751151326329866351e-02
1.747378758997126733e-02
1.736684743842916920e-02
1.718480789156341323e-02
1.672277039437789978e-02
1.686631922548341780e-02
1.624941763498792893e-02
1.685974267985620306e-02
1.691513588624215386e-02
1.651226282496892281e-02
1.718525952848673141e-02
1.708790213307203112e-02
1.749405781430168894e-02
1.700656663436089441e-02
1.708688752295320357e-02
1.674314943340005080e-02
1.742383581730381700e-02
1.782674749178801699e-02
1.768425380906703953e-02
1.745882011670357725e-02
1.699895568715752148e-02
1.779156601961833645e-02
1.792464632183187606e-02
1.772901320631271177e-02
1.768508962975613025e-02
1.789091016305455889e-02
1.788372658387236969e-02
1.791930706734145770e-02
1.781549650454889236e-02
1.762954327602681698e-02
1.671068747833957466e-02
1.717598301924160020e-02
1.739193024741620894e-02
1.730858766638487464e-02
1.750926555096966528e-02
1.763673632950953432e-02
1.758798576577003808e-02
1.768266883942068435e-02
1.819047874503386397e-02
1.782619705347645439e-02
1.826251502822418687e-02
1.848474249304496789e-02
1.807657894662587431e-02
1.829188528590126525e-02
1.856110953582675374e-02
1.827910205377246411e-02
1.862161466787237013e-02
1.819702452612748447e-02
1.824084782404759852e-02
1.825242960484977153e-02
1.826518898159723917e-02
1.854729695396065484e-02
1.811168496948450599e-02
1.760536101800297404e-02
1.783743840641647746e-02
1.785618932597309721e-02
1.797712464755852474e-02
1.807364308469988981e-02
1.804248901671704972e-02
1.849342976939376271e-02
1.877895271171850164e-02
1.887709464184912991e-02
1.900545730552308590e-02
1.873237130195950714e-02
1.909289590586419130e-02
1.893093140448606770e-02
1.898036939608126888e-02
1.880819226451459908e-02
1.873929847635582777e-02
1.911839267672224910e-02
1.874790544036733508e-02
1.924183695502796818e-02
1.905726950693113070e-02
1.854120838474864960e-02
1.852307533022312658e-02
1.807103960493202169e-02
1.852027751892322202e-02
1.853038575639848196e-02
1.865990186097291753e-02
1.841916933006818718e-02
1.883702063271619834e-02
1.899302339105857565e-02
1.923229324588104916e-02
1.932607588887207128e-02
1.942693147197803449e-02
1.962022871484842348e-02
1.928782774901814656e-02
1.934862177573603431e-02
1.949476109353290298e-02
1.940578734145865375e-02
1.941297156591779982e-02
1.996328365010654679e-02
2.005764732254541188e-02
1.960962284281152559e-02
1.970722472790293472e-02
1.948875053529447107e-02
1.903226663734775004e-02
1.852181160099021159e-02
1.896549558055525900e-02
1.911469634424160097e-02
1.883202949855089514e-02
1.892180255986611673e-02
1.922100915796062792e-02
1.941489415124901877e-02
1.941684571204832510e-02
1.966955685755300900e-02
1.980648890531119463e-02
1.988426406791148071e-02
2.006898300565424301e-02
2.039784690164647002e-02
1.988874126742215531e-02
1.978860073353314389e-02
2.000963922117832139e-02
1.990310376835535341e-02
2.039189453500817387e-02
2.044432507376656855e-02
2.068431612036436204e-02
2.031095939920633808e-02
1.990467348947456971e-02
1.940804199667607241e-02
1.965163182884719154e-02
1.987896685660348398e-02
1.920482108940493177e-02
1.945194690305077079e-02
1.985287145648651982e-02
1.984211706060803188e-02
1.981630559165031488e-02
2.024755228323584996e-02
2.020706734694191140e-02
2.030774776274601665e-02
2.047622348792904959e-02
2.108982996899879878e-02
2.109351616418236181e-02
2.045288980303675008e-02
2.054187794934271907e-02
2.095513490312279556e-02
2.081352022045678679e-02
2.085440540871729212e-02
2.121121530200468716e-02
2.118559676457607358e-02
2.073607680668395833e-02
2.029695552860357258e-02
2.022213131534401215e-02
1.987012810437615087e-02
2.038477374168502776e-02
2.043634817614940757e-02
2.054862303793818581e-02
2.091130762135159915e-02
2.031940224723833080e-02
1.968738026414969602e-02
2.060233085723300883e-02
2.068612702501839568e-02
2.123111577094756799e-02
2.177163038934776598e-02
2.166386917951809710e-02
2.171365044128742774e-02
2.112431188457828193e-02
2.144754577401456613e-02
2.158089448627310836e-02
2.169815896652184731e-02
2.170456893573827206e-02
2.162819702024007529e-02
2.117767396932060051e-02
2.072657849000093117e-02
2.085491536518555705e-02
2.117792053402858116e-02
2.029455731576770838e-02
2.080358389801819155e-02
2.094307744824871337e-02
2.122520769635236407e-02
2.095984216641800374e-02
2.111500731103652453e-02
2.134501990825648024e-02
2.168600588684170896e-02
2.110324340968466883e-02
2.188490804531295630e-02
2.230574622994663941e-02
2.223723799996736930e-02
2.225255760535209751e-02
2.231409887783553439e-02
2.190889390873895781e-02
2.222129435553426430e-02
2.211187110433467454e-02
2.218980154807258243e-02
2.220613175107265941e-02
2.210537005733400825e-02
2.211241422753970967e-02
2.163022272315522770e-02
2.163788603223673612e-02
2.120680709207401968e-02
2.138652049234177413e-02
2.168554239815099691e-02
2.164370575042597750e-02
2.155099107819952522e-02
2.160667873402179542e-02
2.201810903774650482e-02
2.216159873603372119e-02
2.247542549109841567e-02
2.274779893631825520e-02
2.273010093127386666e-02
2.286451114902359263e-02
2.281816521603075021e-02
2.282695863252658108e-02
2.274942844814327458e-02
2.262709772908665443e-02
2.285120140971747676e-02
2.264339513491955488e-02
2.275312890093736384e-02
2.255905143660289977e-02
2.250814354250666935e-02
2.237594977742859981e-02
2.167517272731997111e-02
2.218247432230545726e-02
2.218179576687246898e-02
2.211209785482286597e-02
2.215267288305912408e-02
2.238272274131731729e-02
2.258846031867047660e-02
2.286851145192908899e-02
2.318683622487677926e-02
2.334677338732736585e-02
2.318644482209857721e-02
2.327436118877244942e-02
2.323175838907962087e-02
2.337688388947798887e-02
2.358022897161249354e-02
2.318768776868287626e-02
2.339156132650579631e-02
2.326063221222357882e-02
2.302617448950300752e-02
2.215540687108398521e-02
2.260308117213109119e-02
2.279540810199739281e-02
2.260735557049513636e-02
2.271592009814935031e-02
2.279076385553003778e-02
2.289551814749254260e-02
2.311211775603495833e-02
2.322138124069568835e-02
2.376864408718159724e-02
2.385696987235619640e-02
2.390007033616115342e-02
2.361263866540235304e-02
2.381086066431062354e-02
2.366771581674844208e-02
2.396866967124374262e-02
2.399291230423187746e-02
2.384125824475593833e-02
2.367177419983744827e-02
2.407537487715066121e-02
2.390681087503307087e-02
2.347321043126475784e-02
2.308449625747492975e-02
2.328353468755444203e-02
2.308994149958516762e-02
2.332552910368423937e-02
2.352178819215014483e-02
2.349976556036257117e-02
2.376558971903583797e-02
2.438538189882631657e-02
2.427424624248517016e-02
2.431759167766985030e-02
2.452097589009642059e-02
2.435312989140600570e-02
2.421962860216200428e-02
2.467530369728149903e-02
2.445000232137728088e-02
2.429003001938794329e-02
2.424678760504418717e-02
2.450201408349533469e-02
2.443329724244561879e-02
2.439515668879744387e-02
2.390349784934450716e-02
2.408737370554214080e-02
2.348863934925456490e-02
2.394203771446409140e-02
2.385630723722327942e-02
2.353150685746412465e-02
2.393751260380708526e-02
2.408102433042421178e-02
2.410682244942025099e-02
2.392206911293141836e-02
2.445800539892426309e-02
2.494169570524955998e-02
2.490228979668650602e-02
2.480661676298438756e-02
2.481313880904589472e-02
2.499456687373340091e-02
2.486533613270090412e-02
2.511728673875035164e-02
2.517100942465510735e-02
2.476694625789338869e-02
2.468450229053717124e-02
2.505550740929491857e-02
2.489533969088166682e-02
2.483242217757332740e-02
2.393883998694835979e-02
2.440694794665265732e-02
2.439978149998361934e-02
2.440188334431677916e-02
2.416921573788908054e-02
2.445973070689404574e-02
2.479973011674100128e-02
2.451821139449719342e-02
2.496456090672034833e-02
2.537102907452301256e-02
2.564289383151295912e-02
2.540914337512817020e-02
2.532898193709885379e-02
2.530304020966299763e-02
2.541253543849867486e-02
2.538429605474581269e-02
2.554844723223218331e-02
2.556797017479676970e-02
2.540909258696748274e-02
2.529271051855610380e-02
2.552182404541925367e-02
2.529830033628729935e-02
2.525921293719567487e-02
2.485574294936628015e-02
2.483330960673028193e-02
2.487328707627110488e-02
2.525378889969408236e-02
2.553298484920308795e-02
2.579749643644592069e-02
2.615495624776849326e-02
2.588178018337526989e-02
2.583698826823296879e-02
2.581193391390895070e-02
2.574227442045035064e-02
2.602660529228720265e-02
2.596607587050014238e-02
2.605758139739302454e-02
2.590125255033930152e-02
2.566961772810478007e-02
2.485433171967960445e-02
2.569797863310408978e-02
2.595740604996481932e-02
2.570289048382169358e-02
2.530785975807970864e-02
2.529460821354031011e-02
2.571980271263856616e-02
2.596743102575677434e-02
2.663949479253220273e-02
2.672249718283727093e-02
2.657715546528026038e-02
2.624996900358007521e-02
2.629424843153587918e-02
2.626276109020448182e-02
2.627023083200510228e-02
2.643457367181245229e-02
2.646195695105601001e-02
2.656029439040696188e-02
2.654758296675372234e-02
2.648252738227835704e-02
2.660092947704761901e-02
2.613990927502269843e-02
2.529728147590788040e-02
2.529870406154793860e-02
2.619036977887959430e-02
2.574464031850015946e-02
2.573273467914910170e-02
2.573574055564439855e-02
2.618619147081340318e-02
2.665804810496037042e-02
2.712151521194681655e-02
2.734954342007412179e-02
2.714103637308623238e-02
2.672508443648548976e-02
2.669940135958304497e-02
2.659272867109174765e-02
2.679385848931572361e-02
2.676111291966153452e-02
2.705174122621729904e-02
2.708530886535693086e-02
2.715670054187685825e-02
2.704338380432656092e-02
2.708006552239991885e-02
2.658794992592660236e-02
2.572891887266767416e-02
2.618161063495414234e-02
2.617479399878596194e-02
2.665020091206600147e-02
2.711862120291804248e-02
2.758109779804942055e-02
2.758966612856362730e-02
2.802210715680474029e-02
2.807311721038374328e-02
2.791858844912548793e-02
2.738136917136315893e-02
2.707929452479263671e-02
2.696313703727492087e-02
2.752701344411523018e-02
2.723979925486682760e-02
2.759660417571757965e-02
2.786998885893971975e-02
2.768042033270541255e-02
2.788807622311559320e-02
2.754561875630714279e-02
2.755833351303324519e-02
2.707574455644019135e-02
2.620741677839837774e-02
2.619033606208931442e-02
2.754770458754700335e-02
2.748522586138825094e-02
2.666698824051066258e-02
2.714838710599121185e-02
2.762212902531264655e-02
2.805207934699853467e-02
2.807549700591925948e-02
2.853678304759127080e-02
2.853436266259877160e-02
2.843699447012288870e-02
2.795520924432165141e-02
2.781047170433971830e-02
2.742238988863096583e-02
2.744296503635781231e-02
2.795292846334258841e-02
2.804165412257215648e-02
2.839290750874972138e-02
2.865612278298225804e-02
2.827254132058500471e-02
2.837671989126039004e-02
2.800590961495412479e-02
2.801400297171142278e-02
2.668284596841823120e-02
2.665707149143156998e-02
2.716716067724871120e-02
2.763051807155468206e-02
2.714771445547249293e-02
2.809448055733939839e-02
2.853598328159354103e-02
2.894800798432349206e-02
2.893260823365892756e-02
2.894170303799709423e-02
2.886336994233146616e-02
2.890832711791766971e-02
2.844993712891214985e-02
2.833822577834799183e-02
2.786311606380536751e-02
2.836449585137176127e-02
2.839363556918311771e-02
2.885237891762056084e-02
2.912549898953870411e-02
2.916696943469784462e-02
2.902935382277686480e-02
2.887097649737910623e-02
2.850558153864339236e-02
2.849992607345828641e-02
2.851868748992878941e-02
2.874256634915765482e-02
2.809395541697725859e-02
2.853271285014823480e-02
2.895174347016043689e-02
2.938507091946783098e-02
2.939858868132889588e-02
2.937794620182772320e-02
2.937184389344693267e-02
2.929931716389537477e-02
2.940127668043557990e-02
2.941252930812473382e-02
2.881142943165229328e-02
2.881555383183904973e-02
2.879364077582424394e-02
2.934625332590504176e-02
2.963942230628728233e-02
2.961636981639191590e-02
2.968299289761314880e-02
2.954771392220674822e-02
2.939656620866793260e-02
2.934988800664786388e-02
2.899461516190229501e-02
2.808961422882257086e-02
2.763432284647714468e-02
2.853077259895972842e-02
2.896023097878846000e-02
2.937878136045826011e-02
2.980933538613049147e-02
2.981897974896855277e-02
2.982893156068331525e-02
2.984755858293120998e-02
2.979163821343899440e-02
2.981234874791567624e-02
2.990561072031332548e-02
2.987758899013634797e-02
2.937503700063666748e-02
2.964443399590062020e-02
2.979534328962011452e-02
3.019250736140697070e-02
3.010927973450589282e-02
3.010546766812663422e-02
3.005491760027151002e-02
2.995953494357935648e-02
2.988090240225474425e-02
2.983486519105067736e-02
2.941696628384014509e-02
2.854083345163057478e-02
2.895502416033175763e-02
2.937248439523282295e-02
2.895828811252425597e-02
2.982242189453188433e-02
3.027771173562317578e-02
3.047201628635863926e-02
3.030763948206540229e-02
3.035153346494151583e-02
3.031495740159178068e-02
3.044148581299145617e-02
3.046618368718602074e-02
3.036285273854874914e-02
2.984439404325456291e-02
3.002274210440033023e-02
3.068722775565208352e-02
3.053246069100668675e-02
3.051346452728466441e-02
3.072795602955906424e-02
3.052435560811151208e-02
3.034506293376672617e-02
3.064781871433069557e-02
3.034255853805780875e-02
3.035433115231570000e-02
2.988522270201973696e-02
2.937176773869636798e-02
2.982924196671329214e-02
3.028371561362150355e-02
3.075426750065336085e-02
3.082355277283746128e-02
3.114765071383332126e-02
3.094304347484475373e-02
3.073187617143942341e-02
3.077653085460544877e-02
3.082229949730815391e-02
3.097544033167141247e-02
3.096667569030945796e-02
3.117062344614682581e-02
3.121368908647359497e-02
3.049433903122988204e-02
3.115510850291636213e-02
3.090021411996916184e-02
3.149498640068730537e-02
3.133188252984719924e-02
3.123535577093415269e-02
3.089854323336938685e-02
3.101328359327858511e-02
3.139524229955382995e-02
3.079713962226090368e-02
3.086147027585115291e-02
3.078262495982594590e-02
3.120818669251806607e-02
3.131150339976108282e-02
3.181008006880254452e-02
3.158180039465542654e-02
3.146930610891938290e-02
3.118930027141302713e-02
3.126338186681969222e-02
3.154879313446536798e-02
3.156362022148861274e-02
3.137373664969741321e-02
3.164321145569196775e-02
3.162986915930889043e-02
3.158980341016457555e-02
3.196417031908529993e-02
3.200377361232346202e-02
3.182337903489124847e-02
3.196981624709571701e-02
3.170747309680157361e-02
3.123956526888193794e-02
3.124972599768259182e-02
3.167994633669251464e-02
3.211492608676300847e-02
3.228780088261100356e-02
3.226774388918695474e-02
3.208304288106592767e-02
3.199670998422864121e-02
3.177340492608522055e-02
3.204370868286804397e-02
3.225099412172508645e-02
3.200135195820753148e-02
3.182489464151647129e-02
3.213621020198820927e-02
3.199373950910357894e-02
3.226876979841605819e-02
3.251373968775254919e-02
3.247352759661444044e-02
3.244827377677825253e-02
3.252519808552322561e-02
3.211910576239147830e-02
3.212418666849700677e-02
3.169540167218221072e-02
3.168467278593321834e-02
3.255090199128198025e-02
3.278230381075034061e-02
3.268771979738899214e-02
3.263178703259607405e-02
3.246083701767513846e-02
3.256496383468735628e-02
3.262532711045470352e-02
3.277804186039366685e-02
3.245492442692227836e-02
3.262598484615601008e-02
3.250915777724310701e-02
3.275763813545761599e-02
3.302454195773262685e-02
3.301769658763229615e-02
3.299140340710291636e-02
3.317452464533011264e-02
3.321863678773746831e-02
3.265874475867640986e-02
3.257672445443122317e-02
3.212598076741274983e-02
3.219812059479496003e-02
3.303075658968519790e-02
3.319198381471434589e-02
3.303418072469856137e-02
3.305592693969432172e-02
3.315942319410813272e-02
3.300409268394197126e-02
3.332548754455946088e-02
3.309172621116242968e-02
3.312647319423939196e-02
3.290499093689816523e-02
3.319174318597334361e-02
3.328016747623784022e-02
3.355552669801787485e-02
3.361978096192518722e-02
3.351797091189613609e-02
3.370497427301209076e-02
3.361489125070296624e-02
3.387914771979039230e-02
3.344235265204121427e-02
3.304501932310556500e-02
3.346435739052550790e-02
3.399713439047317987e-02
3.346047862172322335e-02
3.359805160371170246e-02
3.364044310008632022e-02
3.361582508309549078e-02
3.350130055773421767e-02
3.382131176951690132e-02
3.372360557303991785e-02
3.366734633456180265e-02
3.382239298451395620e-02
3.385045755180853683e-02
3.396864647203100968e-02
3.416595460813208474e-02
3.399329398966162430e-02
3.417488307641227546e-02
3.400340164875193666e-02
3.433027644385902577e-02
3.386856913958571219e-02
3.346298743621834576e-02
3.390241846582740110e-02
3.436742064904189931e-02
3.457961046384271098e-02
3.462948198539175793e-02
3.418038074343632965e-02
3.404466665654842100e-02
3.434624372234581363e-02
3.408421230253524947e-02
3.390993104291624427e-02
3.405383049681883628e-02
3.458454816631544027e-02
3.432035941697970938e-02
3.425872753480963678e-02
3.414797834007568533e-02
3.427966522797229465e-02
3.432621029611061109e-02
3.464225428029781007e-02
3.445912837582491145e-02
3.458809407702844591e-02
3.447109967494280808e-02
3.479527598788247078e-02
3.475887857299451988e-02
3.431577816020986438e-02
3.479822150560892002e-02
3.509283668948415258e-02
3.506698860484089991e-02
3.480626761384700979e-02
3.456887122960265041e-02
3.478255413348455699e-02
3.488832990487172186e-02
3.446420403716697611e-02
3.478995742175131772e-02
3.486869569710704386e-02
3.461256324158146214e-02
3.473828423385560971e-02
3.475268408219944760e-02
3.474016218284148305e-02
3.505873247544356169e-02
3.496349648873536137e-02
3.519917825715648818e-02
3.526147295227997913e-02
3.492932426210133140e-02
3.503756496019242578e-02
3.520641967026518632e-02
3.525533317524391641e-02
3.568220826461276224e-02
3.586773605689500682e-02
3.550225242925208330e-02
3.545072064330292982e-02
3.539753863704517972e-02
3.563863122113781340e-02
3.549330780826202847e-02
3.531082785369164811e-02
3.540612560969753214e-02
3.516245859970925508e-02
3.541985752069481269e-02
3.513296854246118761e-02
3.520363870063871609e-02
3.521048313699732396e-02
3.551647300862015300e-02
3.540784219046919090e-02
3.566382131346633455e-02
3.600322387482512293e-02
3.573064544293257788e-02
3.560916108781742723e-02
3.608164760381307040e-02
3.629153090408419186e-02
3.629983832308283920e-02
3.597043981936900309e-02
3.605718707633857184e-02
3.597287322890990735e-02
3.613451134078220911e-02
3.575967857943257444e-02
3.606515582398262670e-02
3.581385544320941222e-02
3.596083248685268824e-02
3.587195195724496993e-02
3.567411186824177155e-02
3.560297158236201687e-02
3.600765270266517021e-02
3.597889594039482830e-02
3.589161125988248741e-02
3.610197560609673673e-02
3.646535315779926567e-02
3.648355794879332148e-02
3.607694365913696743e-02
3.653231753127193088e-02
3.681953242394882947e-02
3.661775203747680979e-02
3.642368440080624714e-02
3.681447075002689667e-02
3.653021692987284963e-02
3.659331146213280067e-02
3.650987413555936700e-02
3.685611304423831031e-02
3.659009608101371214e-02
3.653994445015096987e-02
3.620151716036172640e-02
3.660015423879703356e-02
3.635986401172628529e-02
3.654422563329680351e-02
3.649255373504541045e-02
3.687733294027765313e-02
3.685982809046473713e-02
3.647024486849836933e-02
3.623179839941830654e-02
3.687872792604954264e-02
3.710013143199111796e-02
3.732881386471927770e-02
3.734753120040985169e-02
3.695042849720735906e-02
3.723134414162462824e-02
3.738439343497042266e-02
3.693405414126913616e-02
3.718645469507310397e-02
3.703203871874941044e-02
3.730211423550883199e-02
3.738312507323381106e-02
3.725626591936768289e-02
3.735296759413508916e-02
3.704847153810385263e-02
3.724963150409358464e-02
3.686061303431813208e-02
3.711638276915883022e-02
3.678576354974776724e-02
3.696102305123907111e-02
3.733281897286887252e-02
3.724784869049195535e-02
3.722529857743302195e-02
3.686431497439886240e-02
3.731183428037199851e-02
3.768161912651864232e-02
3.793178230597486766e-02
3.779346365309371736e-02
3.771906829604276118e-02
3.804243429352378164e-02
3.819031434728338559e-02
3.793563153400687782e-02
3.764686180694128831e-02
3.817081197578779672e-02
3.797458454129622185e-02
3.801613707787568353e-02
3.762697251481397082e-02
3.804286968519170892e-02
3.749337409460853920e-02
3.767423973902209872e-02
3.722161782206776653e-02
3.753002410341638173e-02
3.778956436191356627e-02
3.761533858258815644e-02
3.761188362237516403e-02
3.803712907280488303e-02
3.830194533406836022e-02
3.811225027909179164e-02
3.839193808696506754e-02
3.841016470861953469e-02
3.891306585045782584e-02
3.914506955943768823e-02
3.850942563854738154e-02
3.839739422233743454e-02
3.889592635750061672e-02
3.893624115518899004e-02
3.870903068814674636e-02
3.867361169320795988e-02
3.901623635570380944e-02
3.872861612089929795e-02
3.810047288176541397e-02
3.797125259188557922e-02
3.804687192349619218e-02
3.843657901140536126e-02
3.835400642896701767e-02
3.798426863959916688e-02
3.797268244163024692e-02
3.805966628480364489e-02
3.816598853415695963e-02
3.838554397897055159e-02
3.874132842664752829e-02
3.895048934713919025e-02
3.894860013530044435e-02
3.926330125845264862e-02
3.960705364962958941e-02
3.986555108447281670e-02
3.959640043942359161e-02
3.944659858144362180e-02
3.949126177896520457e-02
3.934757605050058504e-02
3.963214023648967826e-02
3.935254056391922217e-02
3.914560136673762847e-02
3.853862693599836159e-02
3.854054837620406876e-02
3.897194912193243516e-02
3.882587060727286238e-02
3.894744195840732504e-02
3.868884500232878249e-02
3.835510625523987083e-02
3.834932158782827782e-02
3.845932479765001855e-02
3.903474842133395489e-02
3.872755082526434939e-02
3.907384147414574155e-02
3.925893266274549376e-02
3.921576003979614089e-02
3.960826672032673884e-02
3.940743664911700722e-02
3.980575201268591462e-02
4.012915913412971880e-02
4.038789423395878347e-02
4.035670550887660718e-02
4.008341437084581016e-02
4.004341680257138270e-02
4.022632416554618173e-02
3.994281829124442240e-02
3.976081638573666921e-02
3.934033771760672704e-02
3.890317899518950379e-02
3.938929090766138397e-02
3.951912207723737996e-02
3.925028000130745265e-02
3.901315667918665159e-02
3.866343766468765403e-02
3.938703182367106481e-02
3.963344300475918347e-02
3.996851573608852654e-02
4.002519874253365056e-02
4.029839747698239771e-02
3.986358572289142033e-02
4.054883012203380072e-02
4.062744120090499428e-02
4.093068187263707719e-02
4.103851439038860155e-02
4.083061567988333779e-02
4.069803204929309942e-02
4.061680897859284989e-02
4.024096453748763486e-02
4.014255389083278697e-02
4.012271182037430162e-02
3.996910287092311775e-02
3.962622594935075876e-02
3.938674754946464712e-02
3.897793561912033661e-02
3.975513313201575749e-02
3.966390602152690403e-02
3.987333435104246232e-02
4.020485591598705472e-02
4.028985747472997592e-02
4.027030992926311503e-02
4.059523993915281626e-02
4.067752487695873442e-02
4.095004001829950779e-02
4.109598976324552178e-02
4.138269775031581943e-02
4.149455504836718073e-02
4.115519734681844649e-02
4.112118396174943569e-02
4.081083150408307270e-02
4.061691733788463932e-02
4.055282465736395614e-02
4.061659477060263618e-02
4.031330519548903535e-02
4.020367462145178761e-02
3.974689722720734647e-02
3.968434473102278037e-02
3.934469163761991628e-02
4.001092473750370027e-02
4.033512461797165993e-02
4.087074762622833202e-02
4.063479303301478773e-02
4.067603547247100604e-02
4.089593251443986860e-02
4.085095155250262344e-02
4.101956136278502030e-02
4.138829846552996572e-02
4.149594829587254646e-02
4.178866898676952130e-02
4.204565328113230721e-02
4.165231103095825421e-02
4.162296813788516486e-02
4.120638314586391737e-02
4.116676976928070053e-02
4.089231813219862399e-02
4.074818792358986946e-02
4.086431726411202808e-02
4.092501648534654923e-02
4.056467520495481843e-02
4.034985628804107355e-02
3.990714581551232237e-02
4.001140683093443173e-02
4.068634705358070008e-02
4.125514483055515297e-02
4.139468075382862072e-02
4.096777281938218662e-02
4.121083170496722681e-02
4.103999472440301305e-02
4.101634404559476726e-02
4.132011530593349136e-02
4.180981516430760936e-02
4.209008546718428362e-02
4.193402754592574777e-02
4.158734844358950855e-02
4.118717098143116068e-02
4.100259870236740156e-02
4.094784226731481430e-02
4.106006049583676293e-02
4.124026048976037889e-02
4.103043490451024206e-02
4.069649311096153188e-02
4.049558735915802926e-02
4.038439015554270983e-02
4.112821763246099493e-02
4.165680693230316284e-02
4.180076652706462420e-02
4.185961412028211398e-02
4.146975322269689374e-02
4.102611252717433543e-02
4.084741526004456724e-02
4.080392854560559168e-02
4.169613481290688345e-02
4.194207515046598223e-02
4.167242051762195393e-02
4.130853111645947651e-02
4.089596814421915527e-02
4.026893661437162819e-02
4.078898104690126952e-02
4.084481673695179726e-02
4.126155481048400520e-02
4.159487501836329343e-02
4.141090289575798111e-02
4.093349849044727179e-02
4.080436689898609554e-02
4.110408280075016768e-02
4.226282081385628053e-02
4.268868860722910274e-02
4.274891857052202926e-02
4.220425925853715787e-02
4.167941989808339465e-02
4.087155634737930227e-02
4.014494197929065894e-02
3.933879160312109963e-02
4.033450347830236371e-02
4.100036335350643046e-02
4.102540920232057575e-02
4.068043939287614014e-02
3.960200934297401082e-02
4.001915535204574742e-02
4.115039084540184772e-02
4.163677288094215501e-02
4.204397074586090771e-02
4.214006653781707940e-02
4.156645657928038917e-02
4.124626927853203284e-02
4.283887091388997870e-02
4.333683947580747875e-02
4.357949527820699498e-02
4.286214919883578334e-02
4.241137793023641578e-02
4.134757683119165417e-02
4.002269530384128943e-02
3.812667263095908393e-02
4.005352116104905769e-02
3.904346871374751726e-02
3.962949994075336962e-02
3.889757261176327030e-02
3.752750150992169992e-02
3.881977312594379198e-02
4.009144803465826412e-02
4.144391875666012665e-02
4.215390868899605847e-02
4.252003448857177154e-02
4.277391755135204199e-02
4.289092168951147421e-02
4.212462830483831855e-02
4.168089819246270644e-02
4.349688004214303377e-02
4.428443332789917114e-02
4.429532084542196074e-02
4.414602346814484185e-02
4.338959068830604282e-02
4.295302369133734838e-02
4.144606374931839032e-02
4.041133299398739359e-02
3.784231267764762152e-02
3.567747599327390079e-02
3.430588796617379393e-02
3.543295797647128681e-02
3.528782425545572837e-02
3.898922111662912748e-02
4.063733505984890026e-02
4.161079671934173052e-02
4.261938347082500772e-02
4.317232108502063598e-02
4.347496171805913939e-02
4.366768809473581953e-02
4.290813514390088429e-02
4.228880990761479247e-02
4.422349446799184181e-02
4.494766097258206389e-02
4.549701179062394518e-02
4.512807245505619236e-02
4.497448825887653129e-02
4.451937329027979423e-02
4.353761620430150747e-02
4.187112208655639767e-02
4.197755954861771832e-02
3.818044956690871267e-02
3.562723196091011069e-02
2.869578111148624044e-02
2.854239230631147248e-02
3.890975260033498889e-02
3.765001651716898962e-02
4.217958505771201433e-02
4.223872314378708526e-02
4.260382729722379108e-02
4.350444218464472740e-02
4.390398852828004267e-02
4.447163050344014185e-02
4.446344216246304187e-02
4.426677265925256510e-02
4.355701243724731386e-02
4.566953295035226096e-02
4.636116189462614889e-02
4.626880133818259133e-02
4.639152668542694674e-02
4.591691532294388256e-02
4.568713138406157309e-02
4.551391260635411634e-02
4.384389256239358545e-02
4.241970736447445156e-02
4.164263347237373569e-02
3.927649713717767249e-02
4.174534895975837157e-02
4.013930720443025651e-02
4.299425417009972855e-02
4.504555859367998655e-02
4.411470147675359416e-02
4.398495803333724030e-02
4.459147927798899624e-02
4.494379380352952341e-02
4.546312371790213469e-02
4.522341649362628807e-02
4.491924318047084419e-02
4.670268676099972177e-02
4.708353059634785148e-02
4.716504867778883309e-02
4.687119162119703780e-02
4.691380246785389896e-02
4.703936987793685270e-02
4.588303148450992297e-02
4.611975369157128579e-02
4.432743915391868655e-02
4.163101821339527941e-02
4.700604695152495877e-02
4.385152329088790046e-02
4.436694936240622583e-02
4.549559332633544562e-02
4.715353087175675612e-02
4.653093460398402548e-02
4.537048265724839824e-02
4.559291144294218973e-02
4.617156421903731434e-02
4.646843785015517675e-02
4.604206685846468777e-02
4.561131625720164090e-02
4.733443364915829177e-02
4.787144262256105842e-02
4.816372879700786536e-02
4.851106873406588887e-02
4.843593868863606267e-02
4.855361010626560447e-02
4.914722932449368947e-02
4.799473082805816998e-02
4.679028143528334016e-02
4.753541069052247964e-02
4.761031412846302574e-02
4.695000146203194558e-02
4.806874611393097130e-02
4.917317551708405565e-02
4.909192317825674529e-02
4.816665363971792818e-02
4.659799989768695361e-02
4.664136003294061528e-02
4.721587019937867336e-02
4.691724395327359631e-02
4.687163671471350490e-02
4.623221684636795448e-02
4.849498769215857680e-02
4.823634284086034119e-02
4.888145640947151593e-02
4.931239315849175048e-02
5.020777968199039570e-02
5.020206903310011487e-02
5.052783900683123497e-02
5.035951761301137725e-02
4.929111188523595255e-02
4.926883741284569102e-02
4.933002544345705537e-02
5.033556721335131351e-02
5.112512130297466179e-02
5.020641384785092670e-02
4.837380025712144371e-02
4.825496346640711920e-02
4.823769007503669187e-02
4.766325200508726712e-02
4.747128939236517492e-02
4.687301567955556858e-02
4.889152250036209874e-02
4.988619653870809967e-02
5.013661143173041984e-02
5.066014932091581630e-02
4.991717411294814555e-02
5.053233692996383225e-02
5.196187124094160670e-02
5.203833491842706910e-02
5.232244436562871054e-02
5.154756204512724732e-02
5.153478491225426533e-02
5.231085352601865662e-02
5.272383261903999807e-02
5.212068732971481683e-02
5.054744663979920255e-02
4.953296016086441295e-02
4.933205405170514729e-02
4.920725092558572017e-02
4.819263760525572399e-02
4.807581087688982818e-02
4.965434619560651214e-02
5.052420295447725834e-02
5.083746800090846452e-02
5.111037755783624792e-02
5.215945863575821573e-02
5.200972464464050093e-02
5.139056311232382407e-02
5.174657308842339765e-02
5.281238702296222470e-02
5.356163345766496581e-02
5.378272178427191685e-02
5.450261947919399219e-02
5.358628991762388188e-02
5.341423569103906366e-02
5.369518850517746023e-02
5.415652650908338306e-02
5.323566027818226604e-02
5.246926815994836651e-02
5.165916128562328402e-02
5.060408184178013385e-02
5.037036909453115885e-02
5.004036536261703694e-02
4.894119288213608782e-02
4.878867982869676545e-02
5.158580683539978201e-02
5.207106845789632316e-02
5.222911601009331412e-02
5.344178447742144872e-02
5.257860729164324370e-02
5.241167426842470445e-02
5.259428719088167503e-02
5.349501886712683396e-02
5.442549191406061831e-02
5.516278152907622828e-02
5.512039256619715583e-02
5.473083480942517870e-02
5.517512880435535005e-02
5.414425589903708314e-02
5.331882995044506107e-02
5.235721506924788382e-02
5.123026742663472355e-02
5.109507972874634263e-02
5.111785274914704136e-02
4.985129574104957273e-02
4.959878674727396380e-02
5.285375745889775434e-02
5.333890866665724068e-02
5.477579118672677022e-02
5.553475697149262008e-02
5.437220801256360814e-02
5.252391224170317036e-02
5.210768991537558653e-02
5.265738687808516755e-02
5.256730349527313079e-02
5.406301060493846206e-02
5.496543323157878497e-02
5.589849816028600454e-02
5.491485919227954288e-02
5.364217727154734633e-02
5.228857849663644253e-02
5.314904630279452397e-02
5.202617134840409330e-02
5.174326886801924874e-02
5.158719950550873234e-02
5.182813561274421388e-02
5.222603960827835318e-02
5.235563031794255445e-02
5.088551155290882422e-02
5.058872101827885381e-02
5.431463773121168043e-02
5.616006084719193242e-02
5.686284273095319058e-02
5.651593118233153717e-02
5.294903374484295766e-02
4.991864761899692665e-02
5.130113190055059919e-02
5.113872614414594758e-02
5.123434421533558381e-02
5.389878524087654554e-02
5.570547488546481046e-02
5.346662691448010596e-02
5.058462199660349740e-02
4.995375351029075761e-02
5.160621208756860367e-02
5.106426142769140281e-02
5.117776888789193901e-02
5.233547385256982765e-02
5.358191352703906007e-02
5.366481408351633092e-02
5.319220257347900827e-02
5.176553841128968964e-02
5.836879660340094089e-02
5.953866729922471096e-02
5.821820508624032248e-02
5.504852368930072265e-02
5.107521609263147161e-02
4.792810208015722828e-02
4.926401455243101246e-02
4.881048399988534986e-02
5.080029536935932316e-02
5.275332916642613834e-02
5.473271747831074535e-02
5.149378361532940679e-02
4.836630170274656970e-02
4.788011893112482931e-02
4.734375832318651195e-02
4.990388041057190055e-02
5.222335962761231326e-02
5.445923828416959767e-02
5.495978706146149861e-02
5.511819716861561524e-02
5.466745185720370270e-02
4.964038946378681455e-02
6.094112945314453245e-02
6.372499242519653884e-02
6.259021847319441723e-02
5.493841191910821958e-02
4.765776446264542721e-02
4.393926667719297297e-02
4.358426476053923332e-02
4.578816426936738182e-02
4.749564388968915279e-02
4.987828179888344204e-02
6.094574027383262149e-02
5.189176894222152087e-02
4.482303474185998782e-02
4.477711024216100150e-02
4.286471829055776145e-02
4.528600285472823839e-02
4.758161784356349649e-02
5.067667614463949172e-02
5.391087663210516329e-02
5.682425292574386222e-02
5.665880483321669714e-02
5.667319171085679480e-02
6.400625530819731290e-02
6.706038034598288400e-02
6.620510812771090992e-02
6.734025347089357683e-02
5.950636105580973945e-02
4.685686470667278780e-02
4.726723250937068382e-02
3.629035304250426142e-02
4.021038813891229108e-02
4.218262549171333808e-02
4.642196298234364804e-02
4.061655159580081220e-02
3.969196161205497397e-02
4.134639342633867481e-02
4.414506752606081608e-02
5.147018983536762876e-02
5.759365370907815890e-02
6.076422584866900817e-02
5.844637318796318259e-02
5.863245099638642738e-02
4.061545474364253172e-02
6.729593290238444769e-02
7.110940206538700348e-02
7.256249822442459307e-02
6.997492304670825669e-02
7.241373410990030457e-02
6.823258331994899728e-02
6.292350093926768473e-02
5.317679777087918475e-02
3.387714141308279664e-02
2.977806823596143224e-02
3.209595617706433729e-02
3.621604364241647056e-02
3.890990378245585968e-02
4.028431241175097627e-02
4.234357835093258832e-02
3.579145177839568315e-02
3.834883565792786275e-02
3.865562678754790732e-02
3.882697336386232295e-02
3.659770720258964660e-02
4.425708684736510273e-02
5.267181673658648949e-02
5.766563509189572695e-02
6.186984546013844094e-02
6.463194649284365045e-02
6.231639161818015166e-02
6.115338179873260060e-02
7.499704637302462285e-02
7.630821399814621819e-02
7.681588337347136641e-02
7.673776655800011726e-02
7.083517391614062297e-02
5.219627319465561244e-02
3.580293194840247079e-02
2.610131760002377607e-02
2.482113355578674171e-02
2.398850229071842338e-02
2.722072850848894499e-02
3.091948879329777314e-02
3.634884303564625552e-02
3.826624929828048582e-02
4.003498077169313080e-02
4.022859687014627983e-02
4.048572343161149084e-02
7.344089886812189827e-02
3.460639474286970191e-02
3.670969266687929694e-02
3.827884323162759894e-02
3.863946174702897335e-02
3.839808186157071118e-02
3.090336846392503084e-02
3.055630153813715041e-02
3.211176291295247259e-02
4.571471269264078263e-02
5.900944965455642843e-02
6.511919443362113036e-02
6.819010193407341880e-02
6.985834989210915058e-02
6.688804185681619663e-02
6.701516420342658320e-02
6.391553724177308216e-02
7.870190556318690245e-02
8.080596681973599427e-02
7.988942194556843124e-02
8.267221266924561218e-02
7.919199306222447776e-02
7.826941057856963424e-02
5.920827859732790549e-02
3.175490715814267145e-02
2.312525842630139272e-02
1.838916687821576246e-02
1.934634055278884601e-02
2.110043338761465395e-02
3.342916092657004928e-02
3.632094484750232610e-02
4.041338088906402254e-02
4.036936417812932165e-02
4.013886299449784950e-02
3.470008280195071432e-02
3.168237252148853322e-02
2.899361070793047765e-02
2.517053325151642415e-02
2.465427796955303730e-02
2.434059172252196757e-02
2.941009043698199557e-02
4.866578741161727700e-02
5.722434398331523869e-02
6.692661339022640266e-02
7.078253571487620743e-02
7.473325467189430305e-02
7.345524927340868482e-02
7.374463385281140870e-02
7.036178040347343399e-02
3.879753625406374973e-02
3.873256593022816885e-02
8.204925705380465562e-02
8.427614117430938523e-02
8.588180450146642997e-02
8.739740510532144346e-02
8.519927834626160601e-02
9.125144030526036176e-02
8.682934853335484704e-02
8.350635767910992435e-02
5.539767301167464186e-02
4.717452568347939995e-02
2.904631161958018404e-02
2.218736058162751670e-02
1.968049593847097031e-02
4.037878133390453150e-02
2.212340047587305070e-02
1.890612462774977562e-02
1.647359608580157078e-02
2.148281179241855188e-02
3.203859407630494510e-02
5.356638905848500748e-02
6.671724478946818027e-02
7.539654338362983266e-02
7.420244735656775226e-02
7.747706747092225621e-02
7.943923341893187329e-02
7.667309509520731092e-02
7.713554038130178425e-02
3.874626807566879799e-02
8.498545773661383973e-02
8.726383076113497506e-02
8.721757455612619281e-02
8.833993788044545992e-02
9.025879912157339091e-02
9.081944241680017793e-02
9.377648389446485711e-02
1.008299607774884865e-01
1.045279135436581186e-01
9.775148481100846831e-02
7.582452149267504549e-02
6.496105089928475018e-02
5.246058457542906311e-02
3.781311685186175553e-02
1.493970360810965327e-02
1.681250741233597176e-02
1.878937369353640696e-02
2.623799313875734007e-02
4.598564355341332871e-02
6.635045972562128580e-02
8.134088403334480133e-02
7.582467126361151777e-02
7.884305428060670029e-02
8.254655922930975720e-02
8.052246450618248674e-02
8.335106015082298370e-02
8.271010842429712961e-02
8.011436171925738481e-02
8.896317410885168364e-02
8.951223069079254635e-02
9.013309054771914686e-02
9.111964594679590468e-02
9.279737537269115710e-02
9.547144951261794799e-02
9.821473724960998186e-02
1.069529708593389555e-01
1.196219322235284044e-01
1.210797704209995718e-01
1.089197929543602728e-01
9.923717244995892972e-02
8.426990731593718420e-02
3.440981555486048726e-02
4.928884533930910639e-02
6.285059261671045727e-02
9.153309835203815581e-02
1.038124941094994425e-01
1.005213198309242162e-01
8.910771229431077578e-02
8.460916106754008681e-02
8.799299082601434729e-02
8.414117629948740518e-02
8.610924796007703164e-02
8.534549784635429848e-02
8.485520090647633018e-02
9.014523767778506724e-02
9.062305800344602758e-02
9.141550885904159429e-02
9.190877942041306148e-02
9.245458833719240321e-02
9.442950777820317831e-02
9.742046829800940499e-02
1.028205552184776328e-01
1.100003133642897535e-01
1.176859138835007756e-01
1.271306036067497425e-01
1.396626504490668386e-01
1.352869091476386620e-01
1.330856196154327487e-01
1.200709629057960942e-01
8.074851703561568284e-02
1.021055102043172957e-01
1.179220563260657412e-01
1.234905090266883720e-01
1.252950523605102229e-01
1.120768374587255284e-01
9.683217213934784684e-02
9.189797202202852622e-02
9.160265038358073042e-02
8.766512257921954543e-02
8.812522930571220492e-02
8.688114967329459148e-02
8.650172518886263540e-02
9.101912645809409619e-02
9.141025324738838442e-02
9.162962793231063663e-02
9.180385658485609723e-02
9.185079940879746496e-02
9.271724133873859852e-02
9.339161578643026540e-02
9.535090922653001455e-02
9.781548809101368869e-02
1.030931375747932977e-01
1.071528093100217599e-01
1.109555002490379000e-01
1.130170443033876038e-01
1.170465754537701047e-01
1.185569813360673047e-01
1.350881154069879797e-01
1.491330886644124110e-01
1.422397889957465744e-01
1.358200358495574578e-01
1.348459176251222413e-01
1.216919035878027688e-01
1.474203703702673673e-01
1.084476670746201826e-01
1.031467234785855419e-01
9.664220056926606239e-02
9.519832701670045971e-02
9.247654030432959915e-02
9.029397002806335837e-02
8.928879294510194686e-02
8.885734493150942992e-02
8.804506088075539361e-02
8.764598154726983836e-02
8.947402537225612740e-02
9.180448948688302302e-02
9.221540453296386830e-02
9.369926007311486782e-02
9.631638884045026772e-02
9.988661879971227897e-02
1.011588644971728040e-01
1.043147669457800963e-01
1.069082910909202461e-01
1.085808455433511094e-01
1.088168875388279139e-01
1.042373276028252943e-01
9.724824183971222946e-02
9.314147178958834261e-02
9.151381892364227055e-02
8.997844881858520216e-02
8.931245686212774260e-02
8.899339586583274175e-02
8.864226795914446899e-02
8.840602673182948457e-02
1.549750100120806662e-01
1.593464411646484113e-01
1.561631336573551798e-01
1.485774144732328883e-01
1.009853973850873693e-01
1.035429686952542699e-01
1.059655595990496024e-01
1.066974608135935892e-01
1.064323230602534920e-01
1.060570514300672590e-01
1.012741304391520658e-01
9.758549935370754158e-02
9.369625586770721770e-02
9.109200461725804054e-02
8.966623028886785973e-02
8.921358983658371489e-02
8.932241532286139263e-02
8.912403337092743294e-02
8.887419449307978891e-02
1.067353678902878272e-01
1.049487561636537891e-01
1.015219567133726630e-01
9.746342750465937510e-02
1.034052728349995343e-01
