6.101931347945354278e-06
1.148431365976295645e-05
2.221728613768272198e-06
-1.397078791072530299e-05
-1.246756881152331719e-06
-1.036217616608550524e-05
-1.313507533931084457e-03
-2.349708514826491165e-03
8.560637250069912108e-03
-1.051960387247870554e-01
-1.032890109727381024e-02
-4.994984868895672309e-02
0.000000000000000000e+00
0.000000000000000000e+00
0.000000000000000000e+00
0.000000000000000000e+00
7.263149180074434782e-06
-2.139488716614477588e-05
3.607004652483999235e-02
-1.475282194703541327e-01
3.931511941651886275e-06
-2.716537492533454792e-05
3.028671036465539063e-02
-1.877577801047699835e-01
1.224463300830451420e-05
1.581724635747150287e-05
-3.096908937647823150e-05
-3.596507225166419751e-05
2.978654821196251995e-02
6.566877091835285341e-02
-1.992947273118699514e-01
-2.531702790673091563e-01
0.000000000000000000e+00
1.906344743163797176e-06
0.000000000000000000e+00
-1.361776771513266672e-05
0.000000000000000000e+00
1.447815941225760739e-02
0.000000000000000000e+00
-8.862208139337106327e-02
0.000000000000000000e+00
0.000000000000000000e+00
0.000000000000000000e+00
0.000000000000000000e+00
-6.350548633704864115e-07
-1.710361879897145343e-05
-5.289197765188564243e-03
-1.226642064470745419e-01
0.000000000000000000e+00
0.000000000000000000e+00
0.000000000000000000e+00
0.000000000000000000e+00
1.339190856989623636e-06
-3.440782850938513938e-05
1.399911745370086176e-02
-2.488049824977860425e-01
7.200307554359544728e-06
1.387980993218974692e-05
2.222332556862375411e-05
-5.524032701678983372e-05
-5.132283845366243034e-05
9.683448732777480417e-02
7.336174507071203943e-02
-3.811525887496096110e-01
-3.611638701608742008e-01
-4.037030810274436189e-05
4.926800193890400192e-02
-2.900082296328738707e-01
0.000000000000000000e+00
0.000000000000000000e+00
0.000000000000000000e+00
0.000000000000000000e+00
-1.921744532805305487e-06
3.136195182268974391e-07
3.738218766953547495e-06
7.758054953105491028e-06
-4.901209279628297093e-05
5.241431233152200192e-02
-3.543135849869746279e-01
1.431604288209450531e-05
-5.297007681256125819e-05
8.151116123074594877e-02
-3.691024838420519649e-01
2.820303820553174653e-05
-5.500733813917406075e-05
1.536025028028869532e-01
-3.639283283377773848e-01
-2.675711070304482623e-05
-4.289186787573036065e-05
-4.399544619636533893e-05
3.322638060101328061e-02
-3.240373072909262242e-01
1.229396350311955620e-02
-3.219963197122029941e-01
-1.034835628801397331e-02
-2.028664299028393736e-01
-4.304787055901298120e-06
-4.792890164603117901e-05
-2.363849618501997693e-02
-3.732795511898747698e-01
-5.068205575390696939e-06
-2.517823235595248381e-05
-3.712103835538935886e-02
-2.003125199492185315e-01
0.000000000000000000e+00
0.000000000000000000e+00
0.000000000000000000e+00
0.000000000000000000e+00
8.486667418559330123e-07
3.783286480550177050e-06
-4.667798584998348314e-05
3.549401510521508346e-02
-3.479529112407093727e-01
7.415555989869951230e-06
1.276319430446390272e-05
-4.776124486191761980e-05
8.218266680575762873e-02
-3.452010122813911064e-01
-4.647778233630411979e-05
5.337963437757838048e-02
-3.417083158453032010e-01
-4.668806810966872033e-05
1.897318674568532898e-02
-3.524410558731945753e-01
-1.992466777323689044e-06
-5.301161067182345686e-05
3.279317746144083060e-03
-4.092884123798183338e-01
-4.178454421277258911e-06
-5.190732833417921086e-05
-1.672137553690439607e-02
-3.996939224536105728e-01
3.188969937253256906e-05
-5.564830468675407098e-05
1.877354870858643221e-01
-3.691111502486859597e-01
-1.570903876756659176e-05
-1.842235581288875632e-05
-5.221075080236491024e-05
-6.213700584980255378e-05
-1.113635590901174005e-01
-1.262464958930779590e-01
-4.199663175305714535e-01
-4.908652138904581186e-01
-1.392329554902885249e-05
-1.506969950118586242e-05
-1.529595866542074757e-05
-5.602859501683252387e-05
-9.282891694407267857e-02
-4.366660112789406134e-01
-5.942582774943369449e-05
-9.193554206135359785e-02
-4.615697547644315168e-01
-6.157361772275277937e-05
-8.449908432143671266e-02
-4.802458995468761316e-01
0.000000000000000000e+00
-8.026780812373693382e-06
0.000000000000000000e+00
-2.750052617410933992e-05
0.000000000000000000e+00
-5.706420812476963728e-02
0.000000000000000000e+00
-2.261962985869506448e-01
1.916049528124113240e-06
4.441833237549657203e-06
6.277240867191070226e-06
1.260535990524280218e-05
-4.147518629883106280e-05
-3.858312212158146275e-05
4.923150101484397023e-02
8.446074136063337623e-02
-3.131344080889735260e-01
-2.915422744024244173e-01
2.577425088605348654e-05
-3.538756033594659279e-05
1.654706630875344697e-01
-2.691435193385005031e-01
3.112974696919395688e-05
-4.953632408439631748e-05
1.966500663149891859e-01
-3.557147802954031546e-01
-4.733274186283017320e-05
-4.369768653968778276e-05
4.210358602552627394e-02
-3.320566300365821455e-01
2.930708044844728202e-02
-3.611485480694994754e-01
-2.185128397457606203e-06
-5.004402452846126346e-05
3.070274762883436117e-03
-3.880126097533040386e-01
-5.303831222128601192e-05
-5.423468741298387177e-05
-5.039932123102608272e-05
-4.521231450225432442e-05
-7.314617170549284910e-05
-6.794176654297786114e-05
-3.181504641038571668e-01
-3.582013669726226146e-01
-5.630763459836179985e-01
-5.251013150318601941e-01
-7.253196113199690781e-05
-3.964569151904063227e-01
-5.670467499002213030e-01
-7.605076093762637793e-05
-3.928956241964057794e-01
-6.031188480946614305e-01
-6.350848223396306420e-05
-7.266077786769793321e-05
-4.872134931185843065e-01
-5.842721436213781372e-01
-4.149050375044939217e-05
-1.772040149025924788e-05
-3.189785975076676460e-05
-1.378712355726236516e-01
-2.738871775887426474e-01
0.000000000000000000e+00
0.000000000000000000e+00
0.000000000000000000e+00
0.000000000000000000e+00
-4.154407939994414652e-05
-3.210016418642467340e-01
-3.437232243114384245e-01
-1.012821063608263559e-05
-3.967512539058611358e-05
-5.427032594339753491e-02
-3.207913790002577259e-01
-1.810751303772827355e-07
4.214317552487659494e-06
-3.142866347793024786e-05
4.419186396114428012e-02
-2.540697106506975000e-01
6.692882407852897099e-06
-2.651920226258309079e-05
5.519625717895530748e-02
-2.195163840199459149e-01
1.254308650226127978e-05
-2.117277579888302724e-05
8.804997145567568240e-02
-1.821734234345895875e-01
2.102260011758671051e-05
-1.726521476789229774e-05
1.375176979979436942e-01
-1.542956954279576798e-01
-3.613789117628449742e-05
1.968612938337134868e-02
-2.927414582981432978e-01
-1.817072122672443635e-04
-1.684003745189437443e-04
-9.701015348851108001e-05
-1.078630822185016810e-04
-1.429008372884388978e+00
-1.298218862666713047e+00
-7.646425895093573732e-01
-8.600387007928688154e-01
-1.531789527900402409e-04
-1.070594051251319475e-04
-1.156843001814832794e+00
-8.474975771457501361e-01
-1.267016142217308283e-04
-1.277594573850829817e-04
-9.322169421798586209e-01
-9.752799276212463786e-01
-9.604183582162150650e-05
-1.071093393167018052e-04
-6.855533582197967934e-01
-8.106444464244495496e-01
-2.985311304085202575e-05
-6.666080373117851362e-06
1.909785145016851847e-06
8.733681414988595491e-06
1.313375732412464527e-05
1.805464343964556238e-05
-1.119479963216567318e-05
-1.261857240646872415e-05
1.262406913973088685e-01
9.607974361002186159e-02
-1.172508260037792294e-01
-1.300453869754984726e-01
-1.552237794965429841e-05
7.154598528034791793e-02
-1.512051661215922660e-01
-1.904786867710453824e-05
3.365454544322150909e-02
-1.779333622675585702e-01
-2.218427256098901677e-05
-2.826596230149483469e-02
-2.006039574778067935e-01
-4.783432184913855717e-05
-2.016725038377523704e-01
-3.824130628771627571e-01
-1.138001935692267296e-04
-2.058504503643244224e-05
-9.140103904217983244e-01
-1.789993659329948694e-01
-5.642956802050261381e-05
2.241413622333396650e-05
-4.558898900824725486e-01
1.660714510575476421e-01
0.000000000000000000e+00
0.000000000000000000e+00
0.000000000000000000e+00
0.000000000000000000e+00
-1.520380498024625387e-04
-5.190459030902571730e-05
-1.212047801575114381e+00
-4.152319108831610817e-01
-6.972827744429718516e-05
-2.322137111230015836e-05
-5.935355260506936214e-05
-2.318133835667038348e-05
-4.808419131351782672e-01
-1.489992593775544827e-01
-4.708092045525448244e-01
-2.128997799997593143e-01
-2.029900294877895020e-05
-3.228997811832747018e-06
-8.478780538617837218e-06
-7.821581219680997924e-06
-1.244071480004066560e-01
-2.887605790791831443e-03
-1.138297308497295962e-01
-1.073825426163162594e-01
4.042644328032131266e-06
1.281917588422101312e-05
1.896554491398143899e-05
-3.517231359482135716e-06
-6.164106250223415528e-06
1.381749855865047338e-01
9.818849370479425243e-02
-7.201702045023242182e-02
-9.074377676332594234e-02
-6.751400726362535764e-06
4.652693849349196636e-02
-9.934399912702734925e-02
-5.506932228194520788e-05
-2.482782692627931776e-05
-3.706670533507290810e-01
-2.289267128359933345e-01
-4.256781295303322738e-05
-1.676468465856991068e-05
-2.772198185556135619e-01
-1.773066413031063604e-01
-3.074956234209761746e-05
-1.202966001919071552e-05
-8.608383429058883354e-07
1.732419153135640517e-06
1.442468507537904808e-02
-4.903554264378877370e-02
6.278813924964725667e-06
3.429247006483299395e-06
6.237017172038841067e-02
-3.408952989431507374e-02
2.052767660856160640e-05
7.316746535393243204e-06
1.482551205495014068e-01
-2.627538159031761293e-03
-2.315087050809864194e-06
2.443958778512786112e-07
-6.452857883829699048e-02
-6.119957931754846370e-02
-1.910411956084434593e-01
-8.302891942397920555e-02
-1.006404460092131490e-05
-9.511748047199965036e-07
6.257233137126426680e-06
1.842949538854143289e-05
1.291106294995185338e-05
1.212235332275589141e-05
1.391491370724139975e-01
6.749274766749868704e-02
2.594722226714696670e-02
1.363121430639360407e-02
9.773665162234028170e-06
1.769795580252639042e-02
-5.957511827548145865e-03
7.902999892108687462e-06
-4.748517277769853662e-02
-2.249156845844780053e-02
-2.380720126886093322e-05
4.093832467079114380e-07
-1.363896329782778027e-01
-7.938567593895590191e-02
-5.167580941271351961e-07
4.657153011779554888e-06
1.403054010147370006e-05
1.493657381225224444e-05
1.186499173650320815e-01
2.986873064482976209e-02
1.413653614726870853e-05
6.288395385122594328e-02
1.956720294784392716e-02
1.380013366869713349e-05
2.510208889053841541e-02
1.238787939067937001e-02
-7.247385290321529533e-06
-1.535767137378468684e-05
7.452321909307590228e-06
-7.670700659858484260e-02
-3.841083439667472565e-02
1.071062044374274809e-05
-2.424948314889708786e-02
-1.188962192680411388e-02
2.873935550209371002e-06
7.160116440968500633e-06
1.069229349901197824e-05
1.397932990388372968e-05
7.911921069457877875e-02
5.799093253379586366e-02
-2.809118701037254060e-03
1.486284948655931457e-02
-1.269082890718436651e-06
-4.455694413207457345e-06
-9.454598027718604767e-06
1.011919253072398642e-05
1.394350740283466537e-05
-3.941050360846969774e-02
-1.907961741927148309e-03
-2.028415461700974753e-02
6.224255423906195454e-03
1.382748844630702485e-05
2.500736892746192527e-02
9.868553973697293327e-03
2.010088135434152117e-06
9.183476460014146283e-06
4.837858547378469376e-02
-1.217929576813731735e-02
1.592307797320434309e-07
-1.976369208468010632e-06
1.245788368264712859e-05
2.524016413403456713e-02
1.329536924817583494e-03
1.090634928398295402e-05
4.552933484792526936e-02
-4.632770601549412309e-03
-4.650863103058565026e-06
1.119270100662100226e-05
-9.111561628704812829e-03
-1.270801798359650486e-02
-3.809618801166278743e-06
1.188560661799794705e-05
4.982657173634324511e-03
-4.940764719047356646e-03
-2.072520576312183896e-06
8.817262549820614669e-06
3.743850003830571233e-02
-1.278665651866525699e-02
-1.131688584451841880e-06
6.453705679230134292e-06
2.651261437509836935e-02
-2.833792285274058451e-02
-3.007252685968592536e-06
9.696838298679665876e-06
2.320601885694500294e-02
-1.095968901920775160e-02
-3.349969739367111841e-06
1.036592673909585347e-05
1.073715991333546761e-02
-1.067242404049077199e-02
-3.182118942093116333e-06
9.261928045149288904e-06
-2.145962881283895588e-04
-1.970820149337106780e-02
-3.313347795818869051e-06
-3.593504997876090630e-06
4.735011212317372229e-06
6.415230904913145017e-06
1.236338150683831752e-02
3.196522433028193416e-02
-3.158367278819836782e-02
-2.297095253685351238e-02
-3.945907588174933254e-06
7.790760418654257781e-06
2.199979841521448182e-02
-1.716749984659269798e-02
-3.485318954798186511e-06
-2.200276230236422872e-06
7.878006955664586846e-06
7.969858926351821064e-06
6.258145947501148401e-03
1.216125895552887769e-02
-2.101167031782406880e-02
-1.788589766692423241e-02
-4.846326897058901963e-06
-4.694572078427096515e-06
-3.705131722305437101e-06
6.429293726697253710e-06
5.698885066729455895e-06
1.321176890927737435e-02
2.095466963632685101e-02
-1.918122403855777869e-02
-2.103752092848433161e-02
4.802872644561844235e-06
3.050934485457987635e-02
-2.453857679984765630e-02
-3.934328079702106952e-06
3.811138034645094292e-06
1.386310560512997621e-02
-2.750152891993364046e-02
-2.012399227949021057e-06
6.199938844717741425e-06
7.228818864353714173e-03
-2.195659034100858054e-02
-5.430107347577037359e-06
3.468557350208201758e-06
2.032368034748730651e-02
-2.539237844302740660e-02
-3.985725710549566092e-06
3.753141752442349780e-06
1.383615796721343952e-02
-2.550510537142265666e-02
-1.690528700803311310e-06
3.754033158567724442e-06
8.489306067001807163e-03
-2.813794424981280393e-02
-5.447725689168776255e-06
2.539959784841215576e-06
3.105837753594861347e-02
-2.862597123309747194e-02
-4.124802313643547797e-06
1.363242583083652467e-06
2.068492874979084226e-02
-3.385436325307263072e-02
-6.075102623588821263e-06
-4.541405441551970700e-06
-1.007125586012287611e-06
2.424975945635062589e-07
2.291702737597901135e-02
3.325874005211765932e-02
-3.719469814925491918e-02
-3.240159451720635991e-02
-5.947466819093431374e-06
1.046181928958962125e-06
2.071903896189553757e-02
-2.932855393633697696e-02
-4.351025123318465021e-06
1.534243963967356924e-06
1.431891500474066770e-02
-2.885271108435276052e-02
-1.550193599542650141e-06
1.138864921628661427e-06
8.767888907462570089e-03
-3.304892946849032065e-02
-4.971936432498163593e-06
-3.798604915996516980e-06
2.733085900063427637e-02
-4.394791287503938687e-02
-6.910304472907529583e-06
-2.141961487593932030e-06
3.132325873528107180e-02
-3.528283166311908803e-02
-6.585428460547059604e-06
-9.446382676986595959e-07
2.058816808796656503e-02
-2.966066879112544408e-02
-4.714040661902584862e-06
-1.844196865668987700e-06
-8.304945838389805978e-07
8.320336641159824242e-03
-3.333819995590228680e-02
-7.020190783127462424e-07
1.452694551079660237e-02
-2.995027509611312630e-02
-6.506602315542738608e-06
-7.957444544637685415e-06
-5.388180862941597996e-06
-3.436391568219878899e-06
2.547917781005179863e-02
2.998961861664026576e-02
-3.813745602645486621e-02
-3.050690952791284064e-02
-7.216627518150937617e-06
-5.198424060302689442e-06
-2.113369344208361774e-06
1.450081435760312148e-02
-2.430574137384775707e-02
-2.652007478315694684e-06
1.940391276469328671e-02
-2.635020005536937993e-02
-2.983853229854052297e-06
-1.703494092456675521e-06
5.214820384398135937e-03
-2.540947404238766416e-02
-8.209864153518715182e-06
-7.028235934243497423e-06
2.447657188344528473e-02
-3.573903523213078220e-02
-8.990779476339360411e-06
-7.959309152927058424e-06
-5.950884210025694916e-06
-4.272259962217152966e-06
-3.737538729656483559e-06
1.772014874555351976e-02
1.235934057482893263e-02
-2.130363388080244724e-02
-1.954714966832098860e-02
-3.940256617596256836e-06
-3.384617541361836973e-06
3.774590710766527208e-03
-1.984899582187315756e-02
-5.475438777641436528e-06
2.662026653770210513e-02
-2.739540541840328539e-02
-1.020162197152527737e-05
-6.753145926120720541e-06
2.377186147702156638e-02
-1.943383250815904073e-02
-1.020800476887773267e-05
-8.625688506184729285e-06
2.158055069173944046e-02
-2.594588737484910743e-02
-8.733849414404347295e-06
-5.976807461573767370e-06
1.598365484994710220e-02
-1.559268427902462013e-02
-6.664523170546103610e-06
-5.274014352957138124e-06
1.076923070149619389e-02
-1.286145670182086212e-02
-4.973796299298983940e-06
-4.693507054256642095e-06
3.656784646031991087e-03
-1.440967243839666283e-02
-1.212560842564851295e-05
-1.122143750794570089e-05
-1.049159040162068273e-05
-9.247937587753613770e-06
1.920229135912143031e-02
2.143006696467772421e-02
-2.283729878854515172e-02
-1.699622073599500044e-02
-9.541917294608873030e-06
-8.178430191844131281e-06
1.419612514192633568e-02
-1.242561440143659553e-02
-7.444742702251172539e-06
-5.596978964791365388e-06
-6.906128860451740368e-06
-7.506458253247675094e-06
4.068483002673279475e-03
9.706586859433607301e-03
-1.114474785247344772e-02
-1.100524171180859885e-02
-1.227390250158380898e-05
-1.039076706418804519e-05
-8.173510285929946997e-06
-9.933870351134560080e-06
-1.074607537151098537e-05
9.111667405480137691e-03
1.379749716109258950e-02
-1.046809681111479304e-02
-1.188490894487562871e-02
-1.159803569676483566e-05
1.993847608316668546e-02
-1.414290763828340500e-02
-1.351359455679692230e-05
-1.291705030111822927e-05
1.601071427544708409e-02
-1.963014146147889702e-02
-5.722920893247244007e-06
-9.797428275871506025e-06
6.655224719537039708e-03
-1.363676531317872635e-02
-1.125789341117918151e-05
-1.381777380156689481e-05
1.352199454704144758e-02
-1.485958088471455059e-02
-8.735451311944999651e-06
-1.333418504909643770e-05
1.087994892650688029e-02
-1.603171898624719885e-02
-5.744795087556506685e-06
-1.303717009248621027e-05
8.196684400341372120e-03
-1.922424935496788376e-02
-1.314806805984618572e-05
-1.475496739570423480e-05
1.947425794361756432e-02
-1.754014792212375828e-02
-1.462710599544530972e-05
-1.585578449129455025e-05
1.375864607244915022e-02
-2.163286574367545914e-02
-1.401671577739220923e-05
-1.540070119191001448e-05
-1.897330486944525375e-05
-1.786357782154670838e-05
1.163602580204676010e-02
2.015305487317433156e-02
-2.456533917844034784e-02
-1.981275006792977689e-02
-1.205971148980438525e-05
-1.704138981563269297e-05
1.472316988700635848e-02
-1.878351962237093803e-02
-9.389028569559655841e-06
-1.641504384549546608e-05
1.257077013577940182e-02
-1.950104881998418818e-02
-5.953334267741263235e-06
-1.645787764202299568e-05
9.019800000449924512e-03
-2.345464553039048813e-02
-1.616448196959318915e-05
-2.243839089623663832e-05
1.209555303135067574e-02
-2.882079260617764760e-02
-1.501204280859568256e-05
-2.109419028452268148e-05
1.933780315260652180e-02
-2.344106902566849004e-02
-1.295234984585934958e-05
-2.005037341145291839e-05
1.562665794585684290e-02
-2.026339107145888954e-02
-1.011123836472691150e-05
-6.564581211560299095e-06
-1.941439943034965334e-05
9.419027997352924161e-03
-2.589630403499024527e-02
-1.959746304785675380e-05
1.409188684162329327e-02
-2.188742462861761190e-02
-1.756579647375878465e-05
-1.611115668111906307e-05
-2.513682549182668030e-05
-2.361911309468710382e-05
9.989686807138008565e-03
1.919602783597531767e-02
-2.631106656190640783e-02
-2.064998913958226989e-02
-1.387590303862761817e-05
-1.095455557550324642e-05
-7.941322537195213572e-06
-2.161960527992660730e-05
-2.219320085682333646e-05
8.424399127770390572e-03
1.558667039000386119e-02
-2.196315833620133412e-02
-1.905130053630452180e-02
-2.281322180688945497e-05
1.596355149338707022e-02
-1.908492950081962583e-02
-1.911005807316621164e-05
-1.727165590563428768e-05
-1.488022111840107350e-05
-2.541691274950255491e-05
1.600917405040017810e-02
-1.721313560709544083e-02
-2.651265860895695247e-05
1.762370452944015883e-02
-2.100540402047598731e-02
-2.785124793502653180e-05
7.869066725174933205e-03
-2.677527447324308529e-02
-9.304892774744795111e-06
-2.393341874929491949e-05
8.907457897790476212e-03
-1.767439568979739875e-02
-1.216222360886767713e-05
-2.460593839368483546e-05
1.453884064225741644e-02
-1.654720941552735580e-02
-1.848948233514113236e-05
-1.607812659510713302e-05
-2.891629880458828632e-05
-2.790261947969622670e-05
1.695715564809834736e-02
1.513659323364029835e-02
-1.801110251852482830e-02
-1.542151502211809057e-02
-1.338198577703122960e-05
-1.076305617678627419e-05
-2.613644522936451028e-05
-2.699457879504675126e-05
9.387271953123445603e-03
1.387475714565663057e-02
-1.606805709487508366e-02
-1.387148904026373232e-02
-2.049684946713479849e-05
-3.030417914961547104e-05
7.205427536495789126e-03
-2.250681360377253942e-02
-1.729679678043154539e-05
-1.463398196533871715e-05
-1.209906497808993598e-05
-2.890370281581511216e-05
9.654029566927511616e-03
-1.607016423937589547e-02
-2.963762056686559574e-05
1.306640060459744040e-02
-1.522193190488952547e-02
-3.050697363430911045e-05
1.438302971742500512e-02
-1.602497399216226692e-02
-1.972841826377871608e-05
-2.182363889967946645e-05
-3.295103134965705216e-05
-3.163797350119964446e-05
6.958440360212718792e-03
1.628685426467403954e-02
-2.370737872924351050e-02
-1.909490062860741411e-02
-1.586422752014231293e-05
-1.326272750417212802e-05
-3.145797519099493948e-05
-3.210790669918165335e-05
9.828243308814302651e-03
1.260132064134276454e-02
-1.797788191850276454e-02
-1.582428595740218921e-02
-1.854641063895357428e-05
-3.304965681233513976e-05
1.432940823984447942e-02
-1.670255345856214158e-02
-2.100084805080402504e-05
-3.410873904273107839e-05
1.656599180811210020e-02
-1.873419645771808376e-02
-2.314458688097141987e-05
-3.547232011784475701e-05
6.164910843789732538e-03
-2.274263447181912312e-02
-1.439248451189093052e-05
-1.705433920855963070e-05
-1.982100531566538711e-05
-3.562230798963790171e-05
1.435892332842500334e-02
-1.801916979982841338e-02
-2.236620774430776813e-05
-3.684129962606296936e-05
1.662371291955951069e-02
-2.056702410394131708e-02
-2.448333432838167631e-05
-3.822872388429834304e-05
7.513160296975726626e-03
-2.461233757541607392e-02
-3.412343896233637435e-05
-3.479808415426006589e-05
1.270917572844658741e-02
-1.777944192224160253e-02
1.013772477541494479e-02
-1.922358445565584828e-02
-1.823643761062266859e-05
-2.116015521720016737e-05
-2.378479624081790647e-05
-3.943378318172175931e-05
-3.831920297017792711e-05
1.754970323209417357e-02
1.466128291581805104e-02
-2.039931426871237005e-02
-1.867051227434697244e-02
-3.730384766995876696e-05
1.298264725728822885e-02
-1.800801806393142329e-02
-1.543141975740307308e-05
-3.674046658364831522e-05
1.078761694253871362e-02
-2.042151838104881365e-02
-2.603680928972717146e-05
-4.094103559203498183e-05
8.176135662107402932e-03
-2.357276509415929047e-02
-2.253884184448822032e-05
-4.122684635637602308e-05
1.487421078916050139e-02
-2.007999887677402659e-02
-2.534045922129508942e-05
-2.765735976434195720e-05
-4.409030424303991364e-05
-4.258034188518903889e-05
9.093989565024638427e-03
1.755510845987464513e-02
-2.666384973086721732e-02
-2.266126738866362095e-02
-1.639115532977312840e-05
-1.946325984107608132e-05
-3.963362082260960689e-05
-4.036110095941909020e-05
1.159157502149645892e-02
1.329975779987610345e-02
-2.138691641967181006e-02
-1.993005439163307579e-02
-2.695335707464080168e-05
-4.571621976723445419e-05
1.833408333674684323e-02
-2.294931421030049767e-02
-2.948854769118196398e-05
-4.738684803116280597e-05
7.943808317287508886e-03
-2.712650663145521959e-02
-2.069929652192525871e-05
-4.338454449261945921e-05
1.362669423039168139e-02
-2.118147582611683635e-02
-1.718756407543417872e-05
-4.296475568549786473e-05
1.192922201793493106e-02
-2.329779001442448469e-02
-2.402010431581126559e-05
-4.450789449898039205e-05
1.529233641249779299e-02
-2.149121699970027444e-02
-3.132284871172922122e-05
-5.118994968956270202e-05
7.780247722456930769e-03
-3.058676539533438515e-02
-2.864149091884858430e-05
-2.555350835190410065e-05
-4.819988614377582051e-05
-4.960668060320329108e-05
1.563408465443550874e-02
1.831330518040460639e-02
-2.432167012831115346e-02
-2.658093798188693527e-02
-1.795837315678730644e-05
-4.681946156749523688e-05
1.109595754017854603e-02
-2.852635879243632308e-02
-2.189501613215634712e-05
-4.741894913470897743e-05
1.478873722613023751e-02
-2.550442464250091829e-02
-3.336171196538027496e-05
-3.036805092030010598e-05
-5.530288352935101999e-05
-5.349276384802684485e-05
6.682359826560304271e-03
1.931207485612907240e-02
-3.197960034246059846e-02
-2.762880535064407214e-02
-2.704204908185041693e-05
-5.235272440826178636e-05
1.688877937175038355e-02
-2.708660201302772949e-02
-2.314693889549863516e-05
-5.137006258661224822e-05
1.608201751718853212e-02
-2.819226697527391426e-02
-1.879796212793343857e-05
-5.111904307375504891e-05
9.961751765133456185e-03
-3.142380595956879852e-02
-3.541714571632332892e-05
-5.985537879602929477e-05
6.670925536774184421e-03
-3.675033907061941302e-02
-3.219436080485570925e-05
-5.812265394475553458e-05
1.859298072940078830e-02
-3.159326751871770894e-02
-2.860113885030310456e-05
-5.663539833290242486e-05
1.799295680731543071e-02
-2.864114579085624140e-02
-2.451184256351148001e-05
-1.989230179255474119e-05
-5.518824594032909072e-05
-5.580471401697231375e-05
1.009907427905660376e-02
1.679417365932500683e-02
-3.302798447668205822e-02
-2.977046535745028408e-02
-3.750388596524688214e-05
-3.404896157477006833e-05
-3.027892228780679546e-05
-2.596647458891730031e-05
-6.006507264207608550e-05
-6.116580103400869723e-05
1.771697029789252170e-02
1.753362525317554710e-02
-2.773266451899877166e-02
-2.849978961756834128e-02
-6.245392533150334916e-05
1.873491478418869843e-02
-3.092232001146389894e-02
-6.436758044022786662e-05
7.572762253797596897e-03
-3.446137593533229321e-02
-2.153716841764635593e-05
-5.930527316680031210e-05
9.779566375016115337e-03
-3.093481896488166349e-02
-3.960261044688090842e-05
-3.603328810724443378e-05
-3.201573534582120579e-05
-6.556750206613332803e-05
1.683575939782878603e-02
-2.607394397256020471e-02
-2.775368129897873688e-05
-6.439103022200407206e-05
1.618364489973494330e-02
-2.483174839855774307e-02
-2.326106070587153593e-05
-6.337127966564079767e-05
1.118757028216568403e-02
-2.552965746424409182e-02
-6.908607150883598461e-05
-6.719371829379008041e-05
1.679662184937105729e-02
-3.041628011021916406e-02
9.407138420738269530e-03
-3.658490109176856103e-02
-4.169894932736809229e-05
-3.807352984371780932e-05
-7.302993946926709164e-05
-7.127311368534448399e-05
1.353220658817200217e-02
1.519403354415120588e-02
-2.570415017622794049e-02
-2.452847342181465815e-02
-3.389827077559954676e-05
-6.987131346923897862e-05
1.502141671827491101e-02
-2.135947267478640124e-02
-2.957292964485957134e-05
-6.850909253381577842e-05
1.499374598286686532e-02
-1.886485335071482611e-02
-2.546895605297512703e-05
-6.705467622632913600e-05
1.273942078312526732e-02
-2.059152174603740351e-02
-4.388000085810563977e-05
-7.742888138777769512e-05
1.427522847124804845e-02
-2.567727947696372276e-02
-3.988754291888546002e-05
-7.594380101989295394e-05
1.450683770862600148e-02
-2.227896817140947658e-02
-3.579198997600818293e-05
-7.455870084946117544e-05
1.323334023794405997e-02
-1.967439006725288722e-02
-3.157314798810917085e-05
-2.750230911193493019e-05
-7.185737977853075352e-05
-7.318421210924997333e-05
1.255647930688302306e-02
1.341469799826360346e-02
-1.811415910572499594e-02
-1.826388905108682764e-02
-4.570312879086157397e-05
-4.170373676792345506e-05
-8.195572326780632048e-05
-8.054161874578280025e-05
1.243815911021217691e-02
1.383425133159169214e-02
-2.332785199034330403e-02
-2.014191761112296697e-02
-3.763229523314130082e-05
-3.355072362385964728e-05
-7.793351422110043436e-05
-7.921430169623802392e-05
1.215906435552052516e-02
1.304207469081783075e-02
-1.846367924656908827e-02
-1.900768967408936194e-02
-2.939840480008095949e-05
-7.669265562568371099e-05
1.191662373525752099e-02
-1.983408019783469353e-02
-4.744814593116713109e-05
-8.659119397528127014e-05
1.063276412520099655e-02
-2.425495670294234435e-02
-4.341907063749536350e-05
-3.947680707764913695e-05
-8.393828296829520695e-05
1.290989247030960817e-02
-1.971123706391562577e-02
-3.549150286518264349e-05
-8.263011249941314617e-05
1.229462247379733281e-02
-1.973921819930076968e-02
-3.139846109656187217e-05
-8.141564679249024545e-05
1.132775293202575861e-02
-2.100968856670751977e-02
-8.521219396136954526e-05
1.349679900688150434e-02
-2.149642801170464218e-02
-4.887106966539150448e-05
-4.511209596935921367e-05
-9.074832553007155980e-05
-8.961748925487308492e-05
1.163460838943534276e-02
1.340558615678474549e-02
-2.093081053524043639e-02
-2.033743085304056189e-02
-4.130219354820567970e-05
-8.832013268500644998e-05
1.312406161222931696e-02
-1.970946407476160955e-02
-3.746819371115401811e-05
-3.358827433217251562e-05
-8.567381958239110779e-05
-8.707580630909158605e-05
1.130102365820848630e-02
1.248820854554337501e-02
-2.121374915700057276e-02
-1.959670458762235654e-02
-5.028608268392730407e-05
-9.504494056162834470e-05
1.213130046556177254e-02
-2.251034051837392039e-02
-4.666599166644445782e-05
-9.382968430787196328e-05
1.370749847470856091e-02
-2.115153697384058312e-02
-4.313021498176287602e-05
-3.953472713529850388e-05
-3.583958535948311437e-05
-9.004099017754112796e-05
1.132050847189526414e-02
-2.132243366232130372e-02
-9.132739571272604324e-05
1.254868715703875981e-02
-2.021426857663670418e-02
-9.269768249681452658e-05
1.332751421506558030e-02
-2.019134217012359678e-02
-5.146864856298183257e-05
-4.819109356715048066e-05
-9.785522525635960325e-05
1.404349778932104283e-02
-2.073914918072950614e-02
-4.492457509605526255e-05
-4.162585827621775831e-05
-3.823444652639250809e-05
-9.385527078470321503e-05
-9.538213025103089722e-05
1.127744763053655126e-02
1.259809195998193819e-02
-2.135873811282713169e-02
-1.983870409550619537e-02
-9.659079025822011786e-05
1.335017908698994844e-02
-2.005783669296644714e-02
-9.880651802953806424e-05
1.243584659014159918e-02
-2.150649008723610686e-02
-5.260768192158619451e-05
-4.959117511947483620e-05
-4.671446323296952764e-05
-1.004417557125816471e-04
1.332932227454809888e-02
-2.034498230479396541e-02
-1.014653650224646116e-04
1.390654991183817857e-02
-2.156398870155713451e-02
-1.025841861086991091e-04
1.244347771044256902e-02
-2.329403083505934141e-02
-4.069728681936339885e-05
-4.377527026953315347e-05
-9.902406833662866594e-05
1.243441141904882453e-02
-2.023987219603199175e-02
-9.769888980252579476e-05
1.106244523766187864e-02
-2.123887224479033276e-02
-5.094587413550458882e-05
-4.846503863933322639e-05
-1.048084014239661739e-04
-1.035660109702993530e-04
1.390799827613863927e-02
1.311273031451981944e-02
-2.074341660688767963e-02
-1.990776288335367392e-02
-4.594907994274602988e-05
-1.023888059438792707e-04
1.225445081851705802e-02
-1.954558584088890438e-02
-4.333431468124025548e-05
-1.007068760784317585e-04
1.057516524949947238e-02
-2.078024584105256714e-02
-5.344959357733191551e-05
-1.055438612605253432e-04
1.286420256921809099e-02
-2.140675563907776247e-02
-5.020785845693556492e-05
-1.065752435879257517e-04
1.285490628302026449e-02
-1.980653767844266916e-02
-5.215239968183122879e-05
-5.423362469652087876e-05
-1.084810981672507433e-04
-1.074771432543221157e-04
1.304410027824778884e-02
1.376555936185808356e-02
-2.256197415996540057e-02
-2.098522563441534983e-02
-4.603222377893459411e-05
-4.818756454655736800e-05
-1.037104473372105630e-04
-1.050957487487895145e-04
9.938799723110914794e-03
1.178296649279856299e-02
-2.023352946849965930e-02
-1.949027808656703109e-02
-5.331101482887786326e-05
-1.098209698447771626e-04
1.373920818701730717e-02
-1.972544538285391988e-02
-5.475561876278403211e-05
-1.103609080162605094e-04
1.260721125896367874e-02
-2.086945573946310389e-02
-5.044708602473010461e-05
-1.074998142474667287e-04
1.133237133094276532e-02
-1.855511941524259564e-02
-4.886560734875437193e-05
-1.056924681529577829e-04
9.128444400798818928e-03
-1.957368206029157925e-02
-5.188928075790832012e-05
-1.086236856400648720e-04
1.252877464302404840e-02
-1.892187860643888483e-02
-5.523897450734388179e-05
-1.121475602104822196e-04
1.189019922102123143e-02
-2.224216850448609839e-02
-5.431050542179520935e-05
-5.355853897103997634e-05
-1.104931974817382383e-04
-1.112574592699664132e-04
1.218340980237506491e-02
1.322742641753819025e-02
-1.855495958243073493e-02
-2.003762878198378852e-02
-5.177639287281727995e-05
-1.076547055996188228e-04
8.069166099759916486e-03
-1.947650738379958987e-02
-5.271200624985012420e-05
-1.090161909460647335e-04
1.095655523060276582e-02
-1.844776138921837283e-02
-5.546390467242472876e-05
-5.525442323980342348e-05
-1.125711826184567371e-04
-1.122118648999814548e-04
9.641421698009753141e-03
1.287073984518252896e-02
-2.092367925969791653e-02
-1.805545948560310573e-02
-5.512317651679031407e-05
-1.110990513147835327e-04
1.184963194599422849e-02
-1.726297326436275481e-02
-5.498883860164075502e-05
-1.100870752088878421e-04
1.067572878295076216e-02
-1.707930697438265685e-02
-5.485863751183245004e-05
-1.081869550819583689e-04
6.830166829300251229e-03
-1.816453608867377861e-02
-5.564709565238379091e-05
-1.127493109063212238e-04
7.246979584830317601e-03
-2.043716343628224769e-02
-5.605644401774447411e-05
-1.119586980873881626e-04
1.155666689834084805e-02
-1.758631909903144927e-02
-5.667083066409330053e-05
-1.113121020144328653e-04
1.140716937299713664e-02
-1.566492444656711336e-02
-5.728415268561871493e-05
-5.798144128731945652e-05
-1.084126790282669825e-04
-1.098073511282473554e-04
5.546870600026629697e-03
1.033240295412465697e-02
-1.685596186655632586e-02
-1.571460865973798443e-02
-5.575413336885356048e-05
-5.680972087117345463e-05
-5.811154662907270813e-05
-5.955647726755057775e-05
-1.090547986136432230e-04
-1.100029874038738149e-04
1.032135798800558855e-02
1.132299235343432915e-02
-1.344760909498148894e-02
-1.302545100403080386e-02
-1.110167343478051622e-04
1.019458308264488064e-02
-1.266659273262556520e-02
-1.113292623654586272e-04
-1.451187614063541602e-03
-2.020506054158336187e-02
-6.111329565424875954e-05
-1.070873936888477705e-04
4.330584264716841499e-03
-1.471820863867615188e-02
-5.602598568242543055e-05
-5.733494468853359352e-05
-5.950351625149127253e-05
-1.083838858204759129e-04
1.140524447055311051e-02
-1.151978675164085954e-02
-6.169722452956947275e-05
-1.069952709004634534e-04
1.129307964575274568e-02
-1.291416126586127262e-02
-6.415357091028913035e-05
-1.056992790490853446e-04
3.626238934679740233e-03
-1.505621015486622964e-02
-1.093219003502161001e-04
-1.087853615101376850e-04
7.862310714208104942e-03
-1.279754995310922357e-02
-1.577039582492262976e-02
-1.481990936314678958e-02
-5.594921489355081211e-05
-5.773388249854561911e-05
-1.057277557126652830e-04
-1.056833230631794095e-04
-3.336190771128204335e-02
6.942351667424550773e-03
-1.703809651373414807e-02
-6.867429581406876184e-03
-6.048604137093061716e-05
-1.050721870073592775e-04
1.381621961474568776e-02
-9.948545120111647669e-03
-6.376428485344128505e-05
-1.045012778398096253e-04
1.329621945184141125e-02
-1.270972120139333451e-02
-6.698711795950520163e-05
-1.028084446770251509e-04
5.631154205947708734e-03
-1.708217072816286056e-02
-5.584056951361248544e-05
-1.005443429597188026e-04
-4.768360954484087560e-02
-3.721326625424124877e-03
-5.725912174356701163e-05
-1.010541487363335642e-04
9.556140590692248013e-03
-7.965257920917031761e-03
-6.131040718411019457e-05
-1.015121458622667228e-04
1.758771671199150372e-02
-1.158685787019026608e-02
-6.553822222578088990e-05
-6.970919100216099317e-05
-9.929743853493438078e-05
1.028206391229673049e-02
-1.895458617606573387e-02
-1.003720848169122900e-04
1.751767728594335119e-02
-1.503071282341551622e-02
-5.474206181638875099e-05
-5.631761587141417944e-05
-9.583860184276307139e-05
-9.674808771419016195e-05
-5.182069359810482362e-02
1.769203140025634585e-02
-1.593926370332556658e-02
-1.482192434293516659e-02
-6.160488750545069713e-05
-6.722242193654218438e-05
-9.623154752619916450e-05
2.318161734691537301e-02
-2.224234663708007237e-02
-9.653282727047456644e-05
2.373215052744929998e-02
-1.918864454847615114e-02
-7.188298665940810663e-05
-9.485603327401021662e-05
2.284079606679525684e-02
-3.172208581446098880e-02
-5.300643092327973944e-05
-9.426886644664227047e-05
-5.248729846802926979e-02
-6.167643049399838123e-02
-5.574496032119134249e-05
-6.165927493030570826e-05
-9.299917424470615604e-05
3.193403248391942645e-02
-4.529377653507575541e-02
-9.341094697022654691e-05
1.768224633631962708e-02
-5.178126568048623674e-02
-6.845450656082032771e-05
-9.193179583526464344e-05
3.194526123271609896e-02
-4.885811293384443449e-02
-7.381538118964036960e-05
-9.139632820556681323e-05
3.783865106149546242e-02
-5.670950332559196450e-02
-5.451707134729162044e-05
-8.980074698571751768e-05
2.460486787233306938e-02
-9.133727297525466582e-02
-5.224200467604287699e-05
-9.271098419961937048e-05
-6.382417032059872763e-02
-1.276079451590383662e-01
-6.231734742155173909e-05
-8.772408851990287659e-05
3.274461575664787405e-02
-7.805731915399179155e-02
-6.968220702178552566e-05
-8.651783208776053595e-05
4.127394830004203763e-02
-7.143513002070812912e-02
-7.470117541694942776e-05
-8.659183703960518822e-05
6.278792926219994852e-02
-9.323777553324076595e-02
-5.118075133679901139e-05
-5.477467334296480116e-05
-8.774420560080957638e-05
-8.363878525133123176e-05
-7.379240959398114530e-02
1.388381373873612788e-02
-1.721309045212107425e-01
-1.326793504556639247e-01
-6.277641985944770200e-05
-8.087791921778036215e-05
3.503547469669418546e-02
-1.039972504511056106e-01
-7.100429537513136330e-05
-7.564095999870753639e-05
-7.825837101070069941e-05
-7.902121513719397657e-05
8.824136277716818078e-02
4.856775741439393890e-02
-1.045130566674338929e-01
-1.000983373646585628e-01
-5.419399521255166563e-05
-6.398513498798802325e-05
-7.252596577590720520e-05
-6.998595021094210396e-05
-7.260778130682987990e-05
5.432735300635271186e-02
2.978708067552515368e-02
-1.236907016662630865e-01
-1.425420812806443005e-01
-7.630108093343452842e-05
1.136870803971930591e-02
-1.694952382160603843e-01
-5.164776165526260469e-05
-8.156065919202228217e-05
-1.062943298398194292e-01
-2.313064824942997755e-01
-7.451667097214953461e-05
-7.128413970992544943e-05
1.309249611668952262e-01
-1.561556654900805308e-01
-6.517232456031908281e-05
-6.617931707114099445e-05
2.464950511425870183e-02
-2.057009382262510733e-01
-7.084012692680228596e-05
-6.693082885417504389e-05
8.667093138744808023e-02
-2.240917617608480794e-01
-7.239292027621008923e-05
-7.042336334547600728e-05
1.808073386475462230e-01
-2.648962621581276156e-01
-5.785615600583414925e-05
-7.371269802775404863e-05
-3.110367526425403956e-02
-2.760713342026765993e-01
-5.049593536670253274e-05
-8.455307475209873202e-05
-1.248753455433408710e-01
-3.736420682910838731e-01
-6.205143640287899564e-05
-6.343376066791457581e-05
-8.769362123630682461e-05
-6.552909055722259805e-05
-2.598337245648393856e-01
-7.551611081667847225e-02
-5.445505509363441909e-01
-3.432409415852651913e-01
-6.631764643363255690e-05
-6.062602008778354018e-05
1.750159242523715089e-02
-3.040101438496559116e-01
-6.901127805669838742e-05
-5.905401078073040799e-05
1.201359706762530483e-01
-2.920984055972274951e-01
-6.067661542034809822e-05
-7.298617584721451136e-05
3.152228736288490429e-01
-4.340840120924854273e-01
-8.313044081364098629e-05
-8.422377909109550758e-05
-4.425567715443949890e-01
-6.753553619857568524e-01
-7.398842515513666569e-05
-6.599578129773445666e-05
-1.866128644010896231e-01
-5.141886839437890266e-01
-6.763746554844486333e-05
-5.179234343946724896e-05
8.600789095285563471e-03
-3.880377353015162512e-01
-6.136132129800546484e-05
-4.766551574258566753e-05
-6.696945839639468351e-05
-5.790759186317128614e-05
4.637606171831102353e-01
2.003948474091283294e-01
-5.354937888098022514e-01
-4.504908064064475637e-01
-1.200841025395384625e-04
-8.763427531930897182e-05
-9.930145874434926029e-05
-7.297837918634835462e-05
-7.333224377064381239e-01
-3.089698985769049333e-01
-9.610591188375119387e-01
-7.487571670480646091e-01
-6.846037712015174868e-05
-5.292438299738368921e-05
-6.754874680069478175e-05
-7.241370554229486156e-05
2.853247319901285328e-01
1.220128162900239316e-02
-7.263961297133967321e-01
-7.556500156398338053e-01
-2.769640840666996734e-05
-8.040379307624487628e-05
6.875381859769337245e-01
-8.675051567543582420e-01
-1.502902846853402424e-04
-1.996369788120868813e-04
-9.640286436105136580e-01
-1.946991595853449608e+00
-1.013172300003157146e-04
-6.955460889616977747e-05
-1.806982433573676202e-04
2.480406808565914153e-02
-1.879159860442434660e+00
-5.602983437903726564e-05
-1.736128423054653298e-04
3.178286808180386114e-01
-1.900348563795297041e+00
-1.189770642412558114e-05
-1.627464798635423922e-04
8.685804194032187286e-01
-1.843040366246993411e+00
-1.982156395827989255e-04
-3.777581775310785428e-01
-1.959784082579569375e+00
