0.000000000000000000e+00
1.272371714586129478e-04
0.000000000000000000e+00
1.580116614965913107e-04
0.000000000000000000e+00
2.320658915872878263e-04
1.450448913685575673e-04
2.565146975100259788e-04
2.657561696131141029e-04
3.429143166583572405e-04
0.000000000000000000e+00
2.060012574573932766e-04
1.052189872524281048e-04
0.000000000000000000e+00
3.288164197278211883e-04
3.452201865294759792e-04
3.990013141229557391e-04
4.565094560483719342e-04
3.125290914118283316e-04
4.451579925279115367e-04
4.266057309448656552e-04
5.088734953706664345e-04
5.631934615070062489e-04
2.121118922289005600e-04
1.158522162832310452e-04
0.000000000000000000e+00
3.720440216736105288e-04
2.175199536121301272e-04
1.671617397539435206e-04
0.000000000000000000e+00
5.672239496062437365e-04
5.902926918208585951e-04
5.488098920569231586e-04
6.832953672468196479e-04
6.309557525555994266e-04
6.908819360629993170e-04
3.685732796564603932e-04
2.692308047816821819e-04
3.170849758406906718e-04
2.383005951362679768e-04
7.843427110751743209e-05
0.000000000000000000e+00
5.039588225311317357e-04
6.912367121547722398e-04
7.017486857780029378e-04
8.007474189549170732e-04
6.706391026019078733e-04
8.217328622856094915e-04
8.246639386568388897e-04
7.933342107485900517e-04
4.622851823877622245e-04
6.098961398189351466e-04
7.506027472570010219e-04
7.817285829974422945e-04
7.695562327148609610e-04
8.277629562113542451e-04
9.392950270453207743e-04
9.148427314779693622e-04
9.743367335021113889e-04
9.614800165552660725e-04
9.048143729824233627e-04
4.046075256681947070e-04
3.212236408224980228e-04
1.521638312128698555e-04
7.370097728104913859e-05
0.000000000000000000e+00
5.405551908954512111e-04
4.504568058179180467e-04
3.717935153487459191e-04
2.346507514144883686e-04
1.488303544593597822e-04
7.205482753081950240e-05
0.000000000000000000e+00
6.841768855625581696e-04
8.361172779302537264e-04
8.664994490236864640e-04
8.592146822281846071e-04
9.576058553867958364e-04
1.038688319250464240e-03
1.045500605214565084e-03
1.086632991312781564e-03
1.014235855721491979e-03
6.254578592501562140e-04
7.181464692750587180e-04
9.322642508579738561e-04
9.558161656405662161e-04
9.699695161452989147e-04
9.704361251233821180e-04
1.101154766271753970e-03
1.153707422505646264e-03
1.171988967390922686e-03
1.203999337227866159e-03
1.116189858314147907e-03
5.301994749856603654e-04
4.914850254717900973e-04
3.318966747778085346e-04
1.737389518587470103e-04
2.506023184130806757e-04
7.753523715522613014e-05
0.000000000000000000e+00
6.857786715937727335e-04
8.397540103236703687e-04
1.040290106420405179e-03
1.079610209807080941e-03
1.049618238617981269e-03
1.076124623748719042e-03
1.220051148064230139e-03
1.249263184628855413e-03
1.217331318310413716e-03
1.240529203958117737e-03
1.303595101410888425e-03
1.336241291001079518e-03
1.231012917423445667e-03
6.467777447568729982e-04
6.301400602190951805e-04
5.130398130977911015e-04
3.785995290675470137e-04
1.911951632656587116e-04
8.598067117037665457e-05
0.000000000000000000e+00
7.839674612696000957e-04
9.306901529274866141e-04
1.061300378282058936e-03
1.150686495288579837e-03
1.217982520265476582e-03
1.193960013528453518e-03
1.158207473016942962e-03
1.336959139724264471e-03
1.347653531402556379e-03
1.347116843422210743e-03
1.331391067309131487e-03
1.352124842899488175e-03
1.398363810626534554e-03
1.455139612836910601e-03
1.456058768970741341e-03
7.565037539323666823e-04
7.145923170550587530e-04
5.032772005423718793e-04
4.030613673529966231e-04
2.867606003575105030e-04
1.745340914114289156e-04
1.221156778248954201e-04
0.000000000000000000e+00
8.834707537748044247e-04
1.022637142002868734e-03
1.188856589491231507e-03
1.319936698719682442e-03
1.342792466442869126e-03
1.288996995477916614e-03
1.452660142713873637e-03
1.467719592879834127e-03
1.461331662726679482e-03
1.445167214952439117e-03
1.547109072464966390e-03
1.653778890142073611e-03
1.573888640879283303e-03
8.579372049707588129e-04
7.819503549763290448e-04
6.292104220988946296e-04
4.988151169372514408e-04
3.986919373686047827e-04
2.548533770616411682e-04
2.616179165956726387e-04
1.190482045830239456e-04
0.000000000000000000e+00
1.133501918493049930e-03
1.000034970488671536e-03
9.004290170541812089e-04
8.351316774608847238e-04
6.562303657900661483e-04
5.160858963026704327e-04
4.070966264404339975e-04
3.405215213536722440e-04
1.454793540055005125e-04
0.000000000000000000e+00
1.310544636156316068e-03
1.432725118975116795e-03
1.455694397523775614e-03
1.482614138743200459e-03
1.584825846041077900e-03
1.582628619372197397e-03
1.625451397552223108e-03
1.602797644167325373e-03
1.582124968495302259e-03
1.568565587040091297e-03
1.663104537656830400e-03
1.774674570777193911e-03
1.765610361799286416e-03
1.686042615090388355e-03
1.243819697575150596e-03
1.412469127859661408e-03
1.090183509881941350e-03
1.016026047527917317e-03
9.131129759597744712e-04
7.233770484435798594e-04
5.732387944725938350e-04
4.493191371340780177e-04
2.907909445769304253e-04
1.106459294404067543e-04
0.000000000000000000e+00
1.386778398736225864e-03
1.514936006425496784e-03
1.562870687713892618e-03
1.610290054161252855e-03
1.585200228052427354e-03
1.702528655952769993e-03
1.733874640360851633e-03
1.716200872491406570e-03
1.793859066484003277e-03
1.719464811362557194e-03
1.698973635661336825e-03
1.679605643176588191e-03
1.782185604382660171e-03
1.887080991285958013e-03
1.899715344757725794e-03
1.794474764877355358e-03
1.247338460879301265e-03
1.069565072975641341e-03
9.424162925889185451e-04
8.220376239582371462e-04
7.259723230886783911e-04
5.943974693478345584e-04
4.252681973505596357e-04
2.996298337576678737e-04
1.746128015929042376e-04
1.145166918909644021e-04
0.000000000000000000e+00
1.182908233579443857e-03
1.360753359943153761e-03
1.480183512968591365e-03
1.604483864626712322e-03
1.646883431034592811e-03
1.696063114306134694e-03
1.720199285421719192e-03
1.818293439672986509e-03
1.846771313472714889e-03
1.912736481090361726e-03
1.899456216513250575e-03
1.970753963718417136e-03
1.839154777966936494e-03
1.830735220988739028e-03
1.804738831249195520e-03
1.910038012926276339e-03
2.010161562365908507e-03
2.066975103641466478e-03
2.009608428140578079e-03
1.903719433806592108e-03
1.213096814326470067e-03
1.339499939585534448e-03
1.490998272959001428e-03
1.637317192765898842e-03
1.777152691124505223e-03
1.766650819981894919e-03
1.897305677252039994e-03
1.816522088087458870e-03
1.933484118550870363e-03
1.963162679010804247e-03
2.028116022802624752e-03
2.005099417690542514e-03
2.069735127270626394e-03
2.101458315878827060e-03
2.015857008208039522e-03
1.934785762779902239e-03
1.940204318401347883e-03
2.021655250392473489e-03
2.155567855911529745e-03
2.182310796843355861e-03
2.125002827433640669e-03
1.089553775252398134e-03
9.993632000069026071e-04
9.252638774511698361e-04
8.245380046186397659e-04
7.047190030994467244e-04
5.437138680584563096e-04
4.794803839929205874e-04
3.567928240911311458e-04
2.406179544880370468e-04
1.314573940681537526e-03
1.489012506502977642e-03
1.642091514395394372e-03
1.760214228028988883e-03
1.930512435908808295e-03
1.910785765728289067e-03
1.971820277204853252e-03
2.042926403352402723e-03
2.068082982570495186e-03
2.083685022874160082e-03
2.198484430588541066e-03
2.198839112320106516e-03
2.256250357216162041e-03
2.205128371570401393e-03
2.233444601424996838e-03
2.120964156357959055e-03
2.039420655007051757e-03
2.054280327851688414e-03
2.181009854411467604e-03
2.307334993860188452e-03
2.368861661831895594e-03
2.428404594019726529e-03
2.266544586288291464e-03
1.201968102606823085e-03
1.160324446781999972e-03
1.025747224595164112e-03
9.830150425060803134e-04
8.759855001829751396e-04
8.263244084113857907e-04
7.184375024625315898e-04
5.958621109426847891e-04
1.350832282950380084e-03
1.518611299793978710e-03
1.574892206823202056e-03
1.678488643600206014e-03
1.738082666529004901e-03
1.853992605552940310e-03
2.029149920672269382e-03
2.089258687584176315e-03
2.015456465955802259e-03
2.101372772696865048e-03
2.145949301110236431e-03
2.211769990186513227e-03
2.352234408563902250e-03
2.364327385039190470e-03
2.366122436296253483e-03
2.343703453709354307e-03
2.419639253193572349e-03
2.267720696101102086e-03
2.145854460517914591e-03
1.249960242110753151e-03
1.293989358975374763e-03
1.235995309078583406e-03
1.132075064261511875e-03
1.078900158870056041e-03
1.033601386816387392e-03
9.292591608367575286e-04
2.414900974425461967e-03
2.476152482718953045e-03
2.403510272841613213e-03
2.532604846279523387e-03
2.559484273855358420e-03
2.574862320407305099e-03
2.531190299777412965e-03
2.418503229477980687e-03
1.423597329901785330e-03
1.346863751935397854e-03
1.457498375326121091e-03
1.565596320734331933e-03
1.615847753188659128e-03
1.801377764300338136e-03
1.913064002661000887e-03
2.021682885137460629e-03
2.157398241603849381e-03
2.207142144126659870e-03
2.124233761386161261e-03
2.273257610475326856e-03
2.256415281621146438e-03
2.358749053855930828e-03
2.480585745171865614e-03
2.488761612155232245e-03
2.511396088811357948e-03
2.498042803367477374e-03
2.498447424446528699e-03
2.541947699064730712e-03
2.504307369212748803e-03
2.600877979937238262e-03
2.692466960923803332e-03
2.733288009336700634e-03
2.646258103570639768e-03
2.735631527369603369e-03
2.649527665444544131e-03
1.679227697479978437e-03
1.800027803351891571e-03
1.912342856413822489e-03
2.026068705744836062e-03
2.073795385541470516e-03
2.193259959262845293e-03
2.284980205092820155e-03
2.329938624379127108e-03
2.302788312776737727e-03
2.246297996362643830e-03
2.406213333357106170e-03
2.596434998376130794e-03
2.702742045999725461e-03
2.648659837888229108e-03
2.644235097722153708e-03
2.644028875399382847e-03
2.625475748513936541e-03
2.662167297630149698e-03
2.796533873080013152e-03
2.795635609500473403e-03
2.858638754514005679e-03
2.838454162417760902e-03
2.876656435623608805e-03
2.761908481818433660e-03
2.132570602102886945e-03
2.262894611953003999e-03
2.320553027177916540e-03
2.377385385614797994e-03
2.482115580246676244e-03
2.540715667725359193e-03
2.419720354536170591e-03
2.556865934354355351e-03
2.707919463962764513e-03
2.719265719759887765e-03
2.849564854373225990e-03
2.867843444245238380e-03
2.843747037703374912e-03
2.762615409207820789e-03
2.786823168993187404e-03
2.790885745644328293e-03
2.753818681279584721e-03
2.852614103661702330e-03
2.947894534963229913e-03
2.909761854224223766e-03
2.966888959925676698e-03
3.010237865887957498e-03
2.978794603631656265e-03
3.002667160323261274e-03
2.374959911288462063e-03
2.452234487298313430e-03
2.557261372264499951e-03
2.655626467627864723e-03
2.816864799666336707e-03
2.677976569542631254e-03
2.929225224484553920e-03
3.002026000661875589e-03
3.008272790788166489e-03
3.027898710376592840e-03
2.994475387355364712e-03
2.914187762370391149e-03
2.878641097171361161e-03
2.885289178473262293e-03
2.883550660544376924e-03
2.984581622469000429e-03
3.095222214334616799e-03
3.070148329861279324e-03
3.163864501756524956e-03
3.116931076777343466e-03
3.117147218693568263e-03
2.503746517816197309e-03
2.628797131565738330e-03
2.697663074410547486e-03
2.826494437279075938e-03
2.857903321104598819e-03
2.992204492437932489e-03
3.013750461001306943e-03
3.115159581671467660e-03
3.128724301503396730e-03
3.128437125710456339e-03
3.170527941565330719e-03
3.122607281938289455e-03
3.105160090288623838e-03
3.032012415944099638e-03
2.977732927988538305e-03
3.081469413879705122e-03
3.137235100438378471e-03
3.173046312368126270e-03
3.239961971021442910e-03
3.234842908918597430e-03
3.321274270604252909e-03
3.252385717746250886e-03
3.228399856945659251e-03
2.746347373350214571e-03
2.879270705602576981e-03
2.963059649395998439e-03
3.099194028652042104e-03
3.153507021671061918e-03
3.224642624959718745e-03
3.233034278894477472e-03
3.241798411182952866e-03
3.329538038696310855e-03
3.306395051680415323e-03
3.261847959140731258e-03
3.266505208981776171e-03
3.179932224754437615e-03
3.234055060102558350e-03
3.278551747576366471e-03
3.358057060970497543e-03
3.398835547560527092e-03
3.452035163441765329e-03
3.393713347620084218e-03
3.333589503256110045e-03
3.337271967570163041e-03
2.983497668636473765e-03
3.099322519202561427e-03
3.232644986064184527e-03
3.302255998851970353e-03
3.331562156645581640e-03
3.318480649098012273e-03
3.389735392002447487e-03
3.470346010103602871e-03
3.423544055085913848e-03
3.409571777804332789e-03
3.413303182704724957e-03
3.372848124008966195e-03
3.289523829551221478e-03
3.339529261388971167e-03
3.450630892180733041e-03
3.492908188564632088e-03
3.554563883701728714e-03
3.543239905716647625e-03
3.547861468951746169e-03
3.459258160572448344e-03
3.449019906397308988e-03
3.347050324576761153e-03
3.098794411356193233e-03
3.229696013111594058e-03
3.235806020678153559e-03
3.395443113215404658e-03
3.348220678213819582e-03
3.403143091453419890e-03
3.499490683101949638e-03
3.438566525718219063e-03
3.525514498805106152e-03
3.624764777228864105e-03
3.569283860584264792e-03
3.557232956764929017e-03
3.527735782876620027e-03
3.501525827539597735e-03
3.523098241857955219e-03
3.589339720559494868e-03
3.659575188294669768e-03
3.748028706370407949e-03
3.655921921567721351e-03
3.652225425293994729e-03
3.651120411607108960e-03
3.556612846663205485e-03
3.421872976043079974e-03
3.339303285283026432e-03
3.463546088179832432e-03
3.591197668927793331e-03
3.569264233654661968e-03
3.462330752124805153e-03
3.600161748831976188e-03
3.668336801807585510e-03
3.579462296156245196e-03
3.681594003465333761e-03
3.808934314696383466e-03
3.698188915272362064e-03
3.685113232524877235e-03
3.687611275167271274e-03
3.631647759078647595e-03
3.675931446520274218e-03
3.622952668410036985e-03
3.710656392195949872e-03
3.814346935296507052e-03
3.867393135250635130e-03
3.917117847701661812e-03
3.793396498781725652e-03
3.769894147948637912e-03
3.781301044136247107e-03
3.669223828941764291e-03
3.589501131252692025e-03
3.719596951457989579e-03
3.722346110031978829e-03
3.716624449308628467e-03
3.803408538807718803e-03
3.807676243585581682e-03
3.698451844412416027e-03
3.785633273338676833e-03
3.912587531610776589e-03
3.974101517928757890e-03
3.790428385655227137e-03
3.792470464671284566e-03
3.839206345686173652e-03
3.758101431744950358e-03
3.853924540646357002e-03
3.781130320891841479e-03
3.901684017963606612e-03
3.969694539841728785e-03
4.011205313440328706e-03
3.957342825902625781e-03
4.039286502740917044e-03
3.906012092010538016e-03
3.873629564752431413e-03
3.889702545298205551e-03
3.913451308506047180e-03
3.846416126547653504e-03
3.847908275126798224e-03
3.976629501114052785e-03
3.931079691476277796e-03
3.987722863865718510e-03
3.899320506459754733e-03
3.978569953319010914e-03
4.022532034036173723e-03
4.083471567666420790e-03
3.983839915800264919e-03
3.896554741976457695e-03
3.957064963275378454e-03
4.015226296254100456e-03
4.037852641017823652e-03
4.076925449377513840e-03
4.117691267580837408e-03
4.160150255299039333e-03
4.126937853171523674e-03
4.159256726608320451e-03
4.106066668295040197e-03
3.992035155852413121e-03
3.994864883508431226e-03
3.839980638559440350e-03
4.012443591878127325e-03
3.971539028367963853e-03
4.099200883652527778e-03
4.062692368799380484e-03
4.134016200187743892e-03
4.085511275045557514e-03
4.127569549958599697e-03
4.154228231910095555e-03
4.240700956586901729e-03
4.092544396295491257e-03
4.126707976597992003e-03
4.161445074803871158e-03
4.154493545630672142e-03
4.245245302033840568e-03
4.227076004772636030e-03
4.232473580969063273e-03
4.256896446354996831e-03
4.280228121748134648e-03
4.215742429631652056e-03
4.204400647432752006e-03
4.102917022065069586e-03
4.091754005589504951e-03
4.133188133612017597e-03
4.228842194431686047e-03
4.187399147682345155e-03
4.349868957098928547e-03
4.219503951946707541e-03
4.264856044262031569e-03
4.281198278345804686e-03
4.403950194207758607e-03
4.398005621858763238e-03
4.268807896889273250e-03
4.244799069361790238e-03
4.343848272887551078e-03
4.410203227908619621e-03
4.354142582431577008e-03
4.340739192344833346e-03
4.391131461073672672e-03
4.378915777495350804e-03
4.354074733840548536e-03
4.313984315242449206e-03
4.206560821466189155e-03
4.295328276979567921e-03
4.226312403834434940e-03
4.401649890226986411e-03
4.413147766041003277e-03
4.294042421645068337e-03
4.472622269292284534e-03
4.443665027158531788e-03
4.543363428650834361e-03
4.415739383388442643e-03
4.460259279977238714e-03
4.367887288956043106e-03
4.511620058163148816e-03
4.619655940507676369e-03
4.555920401061854495e-03
4.471715978314257968e-03
4.351150273295131994e-03
4.530371341702913411e-03
4.544083404310571110e-03
4.480089190550975639e-03
4.455976711783937727e-03
4.483020936266918915e-03
4.472790992859054446e-03
4.475566634264374795e-03
4.444335948199686082e-03
4.409824635489309301e-03
4.360511013330711609e-03
4.496095544924341193e-03
4.570799072376420351e-03
4.538282534677962748e-03
4.586806280670886402e-03
4.606391273237558058e-03
4.562664613678046009e-03
4.592781763042721663e-03
4.744388199252175080e-03
4.632145376550961258e-03
4.741013160491330813e-03
4.777048150176638371e-03
4.662627535988654419e-03
4.697069448432975546e-03
4.743164531942787795e-03
4.648942101752743909e-03
4.719549304987510040e-03
4.587617024058984402e-03
4.581212668597476299e-03
4.568292548448807909e-03
4.560794895493721669e-03
4.627528094171821926e-03
4.512802385386900997e-03
4.637926586081925727e-03
4.697526327538442160e-03
4.692801084100268333e-03
4.724605983311160572e-03
4.746915576154574559e-03
4.717740620074109895e-03
4.848011502262101861e-03
4.901483288443666403e-03
4.910326916895298849e-03
4.914523875417726659e-03
4.807395692472045748e-03
4.899472997794343879e-03
4.827251395409525719e-03
4.800639601117424708e-03
4.729212747213234862e-03
4.695433511994973920e-03
4.787900179187892270e-03
4.686528877239625260e-03
4.813771645217991557e-03
4.760042796834367505e-03
4.621765081404874062e-03
4.762487075905709813e-03
4.759341528517785358e-03
4.876481791131068860e-03
4.883103915164491680e-03
4.920591297294080180e-03
4.838620350753239895e-03
4.964095378537262265e-03
4.977266442528763789e-03
5.020818120748721594e-03
5.022640087144933721e-03
5.037768550357459886e-03
5.058673961198347988e-03
4.992372551387347368e-03
4.927000766171328594e-03
4.999826648784238756e-03
4.910344232044658308e-03
4.887465311589475267e-03
5.024309657459587013e-03
5.045512924836671916e-03
4.913117075916107433e-03
4.946921280277623983e-03
4.870493553540303049e-03
4.746211385010477672e-03
4.885005435568514839e-03
5.017218661711112491e-03
5.053558898866515603e-03
4.966824581704804009e-03
4.992987584902088515e-03
5.086278189213930614e-03
5.128615240329618616e-03
5.108816001702612408e-03
5.153457058582492332e-03
5.170520975075075000e-03
5.162339978247951558e-03
5.182264703664385234e-03
5.248640160800239172e-03
5.081569745109754468e-03
5.025920921837282417e-03
5.077820676651523257e-03
5.035850886920707585e-03
5.172147812843271193e-03
5.201089993460013793e-03
5.267112177706073824e-03
5.135238467247182220e-03
4.999327914516854196e-03
5.140280296170784621e-03
5.190174333320742191e-03
5.241983091775352481e-03
5.079015474366311081e-03
5.148443694521873983e-03
5.260268393273126973e-03
5.247286984435417176e-03
5.225974890575126215e-03
5.328427437438488373e-03
5.285544525620635217e-03
5.277703168765898734e-03
5.304130501397165756e-03
5.434963903008832760e-03
5.375838413582077410e-03
5.219189886124591185e-03
5.228166963589373460e-03
5.322732897319631083e-03
5.290395133296986116e-03
5.322731999414590832e-03
5.411571895476779970e-03
5.389572838521611113e-03
5.252037323886024969e-03
5.120186338533463943e-03
5.138326835132162561e-03
5.258906102777152931e-03
5.397623087834313438e-03
5.393444949509200274e-03
5.405136187687975026e-03
5.478759477895433008e-03
5.355608146272693160e-03
5.206051336942152732e-03
5.403077653721368757e-03
5.405455542270880959e-03
5.511411497823143733e-03
5.607027536877275814e-03
5.562760225794338882e-03
5.564725418304285708e-03
5.385452915596031058e-03
5.477260490072201858e-03
5.529616789685055413e-03
5.559643977281278869e-03
5.556146002672462600e-03
5.522961228763266853e-03
5.374265453218963692e-03
5.240535720068417377e-03
5.425358892863894715e-03
5.409205544878995485e-03
5.390344516247281940e-03
5.501315602953585175e-03
5.530185395194679894e-03
5.583489622668759075e-03
5.509911549987653659e-03
5.542366367294555840e-03
5.571773814501206415e-03
5.602083590428865410e-03
5.513521533091651945e-03
5.632267027121437737e-03
5.725416223809730830e-03
5.709557104870025511e-03
5.726292838788734664e-03
5.740881018141845427e-03
5.623441100510061935e-03
5.724261545630908096e-03
5.694280930752312377e-03
5.719344775142976185e-03
5.716884039217074234e-03
5.669067479761875049e-03
5.649765261744957474e-03
5.506781305930653729e-03
5.538452211965330836e-03
5.607410202312421328e-03
5.629661441938996896e-03
5.676521437283634994e-03
5.660046524014000768e-03
5.646999197297278977e-03
5.645174419454512989e-03
5.685400838962934890e-03
5.707447707341269799e-03
5.771933811213081876e-03
5.817644831836920813e-03
5.834786722798112821e-03
5.889535225966337217e-03
5.886739437297419837e-03
5.914067352949589976e-03
5.905316225166913624e-03
5.867853874958259622e-03
5.941574211355167556e-03
5.862108085604159601e-03
5.888582821039082919e-03
5.805689912830799826e-03
5.799245058867879936e-03
5.761907113271499091e-03
5.706848542580392550e-03
5.772559513499895406e-03
5.756205600714860149e-03
5.742888449316841358e-03
5.739323721822223688e-03
5.753667076383583989e-03
5.791200629430261204e-03
5.837822386605399927e-03
5.901590527291779645e-03
5.971093878682457758e-03
5.957435791709314067e-03
6.031687315263286817e-03
6.051471803141244589e-03
6.121470444204574549e-03
6.202233231865248060e-03
6.064409529265357007e-03
6.118642545161477250e-03
6.051975640343067002e-03
5.953540044108000459e-03
5.789509686026808252e-03
5.858431761709019525e-03
5.857418286955738337e-03
5.819275802502766118e-03
5.822741195530181657e-03
5.814905754558832504e-03
5.832164338734049415e-03
5.866439750742954116e-03
5.894047640063227594e-03
6.005036277634418114e-03
6.056374882533066377e-03
6.110044116663661609e-03
6.079654484857123509e-03
6.174919264002413748e-03
6.179799340120273668e-03
6.294784057866625870e-03
6.334678889973302356e-03
6.296679171448091306e-03
6.235236016306723236e-03
6.388538771290338050e-03
6.312317013376711645e-03
6.115991610704092640e-03
5.917558986587097454e-03
5.911628515634035838e-03
5.875597937307690428e-03
5.888822754560597318e-03
5.909384240264181111e-03
5.926616954023281383e-03
5.971251834281814108e-03
6.048617254035945114e-03
6.097125927553203630e-03
6.163248273099311905e-03
6.266674756124678350e-03
6.295801653162322147e-03
6.329547458506140645e-03
6.499057899687905697e-03
6.479065405219570570e-03
6.459187721168922237e-03
6.449297324583171641e-03
6.544374726906590847e-03
6.516460962736541490e-03
6.466966682864738920e-03
6.291542397261463103e-03
6.189300925536043649e-03
5.973650361570692277e-03
6.001083087103631537e-03
5.974033044817982779e-03
5.923656813970018357e-03
5.965453853727167854e-03
5.975834377716166684e-03
5.982043472228693037e-03
5.966566357410762848e-03
6.031241918488298125e-03
6.090865275214678298e-03
6.134584623108732364e-03
6.176110948810058579e-03
6.250156299097854758e-03
6.427160667884726161e-03
6.483287394977959965e-03
6.621109126189613468e-03
6.703177097931237172e-03
6.613104016084684657e-03
6.621585839916538374e-03
6.779411138888661800e-03
6.709947776659468469e-03
6.656573429756865341e-03
6.028254675449367696e-03
6.064489056781112962e-03
6.040022485640612719e-03
6.013980321951738206e-03
5.989229260315784113e-03
5.996325465636525263e-03
6.023614523790360095e-03
6.012514770903540709e-03
6.052183782472915496e-03
6.073684589782647400e-03
6.136538943215868666e-03
6.182384032279443845e-03
6.258128861187766886e-03
6.353171157440514090e-03
6.464488201957566127e-03
6.617658325661946415e-03
6.777918782461952833e-03
6.870293057730103223e-03
6.864714340295618132e-03
6.867486836684568753e-03
6.984331204753025171e-03
6.880645364036578997e-03
6.852686732058989143e-03
6.061821776714267779e-03
6.040450838853873676e-03
6.027715588222599431e-03
6.040373404208531152e-03
6.056525856789323620e-03
6.098873705425638357e-03
6.147645951860092675e-03
6.220747217893003549e-03
6.368496663356973050e-03
6.483289115190574679e-03
6.629421769977643202e-03
6.867281635020675186e-03
7.002738514292866645e-03
7.125110741679958372e-03
7.136789173243663492e-03
7.011854031226336277e-03
6.089457859263470649e-03
7.074529577630320719e-03
7.187904990884573346e-03
7.061580727496524421e-03
6.057091746299809835e-03
6.045234956240231119e-03
6.050191662079368662e-03
6.072533364872016899e-03
6.109026050459877635e-03
6.162606655297230701e-03
6.227193717293186444e-03
6.321973004510405766e-03
6.437716858359530600e-03
6.576401552735657539e-03
6.769481537899902507e-03
6.944926932797375503e-03
7.120594246319751977e-03
7.270084127577195778e-03
7.393955853818173947e-03
7.420898129819435141e-03
7.480434962584880075e-03
7.270368670957994169e-03
6.102605095460755281e-03
6.075052468988931947e-03
7.296428905808663955e-03
6.081808515011938657e-03
6.064270184325679797e-03
6.053283359155297097e-03
6.064825898656248625e-03
6.075256071912940245e-03
6.081836566700950242e-03
6.131569729173928611e-03
6.252309646124298327e-03
6.352349146829527893e-03
6.560259197007047537e-03
6.732946670784063781e-03
6.986795543717742342e-03
7.131597239993564888e-03
7.337789224087120331e-03
7.507183979556115647e-03
7.665285582550158267e-03
7.670168411191697656e-03
7.681088330379195334e-03
7.487462453945866424e-03
6.107941689876031713e-03
6.069697795250078229e-03
6.065196778108510912e-03
6.071406783296660718e-03
6.066839321128113770e-03
6.058924607486391306e-03
6.082420057717703721e-03
6.099054485531014286e-03
6.158658879067331095e-03
6.262566554496083390e-03
6.382832591961918461e-03
6.498815291736490668e-03
6.744682386371750674e-03
7.062388133891604573e-03
7.187773960460156451e-03
7.411670824340009858e-03
7.738195588423615184e-03
7.792204304064404355e-03
7.933949698655733129e-03
7.864297006161747455e-03
7.898530311360132949e-03
7.691333859298564446e-03
6.084591232490946938e-03
6.109766895064400183e-03
6.193757076944328768e-03
7.532169842613341965e-03
6.074106471025086246e-03
6.068280615928691411e-03
6.061120568433908153e-03
6.052056463800034071e-03
6.064229457806089019e-03
6.097395634633192597e-03
6.195315710133185612e-03
6.313616771737683500e-03
6.424928387151716824e-03
6.597849068204336524e-03
6.671819880166646871e-03
6.853384242824720959e-03
7.067855276462748151e-03
7.416330345826439158e-03
7.669711846980551730e-03
7.990116393558401378e-03
8.008718393308991018e-03
8.111173818810681752e-03
8.020399150692100396e-03
8.078564257305192661e-03
6.082860403528327770e-03
6.105168453912661157e-03
6.084442797603658269e-03
6.073002495875858692e-03
6.101813900549549197e-03
6.054506832879604124e-03
6.050473481653416592e-03
6.051498464968348319e-03
6.095697546144081096e-03
6.169554301547563666e-03
6.276996719784274682e-03
6.501052424609484078e-03
6.472186382997889044e-03
6.684839515896125010e-03
6.824493875517424236e-03
7.012295794132189682e-03
7.314338213739494943e-03
7.521911261606999133e-03
7.781818064584306027e-03
8.021962430616981846e-03
8.199193828532383779e-03
8.250032823365211973e-03
8.202634233928418617e-03
8.271168919171291781e-03
6.061700187911014601e-03
7.858151942593346109e-03
6.060376896466967631e-03
6.040016029564434716e-03
6.025205864010105272e-03
6.009287845491244166e-03
6.043448309576804171e-03
6.101903444916288374e-03
6.185500244098618081e-03
6.322790746315060106e-03
6.511177066623011732e-03
6.762414475157193551e-03
6.709009769437522530e-03
6.952260279266530944e-03
7.241275951459158131e-03
7.395777584113742698e-03
7.710008529704102595e-03
7.935887323737284352e-03
8.112826822215960312e-03
8.231156149001611286e-03
8.345749053650554014e-03
8.460753573213760856e-03
8.429410432106453077e-03
6.069739819915452583e-03
6.086484945256007660e-03
6.038298188046095291e-03
6.014389785710094402e-03
5.996532868204569600e-03
5.976831577217930729e-03
5.999746542131458027e-03
6.033336959252493664e-03
6.106506854664032515e-03
6.211460789748273099e-03
6.360789630294664924e-03
6.555351037286085737e-03
6.811016755321119484e-03
7.016341708069646042e-03
7.230495001051904201e-03
7.498645856821388976e-03
7.600016736249808752e-03
7.840000779952480819e-03
8.053421424182206564e-03
8.237664026839256956e-03
8.354142808157964326e-03
8.452384631904617460e-03
8.563288509569744536e-03
8.577620039968161803e-03
6.041620655644203142e-03
6.014363483094742162e-03
5.985604406403740793e-03
6.012230440121385869e-03
5.963233950922203035e-03
5.932923859760534137e-03
5.964785044988954628e-03
6.010552906484169580e-03
6.106223118348863728e-03
6.241140181070040094e-03
6.397601092896920347e-03
6.590434507467566282e-03
6.818602290969391806e-03
7.068473025251729124e-03
7.334485695337147199e-03
7.532502247006541037e-03
7.763357970684810552e-03
7.966367580292873021e-03
8.113456758594728493e-03
8.336743694980493918e-03
8.414098762621972580e-03
8.453822149639840175e-03
8.555768540247688653e-03
8.696894669881547954e-03
8.666592838118450381e-03
5.978167246649192766e-03
5.953726054294261258e-03
5.914979973002738173e-03
5.887220595784166226e-03
5.903111938768927126e-03
5.913024711549264185e-03
5.965314301181807131e-03
6.033033056782201482e-03
6.116436173658486297e-03
6.220768441745436889e-03
6.372770188734131445e-03
6.578788243226125348e-03
7.006253880865721123e-03
7.443357350255961659e-03
7.279627432861365995e-03
7.675678177733871038e-03
7.875645699040124958e-03
7.914006607061714604e-03
8.118064001424406956e-03
8.295919935562633130e-03
8.227060561982205145e-03
8.395618920432510249e-03
8.385354247612646778e-03
8.524670946410324926e-03
8.607593905251016697e-03
8.714429985872707354e-03
5.862072571727940454e-03
5.878186025873842653e-03
5.853309154479326148e-03
5.915300892691636829e-03
5.975386839526239391e-03
6.069676977957920785e-03
6.181190139345115776e-03
6.313384782760493585e-03
6.556843189781119338e-03
6.760891336020698021e-03
7.064721690067992700e-03
7.451669932743543168e-03
7.690628225137156881e-03
7.844985648032782449e-03
7.979279744874504671e-03
8.163618413502639337e-03
8.235976110355260407e-03
8.392938945249587765e-03
8.531692301611453269e-03
8.682032563991555832e-03
5.809359102591147433e-03
5.755699437036591350e-03
5.781782936661972010e-03
5.831640823163507757e-03
5.900974264985234079e-03
5.977907567095631924e-03
6.097799823227401279e-03
6.233736022762616583e-03
6.403777434269198980e-03
6.580262244868821317e-03
6.804096569397395482e-03
6.959129207145231186e-03
7.235092752005219639e-03
7.474781852914454995e-03
7.624406190742547863e-03
7.822840998918135016e-03
7.994422501401804784e-03
8.074657481767597011e-03
8.259707559365416646e-03
8.341921146402527659e-03
8.487087162776792842e-03
8.614839070708799063e-03
5.713385260212413760e-03
5.718416767836491908e-03
5.773742344243819324e-03
5.852885207423974209e-03
5.990918647290024990e-03
6.165967220799074833e-03
6.297043610435315575e-03
6.417148569555116734e-03
6.641783386529541942e-03
6.884716489577222438e-03
7.161326562497513822e-03
7.254511173924381787e-03
7.324958270825856002e-03
7.506077466436509096e-03
7.697952815132588257e-03
7.723897529835538692e-03
7.813875532303003399e-03
8.113394456552664932e-03
8.326810867015518869e-03
8.499137807185509763e-03
6.103790555762104303e-03
5.645633361082243694e-03
5.683382779194076292e-03
5.796557798589330873e-03
5.868720729623444141e-03
6.001863508906781809e-03
6.194626450935529320e-03
6.262884647278202203e-03
6.541278576652332852e-03
6.715823341028207515e-03
6.926892284902773714e-03
6.973234773408201227e-03
7.097809258554700282e-03
7.077267495234898162e-03
7.179126248071348269e-03
7.371055247767262057e-03
7.377510198403127578e-03
7.532008839215175409e-03
7.424903783709599879e-03
7.857911022709471865e-03
8.114181343875157340e-03
5.575395775939727752e-03
5.569688543789075991e-03
5.716628061579173692e-03
5.771077351989761448e-03
5.852581416819861541e-03
5.952119975072470322e-03
6.083640132300209384e-03
6.201011295996394258e-03
6.351752659442549617e-03
6.537335592741106219e-03
6.604640782849899652e-03
6.762338869368648801e-03
6.885122644074799167e-03
6.881832772924042531e-03
7.094095015787677504e-03
7.024743173995764804e-03
7.234340743734348107e-03
7.100324793484185347e-03
7.561027567110436415e-03
6.739718748342393706e-03
5.505616334398735767e-03
5.426072073399212589e-03
5.446128480513402238e-03
5.517259712464270792e-03
5.612893190070272764e-03
5.724321581212081164e-03
5.757621324191147111e-03
5.865931936402044022e-03
5.960269248989253504e-03
6.032679475031042272e-03
5.917520164791794691e-03
6.087622536654662547e-03
6.233819578196599792e-03
6.375268317773678806e-03
6.419743735834672164e-03
6.560163218504310931e-03
6.451084525628713456e-03
6.757488155469097528e-03
6.719043695390501322e-03
6.899245918577411214e-03
6.721087537800466208e-03
6.873191653705898289e-03
7.226188821248049308e-03
5.329350856328115248e-03
5.366847505681181935e-03
5.491750030149711824e-03
5.643564622821657314e-03
5.605071799399589591e-03
5.742414250886294751e-03
5.789243887079500474e-03
5.864804426973332062e-03
5.902266145315998580e-03
5.917210682677831804e-03
6.145676840934805388e-03
6.122628301922686256e-03
6.178297256828437986e-03
6.284649968764511978e-03
6.158848764971932774e-03
6.281342847463227720e-03
6.184728392899093916e-03
6.285391295032583849e-03
6.494755112969679244e-03
5.793102305726729150e-03
6.486222684181574931e-03
5.237728992777534315e-03
5.151219174196831722e-03
5.201928039602332458e-03
5.366249486714990378e-03
5.499856325976778572e-03
5.641231816799721632e-03
5.634528329232896780e-03
5.666392388098471893e-03
5.730812498565406900e-03
5.685622761359759511e-03
5.815452691881610632e-03
5.700359191220799940e-03
5.904127914494555936e-03
5.910626934589312612e-03
5.986740538603430896e-03
5.791906422063179856e-03
5.962028474903920301e-03
5.846967279847736787e-03
5.631016601324485837e-03
5.930192952460640668e-03
6.097831939111682253e-03
5.042378308025865369e-03
5.068831439135910999e-03
5.184646722316076962e-03
5.330975110017998134e-03
5.451147266185688012e-03
5.508478668410550678e-03
5.482394700927100024e-03
5.573054304706818833e-03
5.419251945296884969e-03
5.491841396156569265e-03
5.372269154795500032e-03
5.423507331917997581e-03
5.581264778868152976e-03
5.656817919153004325e-03
5.347396990659042566e-03
5.416740395120864596e-03
5.570539493236322665e-03
5.483788132927538625e-03
5.230516257797265464e-03
5.262469177933154843e-03
5.700506009238102620e-03
4.940371286047593423e-03
5.029320765350842048e-03
5.165632089182950817e-03
5.288499602838150383e-03
5.257792152945136438e-03
5.392876309532054074e-03
5.329841348062185069e-03
5.296673592022795377e-03
5.053175579231940218e-03
5.065844290069397224e-03
5.020822226744998951e-03
5.195256297962979469e-03
4.896225797537762103e-03
5.093951858835767468e-03
4.998364917745893102e-03
5.133597867548177554e-03
4.843043003257789872e-03
4.903121675196044776e-03
5.310188833015430480e-03
5.297397513530026358e-03
4.835994392075945204e-03
4.873642696017735712e-03
4.931832024602283461e-03
5.007400551038300451e-03
5.127508393131629053e-03
5.121778639171029913e-03
5.110501774057392768e-03
5.230473422333406334e-03
5.142199037272186281e-03
5.157074554646780100e-03
4.957994242985219908e-03
4.788811103712946673e-03
4.740820498409097604e-03
4.559894789838034486e-03
4.673233497695018605e-03
4.512862248082888730e-03
4.749361617126726144e-03
4.587959894273866725e-03
4.871743951391307309e-03
4.746218902743591650e-03
4.449841246378942808e-03
4.551243347183595196e-03
4.569147191032673153e-03
4.929466655195505892e-03
4.752545453215023183e-03
4.598259523443147707e-03
4.665998219694902222e-03
4.910174498610097443e-03
5.014668075841808431e-03
4.902538837811877721e-03
4.785560072399729775e-03
4.721211446757756988e-03
4.968388217942847594e-03
4.452875658003775834e-03
4.370398162787799030e-03
4.209109584584570796e-03
4.340900285612831096e-03
4.035867096585569677e-03
4.349704402495414846e-03
4.196129533152955643e-03
4.515971049731862426e-03
4.280366036568960392e-03
4.089622974486794432e-03
4.224175606851460728e-03
4.220727754172780288e-03
4.437042561756040539e-03
4.520925732421785838e-03
4.741614968581088496e-03
4.764044405337168608e-03
4.793090792200429238e-03
4.611113957730532051e-03
4.379727830615187667e-03
4.527686190265687270e-03
4.464977733826003617e-03
4.199610682493084071e-03
4.058759842837367064e-03
4.015298343852850317e-03
3.866371265021587532e-03
3.630324846783166033e-03
3.670739846210040094e-03
3.942747015009651426e-03
3.994489878005190626e-03
3.925904299143306506e-03
3.637415787501291353e-03
3.682758709302663431e-03
3.922210294462142796e-03
3.907630707325165063e-03
4.897843481043191206e-03
4.049155410484731737e-03
4.349306601516968879e-03
4.459692026272871375e-03
4.640183502507617963e-03
4.688065563708415824e-03
4.564535534036282850e-03
4.348338121649329702e-03
4.104578682178339211e-03
4.016962973407086496e-03
3.890788574409056837e-03
3.721799676647904835e-03
3.626713036285634812e-03
3.374795835420322208e-03
3.383238088654992419e-03
3.392537476170921860e-03
3.675076893750139212e-03
3.609632489121787548e-03
3.378618671143529106e-03
3.410848540059009844e-03
3.302223394819415840e-03
3.428487810057451266e-03
3.659149067313696713e-03
3.622262300853996454e-03
4.636934901658344883e-03
4.283667896452900310e-03
4.301174977524923476e-03
4.224245543403991679e-03
4.331870121821200514e-03
4.513933100621483722e-03
4.539799239907256131e-03
4.597272034402012826e-03
4.428297028801657549e-03
4.150870026591226697e-03
3.831957306566710370e-03
3.713238057226628600e-03
3.635373907850972253e-03
3.390564577934126328e-03
3.112543051932549140e-03
3.086355857589133216e-03
3.089422996168363598e-03
3.235797678189202171e-03
3.455416395886124446e-03
3.165241221599924670e-03
3.072005657699227160e-03
3.121032329791181923e-03
3.211476665787976401e-03
3.368771779777029844e-03
4.186457557282668128e-03
4.404513408904724842e-03
4.499215303138349477e-03
4.458985293346267795e-03
4.248116407419872710e-03
4.469007188888503464e-03
3.958953261682897004e-03
3.802944063080912832e-03
3.511411019147030622e-03
3.339022946590299717e-03
3.300388850643246400e-03
3.104245940922720215e-03
2.887782779110462106e-03
2.893676994937173855e-03
2.862971124973792778e-03
2.826589977842745155e-03
2.861909249795166477e-03
2.969833592078600839e-03
3.004841984693450326e-03
3.139581782514199500e-03
3.032519884151879761e-03
4.184669558964126956e-03
4.360977061717072681e-03
4.472434902415447881e-03
4.520584145878346963e-03
4.442688769187795247e-03
4.265264857590794767e-03
4.058090748358018224e-03
3.705844223597563446e-03
3.516724455059137226e-03
3.251587099080198266e-03
3.110817021976919512e-03
3.045989292765342166e-03
2.789854316860653632e-03
2.718398373455892421e-03
2.714384209107969029e-03
2.690398693469829398e-03
2.657346293648106799e-03
2.752831761076144669e-03
2.769307295174958192e-03
2.880308693949405578e-03
2.794152659321483528e-03
2.942873155074127514e-03
4.223953670663677280e-03
4.340420538846701849e-03
4.715413705775503908e-03
4.640794211526405935e-03
4.545025773251343444e-03
4.426930932749726343e-03
4.130226163191316226e-03
3.680576273096554558e-03
3.258494362193869748e-03
3.195953445296505473e-03
2.956846711117915808e-03
2.669855598085288818e-03
2.549492106634607819e-03
2.829810341560653336e-03
2.629269874110996309e-03
2.509278066940955586e-03
2.514383578537902290e-03
2.582975255744571728e-03
2.550469449874118080e-03
2.589363986960357533e-03
2.685276741901571323e-03
2.703793674408409235e-03
2.768677088451409595e-03
2.661031658966621187e-03
4.487418664474810207e-03
4.868584262393931689e-03
4.940372619845916947e-03
4.719855113345825144e-03
4.617627710839908653e-03
4.133490919413514153e-03
3.664232045550545012e-03
3.060446894435607697e-03
2.846636476730877476e-03
2.527844447741094645e-03
2.387949935693484387e-03
2.399684691067874385e-03
2.375072003240273275e-03
2.345438717765743145e-03
2.474765728315877957e-03
2.499601201032880179e-03
2.541664802865585548e-03
2.597599881014938002e-03
2.650496688329747382e-03
2.623159588934555111e-03
2.568166917873160055e-03
4.685065812327407139e-03
4.959932152566715567e-03
5.147891983197661232e-03
5.184660711418380592e-03
4.661200387361208973e-03
3.952446054245482322e-03
3.344446300011444124e-03
2.551849832282289225e-03
2.553854826829626834e-03
2.229931448727879607e-03
2.193890118867006505e-03
2.228033556490550612e-03
2.078212090302814560e-03
2.128732970311279175e-03
2.313150429104720868e-03
2.370185505511473306e-03
2.477935842400562621e-03
2.532452451874540964e-03
2.549534590362017520e-03
2.571943408218181626e-03
2.499652349521305772e-03
3.235139087404776716e-03
5.321579623024869435e-03
5.715221811291437172e-03
5.747228148903325493e-03
5.344035863060758729e-03
4.753769651203808462e-03
3.826306064969205601e-03
2.715361654989917675e-03
1.862831127325073350e-03
2.065447288775116869e-03
2.014197953292128952e-03
1.800644758366039136e-03
1.833501156553439451e-03
1.821674462322380806e-03
2.265368171168380927e-03
2.438323860468833825e-03
2.483640423464964116e-03
2.504562658664459453e-03
2.500495955351917949e-03
2.512890965778850818e-03
2.467504610195680580e-03
5.754470204624501616e-03
6.177318166516247190e-03
6.386831635828064610e-03
5.821714691956935729e-03
5.401234049003589797e-03
4.406590478511144930e-03
3.274885483545909859e-03
1.562136338241992784e-03
2.978903322620718962e-03
1.242308992948475306e-03
1.223417044882299781e-03
1.415560926489907966e-03
1.674698233643145701e-03
2.180019236483757110e-03
2.380065749031621235e-03
2.461846721143048661e-03
2.488079853780447628e-03
2.489557778184820717e-03
2.484873170905375211e-03
2.478268811630079168e-03
2.485627681454079165e-03
2.459134117223220253e-03
6.264403266765211468e-03
6.944281878476024628e-03
6.955270242275267065e-03
6.820858327690883932e-03
6.195098685837991011e-03
5.815887774537753865e-03
4.594866895163009224e-03
3.847171871169653267e-03
1.860271587247870921e-03
-1.562279795371366176e-04
4.379759263514781714e-04
-8.347961977239522907e-04
5.195612053527494346e-04
1.964945288043721313e-03
2.322383322901000555e-03
2.527152945531802551e-03
2.491331272264972994e-03
2.497931377694433130e-03
2.474116892168298602e-03
2.463233599631093479e-03
2.456446101999399095e-03
2.484160225002856204e-03
2.461593221877679625e-03
6.827747774701185476e-03
7.416039485801973440e-03
7.935719111225404687e-03
7.664372621615132657e-03
7.513009146912991501e-03
7.050956610170491107e-03
6.175785946149780527e-03
4.978799530378041731e-03
5.094008998072370974e-03
2.582480597490818385e-03
4.765385190282859368e-04
-3.686747450217889212e-03
-4.200692655589357768e-03
-8.103604034343406086e-04
-5.258608412517157054e-04
3.703058861823883049e-03
2.686615781316228132e-03
2.442002842910710389e-03
2.670770913457130944e-03
2.573720168647996437e-03
2.529424335552849998e-03
2.478654902878075529e-03
2.441084929662267356e-03
2.400936646401595227e-03
2.410654080578075384e-03
2.474020370492336848e-03
2.492450735094514994e-03
8.008932495040444258e-03
8.682876017215962125e-03
8.675990059432682477e-03
8.779940420378259947e-03
8.304190592531958751e-03
7.960763476319457008e-03
7.632107447535882438e-03
6.397167754665087844e-03
5.464742267877795330e-03
5.109701329505909016e-03
4.083225554052700643e-03
2.991394208509696138e-03
3.119288474364352061e-03
1.954673708771533305e-03
-6.621997746828215715e-03
4.827968630372182594e-03
3.100053308895711710e-03
2.977658616087837645e-03
2.787982261176841919e-03
2.800403994551428979e-03
2.624517945242926288e-03
2.538019433727461797e-03
2.489541671676559487e-03
2.411050706996200818e-03
2.360010554722605583e-03
2.287905872755823140e-03
2.332820144296894951e-03
2.429546716565393703e-03
9.096531302639288344e-03
9.505668981790806743e-03
9.482724588702196034e-03
9.038084588057824706e-03
8.828922488494747589e-03
8.719080165104709998e-03
7.824759072854339456e-03
8.024241814896596048e-03
6.519129774440756558e-03
6.044611158381589175e-03
5.155350201527044568e-03
4.246577947246429376e-03
9.326045353866285054e-03
2.997974861353395332e-03
2.973553380850291281e-03
2.920418024235548610e-03
2.937384669501198319e-03
2.787455220995705557e-03
2.591586159778022733e-03
2.446656613921181864e-03
2.408735049811241025e-03
2.304813492302433368e-03
2.184359441189283758e-03
2.078765484145932759e-03
2.185205803883625859e-03
2.337659020374224621e-03
9.720001965956858586e-03
1.029956516647924543e-02
1.026649631387527122e-02
1.017985589618090880e-02
9.766092670558251809e-03
9.601427571403867850e-03
9.922554686022232173e-03
9.279039132528390382e-03
8.611850660187306619e-03
7.459122488794385497e-03
6.943428213258280579e-03
6.094016683555579170e-03
8.904771257794520667e-03
9.976699257199206708e-03
2.981071893607525718e-03
3.040905972548212533e-03
2.978957194347383198e-03
2.996288738377445287e-03
2.727116035115763077e-03
2.402185106925623127e-03
2.201691961721180969e-03
2.220317734143859717e-03
2.301221271624608652e-03
1.966772581969437363e-03
2.094762907664462701e-03
1.946524454134156536e-03
2.192260208042046393e-03
1.099356745756958388e-02
1.069219833806884373e-02
1.102375109800044634e-02
1.103951252638408521e-02
1.132000170570723364e-02
1.089910952719760039e-02
1.081626316488994849e-02
1.073023609510808177e-02
1.015133721671573723e-02
9.407881229800733880e-03
1.166362039256082540e-02
7.794602247320587922e-03
3.103671784370818851e-03
3.218200382737184014e-03
3.305141176290984136e-03
3.432530457932249455e-03
3.091537984726294534e-03
2.418980447065263977e-03
2.123399353741842448e-03
1.971318038712677710e-03
1.818104725412793710e-03
1.655570211911617249e-03
1.715434419827619773e-03
1.761776689840210399e-03
2.023024445455406505e-03
1.140995955728803073e-02
1.219962540235073473e-02
1.239678192203940224e-02
1.262854040092304710e-02
1.190188510304620619e-02
1.194943432860308061e-02
1.232774192353373703e-02
1.197664384561557792e-02
1.196014591162227955e-02
1.174369550288069386e-02
1.153136095200818154e-02
1.086826338206268311e-02
3.528178059011282709e-03
3.689144897857713195e-03
3.169508864977496881e-03
2.681955404026877248e-03
2.030870439020883607e-03
1.848289223784809832e-03
1.675262471301883650e-03
1.456611440570278627e-03
1.256002834994429922e-03
1.459789150015259078e-03
1.470315031740406777e-03
1.207675584428352482e-02
1.294628968899019274e-02
1.313011417937133204e-02
1.330619298013049553e-02
1.356357647430765298e-02
1.280021089428259179e-02
1.271941142396709919e-02
1.342284523913399828e-02
1.353546710617182375e-02
1.323173594627864366e-02
1.355137408714385608e-02
1.238350844317313675e-02
1.282178223765451618e-02
1.222864848739344673e-02
3.804082454139866634e-03
3.906927153383007827e-03
3.224878877703652846e-03
2.549947885967697968e-03
1.978479826318541371e-03
1.694791572896921705e-03
1.651667949618483783e-03
1.665441212592411267e-03
1.438143794344958100e-03
1.078086794700099148e-03
8.154234011817869171e-04
7.860901707548254578e-04
1.147535869971435694e-03
1.138308702364759003e-03
1.282529707929153107e-02
1.365531722877052004e-02
1.388374414881668288e-02
1.394253956638137962e-02
1.399924347003804470e-02
1.433787730884827742e-02
1.380112149559221957e-02
1.426198876354983422e-02
1.416935017149560834e-02
1.449701174126001059e-02
1.420373186794034702e-02
1.389557059047423840e-02
1.317440481496281665e-02
1.338712760404517192e-02
3.950907164139551807e-03
3.971548774129758652e-03
2.971210031575242591e-03
2.416728526996322814e-03
9.049320241836315533e-04
1.506193255788410056e-03
8.320808623248980270e-04
1.424723853505493630e-03
1.393335885070936999e-03
1.131667746892196791e-03
8.470749228895476214e-04
4.479454126391622546e-04
2.991520706550627041e-04
6.889435843848396935e-04
1.456934442364332671e-02
1.499691854994242984e-02
1.482220215715743424e-02
1.482076188428892334e-02
1.482551450621120634e-02
1.457917828952134780e-02
1.449456603616152035e-02
1.469491543586623830e-02
1.478074738763885711e-02
1.508815626328225724e-02
1.496440736594014179e-02
1.482317578910757883e-02
1.440031996773496678e-02
3.232260014486383268e-03
3.430404524776518860e-03
2.134982654455231874e-03
4.225915751866232044e-04
-3.687640032173410045e-03
-4.275159010269858478e-03
-9.145008707251858033e-04
-6.659396543163909402e-04
7.750851554387789373e-04
5.341194450481250890e-04
-3.464746414496189426e-05
-1.860765007517490655e-04
-4.259576042151698959e-04
1.979621155265818850e-04
3.881496130902455013e-03
1.558476615476130610e-02
1.612680536603864484e-02
1.575532226675350686e-02
1.570742778374228238e-02
1.453880233803384742e-02
1.434024200428777977e-02
1.461318374127041665e-02
1.488616628545540860e-02
1.527709190759939106e-02
1.536951044049886771e-02
1.543500296221790059e-02
1.519734839731229879e-02
1.524068801025665887e-02
2.724121773083196772e-03
1.280914371313133637e-03
-1.893875036077367815e-03
-6.117199930236255460e-03
-1.046645449574347235e-02
-2.429840879416127197e-02
-1.678652212035313535e-02
-5.360159588490811394e-03
-5.144340638152514189e-03
-4.594262127990871914e-04
-2.162472079696866971e-04
-5.238070295026776933e-04
-8.965995969618913630e-04
-1.204368396897918326e-03
1.686672081374353954e-02
1.806284617853549587e-02
1.720546827520379532e-02
1.790049851206598763e-02
1.503939157363594521e-02
1.306913139244659204e-02
1.424961650102726449e-02
1.472249962513448064e-02
1.527991022505550620e-02
1.569033831341571858e-02
1.566826114669304937e-02
-7.860806734626481522e-04
-1.146439216045240690e-02
-2.061138899140475822e-02
-2.980947821446731927e-02
-6.759221983555389890e-02
-3.564002178043321201e-02
-1.671596304042908057e-02
-1.010312701591472434e-02
-2.542836035447367839e-03
-1.820958812655432872e-03
-1.967409638237700362e-03
-2.219909171028430512e-03
1.831909814832815772e-02
2.010915091501790444e-02
2.107743942356347586e-02
1.986169152054582249e-02
2.110285011657052692e-02
1.623732568000511509e-02
1.072911170985688285e-02
1.068104315472895652e-02
1.269457795146407796e-02
1.326650416168087716e-02
1.445506638288704578e-02
1.535591435400829145e-02
1.569409949082526193e-02
-3.422323056444998013e-02
-5.158338033132649908e-02
-6.076628201822063813e-02
-1.075715791096784058e-01
-1.315774258599647362e-01
-1.506275858629863851e-01
-6.543853132719892884e-02
-4.083367972266473134e-02
-1.210066967816107036e-02
-5.906783173858028320e-03
-3.248048874253383136e-03
-3.700658982070152529e-03
-3.402554452325848560e-03
2.217610808850388818e-02
2.281639010246971563e-02
2.376661456672132106e-02
2.367636764740860614e-02
1.912940881595832573e-02
1.160201568041986306e-02
5.551443021893228205e-03
5.677445834395550631e-03
8.288314371000323963e-03
1.117809464710900827e-02
1.280204057594270042e-02
1.434897028670235192e-02
1.513527891875397942e-02
-7.489892665659045323e-02
-1.443704824870958303e-01
-1.677355248474556859e-01
-1.953536865227031849e-01
-1.786533674153219509e-01
-1.122057200004385885e-01
-1.145515694868813328e-01
-3.771876681423247391e-02
-1.194733211278718905e-02
-7.513083092642940455e-03
-4.501287396653912490e-03
-4.849285722596955416e-03
-5.577233118927498942e-03
-4.534957336054367544e-03
2.453931897898065095e-02
2.512170558521712935e-02
2.640469528928872725e-02
2.698796956619571585e-02
2.607183205978487808e-02
1.885152554465003086e-02
1.186026857647456793e-02
3.336664957861910051e-03
1.490180683109218951e-03
-1.741997197763703537e-03
1.203316685656918026e-03
5.125437373147170329e-03
7.156559630476747036e-03
8.100503935237630612e-03
9.065130213216508054e-03
1.050819399102972604e-02
1.251578878845063802e-02
1.373397281658430766e-02
-1.777632595557311901e-01
-1.881126431207580108e-01
-1.999748217911263559e-01
-2.074551623044852688e-01
-2.055048049952970801e-01
-2.040798586123564184e-01
-2.038428642545999092e-01
-1.680780293651662483e-01
-9.893094014853567875e-02
-5.525388087582059488e-02
-1.782685885675279469e-02
-8.119449391319878348e-03
-5.297569952316891380e-03
-6.509040398538286365e-03
2.709241806665514674e-02
2.807638328988030715e-02
2.884970316463285681e-02
2.922954530681214080e-02
3.142748286162100335e-02
2.722170722271263429e-02
1.418874598485926272e-02
3.716513301031971334e-03
-6.820971623429272941e-03
-6.857882479332227596e-03
2.215838113309924473e-02
7.116229426214561865e-03
7.729240437063518258e-03
7.660094987737182948e-03
7.800011971298813872e-03
8.267696095599411793e-03
8.923296694823314168e-03
9.745767429667167095e-03
1.130484462657997333e-02
-1.929458485366696563e-01
-2.048104941162604831e-01
-2.078370720714956543e-01
-2.149322728993352805e-01
-2.077675250445575883e-01
-2.069285458863312221e-01
-2.020070928160809520e-01
-2.014757169007307669e-01
-1.934985544843425553e-01
-1.727010889927030612e-01
-1.209582142604136434e-01
-6.622342126230540416e-02
-3.463965417769915983e-02
-2.216005748867761263e-02
-1.232829106005756299e-02
-7.574627434809142260e-03
-6.216467118997508721e-03
-6.780827623791193734e-03
2.963320570485650229e-02
3.051690808974588318e-02
3.366611967332383548e-02
3.477260054882929524e-02
3.318046812015271185e-02
3.448422831473370309e-02
2.097938775558776114e-02
2.304808042274669386e-02
2.091335873088133088e-04
-1.000248150377952561e-02
3.103667489032607349e-02
7.651603171182001610e-03
7.701196975582495427e-03
7.732624545604976571e-03
7.992712793861614373e-03
8.269881380356766676e-03
8.965277609983644119e-03
-2.087260733687530123e-01
-2.077638943174533182e-01
-2.064112703522371084e-01
-2.144370475628825934e-01
-1.902477409774213091e-01
-1.349755931142821996e-01
-6.447605327471765679e-02
-3.147738007860851478e-02
-1.648610248225878053e-02
-7.732208372677227583e-03
-4.958367552656960976e-03
-6.426197198190744878e-03
-6.173024243339110192e-03
3.212145404126112019e-02
3.421826018661484198e-02
3.554340250317576666e-02
3.656911660332064912e-02
3.774550966021007758e-02
3.706930194176964038e-02
4.260820551253558658e-02
4.161650366894138753e-02
4.331078544342632092e-02
5.744113447241485509e-02
4.531659784119618922e-02
3.052958533891912338e-02
7.694069644158820463e-03
7.683494894043674077e-03
7.647392011359501265e-03
7.659783733182584826e-03
7.985057733337269648e-03
-2.037894865056090465e-01
-2.057333963218223316e-01
-2.038701559859515400e-01
-1.784003355228865051e-01
-1.626598399756667146e-01
-8.285911881107323185e-02
-2.694049884963198999e-02
-1.104219117139659638e-02
-6.170825043167346875e-03
-3.812710786052105755e-03
-3.091093731324535705e-03
-5.175114922907514924e-03
3.610497224503130681e-02
3.737330331285765306e-02
3.730917490311659590e-02
3.801720859750217646e-02
3.924454333959737085e-02
4.008880277862423430e-02
4.247852415423215844e-02
4.551915673440930232e-02
4.866172253957990607e-02
5.367235901496209688e-02
6.921864789571763321e-02
8.266579298776312312e-02
7.114348955077083592e-02
7.660665495943690291e-03
7.643352275415193214e-03
7.668060050175899874e-03
-2.023392633904379234e-01
-2.020711270468761311e-01
-2.025010023476198628e-01
-8.902770841246955558e-02
-1.341319012414519118e-01
-3.451702914352608453e-02
-2.098923487183054076e-02
-1.042673325109055686e-02
-2.429664835607107595e-03
-1.730286545397672921e-03
-9.639192419127122317e-04
-2.979251054654049550e-03
-1.112264582412063416e-03
3.839066449971611367e-02
3.871134268643722925e-02
3.917479661445271572e-02
3.973907315244365468e-02
4.084537109529117610e-02
4.269193218982290233e-02
4.678518666848228286e-02
5.147485902681914888e-02
6.016491448381050544e-02
7.407105000585677279e-02
6.865310630103131639e-02
8.651601784740396706e-02
9.334530557742583279e-02
8.623472019651363951e-02
7.659744208939309011e-03
7.653655021683823667e-03
-2.016638176125427617e-01
2.995671543770834231e-04
-5.710040479338256147e-02
-9.089708740612417737e-02
9.108573355788206205e-03
-1.094704315726754626e-02
4.066210136186868213e-04
-4.297920170034669066e-04
3.976579116772923847e-03
1.323496897802309670e-03
1.571441415462105067e-03
1.020552980789908148e-03
3.909146390701775248e-02
3.943966464589210297e-02
4.003687622038682586e-02
4.030699800746220113e-02
4.053976798030520245e-02
4.163078796190084613e-02
4.331558147806845172e-02
4.481041103920867241e-02
4.582334322286584632e-02
4.964429711330518857e-02
5.296391320607379133e-02
5.700485856919481481e-02
4.103054615747372263e-02
3.544202055881567892e-02
2.021335103949972387e-02
9.561912102601646465e-03
6.766816983774747579e-03
7.873130937274309266e-03
6.677504911131927623e-03
4.196825048317629793e-03
3.951122732735747566e-03
3.437085699690436980e-03
3.026255562509217421e-03
6.059873421580264097e-02
1.561276310315819725e-02
-1.340679713122917838e-02
3.965197184693414201e-02
3.999690466629847452e-02
4.022115636214839557e-02
4.044247747898693790e-02
4.037146599501319905e-02
4.082526138891595657e-02
4.106320373031310117e-02
4.197857366782994232e-02
4.292122334134329531e-02
4.362395254090967178e-02
4.358923462941933363e-02
4.267959340994483680e-02
4.706963587841417329e-02
4.444939030395963359e-02
4.249268453725366795e-02
2.980322335741935127e-02
2.091721840310120650e-02
1.342742723497544928e-02
1.093848194355434740e-02
8.346354036725766798e-03
6.042119563978833562e-03
4.896235896391478055e-03
4.567520572173037509e-03
3.396334669802637818e-02
4.044003034762101711e-02
4.065037851701308602e-02
4.139268316694610927e-02
4.243693325825688423e-02
4.346258071100782272e-02
4.360772812596588194e-02
4.173343257182920291e-02
4.013656198469270353e-02
3.942264208148297394e-02
3.536219057907519225e-02
2.707113390258218330e-02
1.712206051946739763e-02
1.522940016936997001e-02
1.209573556648963280e-02
1.005469642919060505e-02
8.182300989290451632e-03
7.327133401360470463e-03
6.884725909455862575e-03
6.082856210510673330e-03
5.726951702371673933e-03
3.786270625828328656e-02
3.556529115919035422e-02
3.236672737368002234e-02
2.397012873665707242e-02
2.070255801779765856e-02
1.643451425015110198e-02
1.294362220908496820e-02
9.483070676094449217e-03
7.779369926420305441e-03
7.392364987196897372e-03
7.024959036882041583e-03
6.696195917782843919e-03
6.501206458225244032e-03
3.173066442241010560e-02
2.475094857032824475e-02
1.808697360507426771e-02
2.818629019091387772e-02
7.250909769708059269e-03
7.378980690662714781e-03
7.160053311865737652e-03
6.961132006235749847e-03
